opseq,index_size,memtable_size,sst_size,block_cache/block_cache_capacity,block_cache_pinned_usage
100,0,21288,0,0/8388608,0
200,0,37608,0,0/8388608,0
300,0,53968,0,0/8388608,0
400,0,70384,0,0/8388608,0
500,0,86824,0,0/8388608,0
600,0,103336,0,0/8388608,0
700,0,119784,0,0/8388608,0
800,0,136168,0,0/8388608,0
900,0,152552,0,0/8388608,0
1000,0,169112,0,0/8388608,0
1500,0,251016,0,0/8388608,0
2000,0,333272,0,0/8388608,0
2500,0,415320,0,0/8388608,0
3000,0,497544,0,0/8388608,0
3500,0,579832,0,0/8388608,0
4000,0,662008,0,0/8388608,0
4500,0,744344,0,0/8388608,0
5000,0,826536,0,0/8388608,0
6000,0,990872,0,0/8388608,0
7000,0,1154848,0,0/8388608,0
8000,0,1318968,0,0/8388608,0
9000,0,1483016,0,0/8388608,0
10000,0,1647528,0,0/8388608,0
15000,0,2468776,0,0/8388608,0
20000,0,3290392,0,0/8388608,0
25000,0,4111448,0,0/8388608,0
30000,0,4933912,0,0/8388608,0
35000,0,5755496,0,0/8388608,0
40000,0,6576896,0,0/8388608,0
45000,0,7397672,0,0/8388608,0
50000,0,8218744,0,0/8388608,0
60000,0,9865936,0,0/8388608,0
70000,0,11508216,0,0/8388608,0
80000,0,13149984,0,0/8388608,0
90000,0,14792960,0,0/8388608,0
100000,0,16434736,0,0/8388608,0
150000,0,24650856,0,0/8388608,0
200000,0,32868640,0,0/8388608,0
250000,0,41086296,0,0/8388608,0
300000,0,49303584,0,0/8388608,0
350000,0,57518960,0,0/8388608,0
400000,0,65741768,0,0/8388608,0
450000,0,73961856,0,0/8388608,0
500000,0,82181824,0,0/8388608,0
600000,0,98610384,0,0/8388608,0
700000,402040,50001768,42606695,0/8388608,0
800000,402040,66431160,42606695,0/8388608,0
900000,402040,82854640,42606695,0/8388608,0
1000000,402040,99280592,42606695,0/8388608,0
1100000,804192,50672592,85269429,0/8388608,0
1200000,804192,67101664,85269429,0/8388608,0
1300000,804192,83525688,85269429,0/8388608,0
1400000,804192,99954936,85269429,0/8388608,0
1500000,1206392,51367120,127913201,0/8388608,0
1600000,1206392,67797408,127913201,0/8388608,0
1700000,1206392,84225144,127913201,0/8388608,0
1800000,1206392,100649864,127913201,0/8388608,0
1900000,1608608,52065880,170581870,16320/8388608,16320
2000000,1608608,68494976,170581870,12240/8388608,12240
2100000,1608608,84920320,170581870,12240/8388608,12240
2200000,1608608,101344168,170581870,16320/8388608,16320
2300000,1608608,117768760,170581870,16320/8388608,16320
2400000,2010760,69181520,213229721,16320/8388608,16320
2500000,2010760,85608968,213229721,16320/8388608,16320
2600000,2010760,102037960,213229721,16320/8388608,16320
2700000,2412912,53453264,255901217,16320/8388608,16320
2800000,2412912,69883784,255901217,16320/8388608,16320
2900000,2412912,86308584,255901217,12240/8388608,12240
3000000,2412912,102736824,255901217,0/8388608,0
3100000,2762096,54150728,286719830,0/8388608,0
3200000,2762096,70575256,286719830,0/8388608,0
3300000,2762096,87000384,286719830,0/8388608,0
3400000,2762096,103427704,286719830,0/8388608,0
3500000,3164056,54842392,329366802,20384/8388608,20384
3600000,3164056,71269312,329366802,20384/8388608,20384
3700000,3164056,87694136,329366802,20384/8388608,20384
3800000,3164056,104121656,329366802,20384/8388608,20384
3900000,3164056,120551584,329366802,20384/8388608,20384
4000000,3566048,71965600,372018282,20384/8388608,20384
4100000,3566048,88390568,372018282,20384/8388608,20384
4200000,3566048,104816248,372018282,20384/8388608,20384
4300000,3566048,121241224,372018282,20384/8388608,20384
4400000,3968104,72654080,414673182,20384/8388608,20384
4500000,3968104,89079224,414673182,20384/8388608,20384
4600000,3968104,105504936,414673182,20384/8388608,20384
4700000,4370144,56915088,457330110,20384/8388608,20384
4800000,4370144,73342864,457330110,20384/8388608,20384
4900000,4370144,89768760,457330110,16320/8388608,16320
5000000,4370144,106196072,457330110,20384/8388608,20384
5100000,4772280,57611960,500000702,16320/8388608,16320
5200000,4772280,74042720,500000702,20384/8388608,20384
5300000,4772280,90465248,500000702,20384/8388608,20384
5400000,4772280,106891320,500000702,0/8388608,0
5500000,4974256,58303000,515324965,24480/8388608,24480
5600000,4974256,74732632,515324965,24480/8388608,24480
5700000,4974256,91158568,515324965,20416/8388608,20416
5800000,4974256,107589656,515324965,24480/8388608,24480
5900000,5376280,59000192,557981781,24480/8388608,24480
6000000,5376280,75425952,557981781,20400/8388608,20400
6100000,5376280,91855136,557981781,24464/8388608,24464
6200000,5376280,108282112,557981781,24464/8388608,24464
6300000,5778240,59696880,600624947,24464/8388608,24464
6400000,5778240,76128496,600624947,24464/8388608,24464
6500000,5778240,92553880,600624947,24464/8388608,24464
6600000,5778240,108980312,600624947,24464/8388608,24464
6700000,6180344,60390544,643286737,24464/8388608,24464
6800000,6180344,76821216,643286737,20400/8388608,24464
6900000,6180344,93244928,643286737,24464/8388608,24464
7000000,6582368,44658496,685947758,20400/8388608,24464
7100000,6582368,61085520,685947758,24464/8388608,24464
7200000,6582368,77508288,685947758,24464/8388608,24464
7300000,6582368,93932112,685947758,20400/8388608,20400
7400000,6984440,45342680,728605954,24464/8388608,24464
7500000,6984440,61768352,728605954,24448/8388608,24448
7600000,6984440,78195904,728605954,24464/8388608,20384
7700000,6984440,94623928,728605954,20400/8388608,20400
7800000,7386512,46038496,771255347,24464/8388608,24464
7900000,7386512,62464928,771255347,24464/8388608,24464
8000000,7386512,78888880,771255347,24464/8388608,24464
8100000,7386512,95320608,771255347,24464/8388608,24464
8200000,7788424,46731712,813898551,24464/8388608,24464
8300000,7788424,63156256,813898551,0/8388608,0
8400000,7348496,79582512,760306724,32624/8388608,32624
8500000,7348496,96008264,760306724,32640/8388608,32640
8600000,7750472,47423088,802951047,32640/8388608,32640
8700000,7750472,63853984,802951047,32640/8388608,32640
8800000,7750472,80279432,802951047,32608/8388608,32608
8900000,7750472,96706856,802951047,32624/8388608,32624
9000000,8152624,48116912,845611393,32624/8388608,32624
9100000,8152624,64543456,845611393,32624/8388608,32624
9200000,8152624,80972528,845611393,32624/8388608,32624
9300000,8152624,97401680,845611393,32624/8388608,32624
9400000,8554760,48815664,888273390,32624/8388608,32624
9500000,8554760,65240968,888273390,32624/8388608,32624
9600000,8554760,81664800,888273390,32624/8388608,32624
9700000,8554760,98092176,888273390,32624/8388608,32624
9800000,8956800,49498960,930938789,32624/8388608,32624
9900000,8956800,65924400,930938789,32624/8388608,32624
10000000,8956800,82349352,930938789,32624/8388608,32624
10100000,8956800,98779080,930938789,28560/8388608,32624
10200000,9358920,50186016,973597342,32624/8388608,32624
10300000,9358920,66613664,973597342,32624/8388608,32624
10400000,9358920,83040176,973597342,32624/8388608,32624
10500000,9358920,99465896,973597342,32624/8388608,32624
10600000,9760912,50879912,1016243531,32624/8388608,32624
10700000,9760912,67309856,1016243531,32624/8388608,32624
10800000,9760912,83740248,1016243531,32624/8388608,32624
10900000,9760912,100166072,1016243531,32624/8388608,32624
11000000,10162856,51575144,1058880803,32624/8388608,32624
11100000,10162856,68003520,1058880803,32624/8388608,32624
11200000,10162856,84427552,1058880803,32624/8388608,32624
11300000,10162856,100855408,1058880803,32624/8388608,32624
11400000,10564800,52269736,1101525105,32624/8388608,32624
11500000,10564800,68697744,1101525105,32624/8388608,32624
11600000,10564800,85122328,1101525105,28544/8388608,28544
11700000,10564800,101549720,1101525105,32624/8388608,32624
11800000,10564800,117978936,1101525105,28544/8388608,28544
11900000,10966744,69393808,1144173893,28560/8388608,28560
12000000,10966744,85821688,1144173893,32624/8388608,32624
12100000,10966744,102249960,1144173893,32624/8388608,32624
12200000,10966744,118678168,1144173893,32624/8388608,32624
12300000,11368848,70094824,1186834845,32624/8388608,32624
12400000,11368848,86520688,1186834845,32624/8388608,32624
12500000,11368848,102947840,1186834845,0/8388608,0
12600000,11368848,119373592,1186834845,0/8388608,0
12700000,10846296,70786696,1123132556,49024/8388608,49024
12800000,10846296,87208264,1123132556,49024/8388608,49024
12900000,10846296,103636712,1123132556,49024/8388608,49024
13000000,11248368,55048168,1165788194,49024/8388608,49024
13100000,11248368,71478232,1165788194,49008/8388608,49008
13200000,11248368,87904672,1165788194,49008/8388608,49008
13300000,11650344,39317656,1208451161,49008/8388608,49008
13400000,11650344,55740552,1208451161,49008/8388608,49008
13500000,11650344,72162888,1208451161,48976/8388608,48976
13600000,11650344,88589024,1208451161,44896/8388608,44896
13700000,11650344,105015704,1208451161,48976/8388608,48976
13800000,12052400,56428776,1251127872,48976/8388608,48976
13900000,12052400,72855928,1251127872,48944/8388608,48944
14000000,12052400,89286600,1251127872,48944/8388608,48944
14100000,12052400,105715256,1251127872,48944/8388608,48944
14200000,12454392,57128792,1293774359,48944/8388608,48944
14300000,12454392,73555832,1293774359,48944/8388608,48944
14400000,12454392,89982416,1293774359,44880/8388608,44880
14500000,12856528,41392496,1336446178,48944/8388608,48944
14600000,12856528,57817408,1336446178,48944/8388608,44880
14700000,12856528,74240768,1336446178,48944/8388608,48944
14800000,12856528,90669920,1336446178,48944/8388608,48944
14900000,12856528,107092752,1336446178,48944/8388608,48944
15000000,13258600,58502848,1379115043,48944/8388608,48944
15100000,13258600,74931440,1379115043,48944/8388608,48944
15200000,13258600,91358624,1379115043,48944/8388608,48944
15300000,13660752,42773568,1421791596,48944/8388608,48944
15400000,13660752,59200400,1421791596,44864/8388608,44864
15500000,13660752,75625200,1421791596,48944/8388608,44864
15600000,13660752,92051696,1421791596,48944/8388608,48944
