opseq,index_size,memtable_size,sst_size,block_cache/block_cache_capacity,block_cache_pinned_usage
100,0,215952,0,0/8388608,0
200,0,425696,0,0/8388608,0
300,0,635424,0,0/8388608,0
400,0,845120,0,0/8388608,0
500,0,1054856,0,0/8388608,0
600,0,1264528,0,0/8388608,0
700,0,1474192,0,0/8388608,0
800,0,1683904,0,0/8388608,0
900,0,1893600,0,0/8388608,0
1000,0,2103320,0,0/8388608,0
1500,0,3151792,0,0/8388608,0
2000,0,4200440,0,0/8388608,0
2500,0,5249104,0,0/8388608,0
3000,0,6297624,0,0/8388608,0
3500,0,7346224,0,0/8388608,0
4000,0,8400984,0,0/8388608,0
4500,0,9449544,0,0/8388608,0
5000,0,10498080,0,0/8388608,0
6000,0,12595208,0,0/8388608,0
7000,0,14692264,0,0/8388608,0
8000,0,16795800,0,0/8388608,0
9000,0,18892800,0,0/8388608,0
10000,0,20989832,0,0/8388608,0
15000,0,31479880,0,0/8388608,0
20000,0,41973880,0,0/8388608,0
25000,0,52463432,0,0/8388608,0
30000,0,62953816,0,0/8388608,0
35000,0,73449760,0,0/8388608,0
40000,0,83939344,0,0/8388608,0
45000,0,94429280,0,0/8388608,0
50000,0,104919216,0,0/8388608,0
60000,0,125903168,0,0/8388608,0
70000,440312,81830168,36237964,0/8388608,0
80000,440312,102803680,36237964,0/8388608,0
90000,440312,123775384,36237964,0/8388608,0
100000,880528,79702112,72459215,0/8388608,0
150000,1319960,119546568,108627108,0/8388608,0
200000,2200136,94381736,181086069,17024/8388608,17024
250000,3080088,69218472,253547652,17024/8388608,17024
300000,3519552,109064544,289733515,0/8388608,0
350000,4326120,83895880,355413766,21280/8388608,21280
400000,4766272,123740464,391646117,21280/8388608,21280
450000,5645984,98576496,464098567,21280/8388608,21280
500000,6525136,73405984,536490912,21280/8388608,21280
600000,7572176,88081992,621696302,34048/8388608,34048
700000,8891832,102764760,730364631,34048/8388608,34048
800000,10210288,117447032,838926801,34048/8388608,34048
900000,11077808,67108544,909002764,0/8388608,0
