opseq,index_size,memtable_size,sst_size,block_cache/block_cache_capacity,block_cache_pinned_usage
100,0,112448,0,0/8388608,0
200,0,219808,0,0/8388608,0
300,0,327080,0,0/8388608,0
400,0,434400,0,0/8388608,0
500,0,541728,0,0/8388608,0
600,0,649056,0,0/8388608,0
700,0,756352,0,0/8388608,0
800,0,863672,0,0/8388608,0
900,0,971008,0,0/8388608,0
1000,0,1078336,0,0/8388608,0
1500,0,1614848,0,0/8388608,0
2000,0,2151248,0,0/8388608,0
2500,0,2687616,0,0/8388608,0
3000,0,3224048,0,0/8388608,0
3500,0,3760656,0,0/8388608,0
4000,0,4297248,0,0/8388608,0
4500,0,4833728,0,0/8388608,0
5000,0,5370096,0,0/8388608,0
6000,0,6442992,0,0/8388608,0
7000,0,7516368,0,0/8388608,0
8000,0,8594216,0,0/8388608,0
9000,0,9667544,0,0/8388608,0
10000,0,10740408,0,0/8388608,0
15000,0,16106184,0,0/8388608,0
20000,0,21475544,0,0/8388608,0
25000,0,26845336,0,0/8388608,0
30000,0,32211288,0,0/8388608,0
35000,0,37582216,0,0/8388608,0
40000,0,42952800,0,0/8388608,0
45000,0,48317960,0,0/8388608,0
50000,0,53687976,0,0/8388608,0
60000,0,64423096,0,0/8388608,0
70000,0,75163960,0,0/8388608,0
80000,0,85898752,0,0/8388608,0
90000,0,96633616,0,0/8388608,0
100000,0,107373656,0,0/8388608,0
150000,153480,95991552,11119905,0/8388608,0
200000,306752,84602184,22222156,0/8388608,0
250000,459608,73245152,33301801,0/8388608,0
300000,459608,126902016,33301801,0/8388608,0
350000,613680,115544072,44460264,17152/8388608,17152
400000,353040,104185608,69944198,0/8388608,0
450000,506552,92827032,36605134,0/8388608,0
500000,659840,81471024,47707419,0/8388608,0
600000,812840,123770752,58799648,17152/8388608,17152
700000,526088,101055080,38012410,0/8388608,0
800000,832248,78338880,60207165,17152/8388608,17152
900000,985632,120637904,71319997,0/8388608,0
1000000,689888,97924248,49861638,0/8388608,0
1100000,995952,75211632,72040579,0/8388608,0
1200000,542952,117508848,39217900,0/8388608,0
1300000,849448,94791400,61426686,21440/8388608,21440
1400000,549176,72077232,39662115,0/8388608,0
1500000,702000,114380880,50739979,0/8388608,0
1600000,1008288,91669128,72942300,0/8388608,0
1700000,707536,68955648,51129465,0/8388608,0
1800000,861400,111257424,62279714,21440/8388608,17152
1900000,557048,88543496,40220515,0/8388608,0
2000000,862936,65829688,62384651,21440/8388608,21440
2100000,1016352,108125656,73506953,0/8388608,0
2200000,711776,85412752,51463736,0/8388608,0
2300000,864504,127717248,62538922,17168/8388608,21456
2400000,563944,105002032,40734205,0/8388608,0
2500000,871080,82289488,62986462,21440/8388608,21440
2600000,1024064,124591480,74068444,0/8388608,0
2700000,717840,101874712,51886668,0/8388608,0
2800000,1024192,79161256,74084342,0/8388608,0
2900000,566472,121461768,40920986,0/8388608,0
3000000,872232,98745256,63071722,17168/8388608,21456
3100000,569848,76029600,41166872,0/8388608,0
3200000,721936,118326776,52196280,0/8388608,0
3300000,1028000,95611832,74379459,0/8388608,0
3400000,724336,72898048,52348883,0/8388608,0
3500000,877544,115196136,63442325,21440/8388608,21440
3600000,572248,92482816,41342800,0/8388608,0
3700000,879288,69767136,63596648,17152/8388608,21456
3800000,1032528,112068760,74698966,0/8388608,0
3900000,725952,89357264,52464219,0/8388608,0
4000000,1032160,66643136,74666076,21440/8388608,21440
4100000,574712,108944624,41503351,0/8388608,0
4200000,881464,86229688,63726319,21440/8388608,21440
4300000,1034800,128528416,74829747,0/8388608,0
4400000,729488,105815544,52705170,0/8388608,0
4500000,1036048,83099800,74920469,0/8388608,0
4600000,577032,125400384,41667254,0/8388608,0
4700000,883288,102687408,63867516,17152/8388608,17152
4800000,579816,79973880,41868181,0/8388608,0
4900000,733232,122273144,52980372,0/8388608,0
5000000,1040304,99560088,75230614,0/8388608,0
5100000,733392,76842864,53001261,0/8388608,0
5200000,886552,119141600,64088627,17152/8388608,17152
5300000,581112,96426064,41954327,0/8388608,0
5400000,888200,73713568,64215000,21440/8388608,21440
5500000,1041664,116010984,75337600,0/8388608,0
5600000,735728,93298128,53169693,0/8388608,0
5700000,1042144,70581616,75377026,21440/8388608,21440
5800000,583416,112882440,42113429,0/8388608,0
5900000,889272,90170072,64268553,17152/8388608,17152
6000000,585528,67456064,42285626,0/8388608,0
6100000,739152,109757032,53422092,0/8388608,0
6200000,1045888,87041288,75643583,0/8388608,0
6300000,585112,129339872,42244292,0/8388608,0
6400000,892136,106625320,64496406,17152/8388608,17152
6500000,585080,83911512,42234514,0/8388608,0
6600000,738496,126213504,53347921,0/8388608,0
6700000,1045184,103501608,75576490,0/8388608,0
6800000,738592,80789088,53372263,0/8388608,0
6900000,891832,123090472,64471907,17152/8388608,17152
7000000,587096,100377688,42396299,0/8388608,0
7100000,894664,77666904,64692441,21440/8388608,21440
7200000,1047568,119965320,75782845,0/8388608,0
7300000,738880,97247568,53398896,0/8388608,0
7400000,1046080,74533784,75656750,21440/8388608,21440
7500000,588360,116834512,42470167,0/8388608,0
7600000,895800,94122672,64750808,17152/8388608,17152
7700000,588600,71406416,42501011,0/8388608,0
7800000,741792,113705520,53597894,0/8388608,0
7900000,1048576,90989808,75832243,0/8388608,0
8000000,742560,68276520,53662251,0/8388608,0
8100000,895416,110572888,64735849,21440/8388608,17152
8200000,589720,87858664,42570613,0/8388608,0
8300000,895992,65145392,64766118,21440/8388608,21440
8400000,1049280,107445504,75866345,0/8388608,0
8500000,743168,84731368,53687440,0/8388608,0
8600000,896696,127034536,64815954,17152/8388608,17152
8700000,590664,104321744,42657178,0/8388608,0
8800000,898568,81608120,64967066,21440/8388608,21440
8900000,1051808,123909504,76072520,0/8388608,0
9000000,744240,101194208,53759081,0/8388608,0
9100000,1051696,78478560,76038896,21440/8388608,21440
9200000,591912,120777104,42726457,0/8388608,0
9300000,898936,98061848,64977002,17152/8388608,17152
9400000,592024,75344736,42754553,0/8388608,0
9500000,745632,117643808,53888587,0/8388608,0
9600000,1052800,94928256,76156634,0/8388608,0
9700000,746544,72218280,53936318,0/8388608,0
9800000,899912,114516032,65049212,17152/8388608,17152
9900000,592696,91801728,42798299,0/8388608,0
10000000,899256,69085864,65014529,21440/8388608,21440
10100000,1052720,111383648,76134654,0/8388608,0
10200000,747152,88668568,53993169,0/8388608,0
10300000,1053568,65955600,76213795,17152/8388608,17152
10400000,594184,108254568,42908328,0/8388608,0
10500000,900792,85540072,65130303,21440/8388608,17152
10600000,1053760,127836312,76218032,0/8388608,0
10700000,747824,105121064,54031809,0/8388608,0
10800000,1053040,82405392,76141767,21440/8388608,21440
10900000,593656,124709064,42854222,0/8388608,0
11000000,899768,101994696,65036971,17168/8388608,21456
11100000,595416,79279936,42997421,0/8388608,0
11200000,749008,121579016,54133040,0/8388608,0
11300000,1055664,98866568,76365741,0/8388608,0
11400000,748336,76151008,54056474,0/8388608,0
11500000,901560,118451192,65154340,21440/8388608,17152
11600000,597320,95736368,43106768,0/8388608,0
11700000,903592,73024176,65294076,17152/8388608,17152
11800000,1056432,115323048,76371857,0/8388608,0
11900000,749344,92608272,54160093,0/8388608,0
12000000,1054624,69893472,76290061,21456/8388608,21456
12100000,596856,112191896,43097418,0/8388608,0
12200000,903448,89475560,65318148,21440/8388608,21440
12300000,598776,66761728,43219704,0/8388608,0
12400000,752896,109059032,54384942,0/8388608,0
12500000,1059744,86342312,76618778,0/8388608,0
12600000,598168,128640064,43184302,0/8388608,0
12700000,905160,105927240,65434794,17152/8388608,17152
12800000,599640,83213784,43316132,0/8388608,0
12900000,752640,125511768,54406360,0/8388608,0
13000000,1059296,102796048,76627109,0/8388608,0
13100000,752432,80081304,54351184,0/8388608,0
13200000,905720,122381504,65451867,17152/8388608,17152
13300000,598648,99666728,43220201,0/8388608,0
13400000,904056,76950880,65351411,21440/8388608,21440
13500000,1057648,119250152,76488036,0/8388608,0
13600000,752880,96534792,54404094,0/8388608,0
13700000,1059440,73821744,76613911,21456/8388608,17152
13800000,600200,116121368,43321643,0/8388608,0
13900000,906552,93408808,65519533,17152/8388608,17152
14000000,600152,70695992,43330905,0/8388608,0
14100000,753360,112998224,54426052,0/8388608,0
14200000,1058624,90282720,76540680,0/8388608,0
14300000,753840,67568384,54456494,0/8388608,0
14400000,906808,109868304,65545914,21440/8388608,21440
14500000,601000,87154496,43372460,0/8388608,0
14600000,754640,129453568,54507208,0/8388608,0
14700000,1061504,106740784,76736365,0/8388608,0
14800000,755040,84024360,54551338,0/8388608,0
14900000,908296,126325680,65652915,17152/8388608,17152
15000000,601800,103613784,43460046,0/8388608,0
15100000,908472,80898384,65689013,21440/8388608,21440
15200000,1061952,123197728,76816783,0/8388608,0
15300000,755504,100486880,54598360,0/8388608,0
15400000,1061904,77772496,76801665,21456/8388608,21456
15500000,602552,120071160,43491882,0/8388608,0
15600000,909144,97352800,65701185,21440/8388608,21440
15700000,602200,74637424,43471370,0/8388608,0
15800000,755456,116936240,54572142,0/8388608,0
15900000,1062256,94222576,76809550,0/8388608,0
16000000,756288,71506760,54661419,0/8388608,0
16100000,909544,113809248,65762349,21472/8388608,21472
16200000,603864,91095744,43586254,0/8388608,0
16300000,910360,68380224,65786877,21456/8388608,21456
16400000,1063808,110682960,76904278,0/8388608,0
16500000,758224,87967016,54783514,0/8388608,0
16600000,1064288,65252024,76958932,21440/8388608,21440
16700000,604136,107551456,43610338,0/8388608,0
16800000,911416,84837400,65878829,21440/8388608,21440
16900000,1064592,127134600,76980343,0/8388608,0
17000000,757072,104417656,54711541,0/8388608,0
17100000,1064000,81705200,76958160,17152/8388608,21456
17200000,605592,124005568,43714914,0/8388608,0
17300000,912536,101293136,65977460,21440/8388608,21440
17400000,604232,78576256,43648664,0/8388608,0
17500000,757616,120874808,54771210,0/8388608,0
17600000,1063520,98159104,76964676,0/8388608,0
17700000,757600,75442232,54761687,0/8388608,0
17800000,911032,117743768,65886881,17152/8388608,17152
17900000,605528,95031248,43714379,0/8388608,0
18000000,912344,72318320,65962764,21440/8388608,21440
18100000,1065536,114617096,77066595,0/8388608,0
18200000,758400,91903880,54812515,0/8388608,0
18300000,1064432,69188640,77007604,21440/8388608,21440
18400000,605512,111489272,43730320,0/8388608,0
18500000,911864,88775832,65951576,21440/8388608,21440
18600000,606248,66059408,43759044,0/8388608,0
18700000,759456,108358640,54864871,0/8388608,0
18800000,1066640,85644280,77134044,21440/8388608,21440
18900000,605192,127946128,43691651,0/8388608,0
19000000,911592,105234440,65909392,21440/8388608,21440
19100000,605576,82518568,43722616,0/8388608,0
19200000,759152,124818288,54859331,0/8388608,0
19300000,1065136,102102016,77055852,0/8388608,0
19400000,759968,79387856,54910237,0/8388608,0
19500000,913000,121686144,66009669,21440/8388608,21440
19600000,607032,98972296,43816720,0/8388608,0
19700000,913624,76258368,66041935,21456/8388608,21456
19800000,1066352,118558424,77117272,0/8388608,0
19900000,759504,95845512,54898481,0/8388608,0
20000000,1066432,73130600,77165571,21440/8388608,17152
20100000,607208,115427040,43855313,0/8388608,0
20200000,914056,92714864,66094655,17152/8388608,21440
20300000,607768,70002584,43888578,0/8388608,0
20400000,761504,112304048,55038698,0/8388608,0
20500000,1067888,89585032,77257336,17152/8388608,17152
20600000,760528,66868864,54955848,0/8388608,0
20700000,913832,109167248,66073787,17168/8388608,17168
20800000,607144,86454240,43842894,0/8388608,0
20900000,760448,128754760,54958782,0/8388608,0
21000000,1065216,106039456,77055590,0/8388608,0
21100000,761200,83323832,55004679,0/8388608,0
21200000,915304,125621840,66171080,17168/8388608,17168
21300000,608200,102906392,43913788,0/8388608,0
21400000,914040,80192512,66090794,21440/8388608,21440
21500000,1067344,122492952,77203771,0/8388608,0
21600000,761072,99780808,55010308,0/8388608,0
21700000,1067328,77070232,77231702,21456/8388608,21456
21800000,608216,119368280,43917331,0/8388608,0
21900000,915096,96652784,66165086,17152/8388608,17152
22000000,610376,73939336,44076447,0/8388608,0
22100000,764176,116238528,55233922,0/8388608,0
22200000,1071104,93526576,77493935,12992/8388608,8704
22300000,763104,70811552,55152748,0/8388608,0
22400000,916072,113109616,66254660,17152/8388608,17152
22500000,610152,90393168,44050714,0/8388608,0
22600000,916584,67678800,66272913,21456/8388608,21456
22700000,1070128,109980096,77400211,0/8388608,0
22800000,762560,87264600,55100433,0/8388608,0
22900000,915016,129565792,66149031,17168/8388608,17168
23000000,609480,106851736,43998982,0/8388608,0
23100000,917448,84137880,66328820,17152/8388608,21456
23200000,1070720,126438248,77442261,0/8388608,0
23300000,762848,103722536,55131363,0/8388608,0
23400000,1069744,81008904,77383303,21440/8388608,21440
23500000,609944,123306552,44020611,0/8388608,0
23600000,916824,100593192,66266333,21440/8388608,17152
23700000,610840,77879528,44088183,0/8388608,0
23800000,763824,120179928,55184238,0/8388608,0
23900000,1070496,97467912,77428578,0/8388608,0
24000000,763264,74757480,55169675,0/8388608,0
24100000,916216,117057248,66265385,21440/8388608,21440
24200000,610328,94343280,44060581,0/8388608,0
24300000,917000,71629528,66292110,21440/8388608,21440
24400000,1070192,113930272,77398227,0/8388608,0
24500000,764464,91215904,55233626,0/8388608,0
24600000,1070960,68500832,77469798,21456/8388608,21456
24700000,610328,110801856,44067481,0/8388608,0
24800000,918536,88088528,66415569,21440/8388608,17152
24900000,611544,65374440,44161845,0/8388608,0
25000000,765760,107674160,55339119,0/8388608,0
25100000,1072960,84956504,77604081,21440/8388608,21440
25200000,612376,127253808,44206663,0/8388608,0
25300000,919096,104535400,66452794,21440/8388608,21440
25400000,612632,81818664,44232105,0/8388608,0
25500000,766864,124115920,55420371,0/8388608,0
25600000,1072464,101400320,77594506,0/8388608,0
25700000,765216,78683384,55305541,0/8388608,0
25800000,918728,120984536,66432366,21456/8388608,21456
25900000,612744,98271928,44242859,0/8388608,0
26000000,918120,75556328,66381333,21440/8388608,21440
26100000,1071536,117857432,77508107,0/8388608,0
26200000,765936,95144208,55346882,0/8388608,0
26300000,1072592,72427696,77594122,21472/8388608,21472
26400000,612232,114731056,44210888,0/8388608,0
26500000,918552,92021440,66421885,21440/8388608,21440
26600000,612760,69306784,44230360,0/8388608,0
26700000,765664,111603256,55318295,0/8388608,0
26800000,1072256,88887320,77544664,21456/8388608,21456
26900000,765056,66171944,55288308,0/8388608,0
27000000,918888,108469472,66442915,21456/8388608,21456
27100000,612952,85753248,44252963,0/8388608,0
27200000,765920,128051608,55348248,0/8388608,0
27300000,1073120,105339272,77616200,0/8388608,0
27400000,766304,82627320,55360236,0/8388608,0
27500000,919720,124928272,66481504,21440/8388608,21440
27600000,613480,102213408,44305427,0/8388608,0
27700000,920184,79498720,66556845,21440/8388608,21440
27800000,1074032,121797656,77712906,0/8388608,0
27900000,766208,99082312,55387614,0/8388608,0
28000000,1072608,76366960,77617542,21440/8388608,21440
28100000,613464,118665528,44298249,0/8388608,0
28200000,919912,95951600,66518178,21456/8388608,21456
28300000,613592,73235760,44300608,0/8388608,0
28400000,766544,115534744,55391854,0/8388608,0
28500000,1073088,92819984,77614030,0/8388608,0
28600000,766368,70105608,55368882,0/8388608,0
28700000,919352,112404040,66462018,21440/8388608,17152
28800000,613352,89689232,44290015,0/8388608,0
28900000,920680,66973728,66577150,21440/8388608,21440
29000000,1074224,109271296,77713634,0/8388608,0
29100000,767184,86557352,55441858,0/8388608,0
29200000,920120,128857752,66537174,21456/8388608,17168
29300000,615160,106143112,44417160,0/8388608,0
29400000,920520,83429592,66562781,17152/8388608,21440
29500000,1073456,125730592,77657062,0/8388608,0
29600000,766928,103015976,55441604,0/8388608,0
29700000,1072544,80301824,77606558,21456/8388608,21456
29800000,614584,122599496,44379147,0/8388608,0
29900000,920744,99886824,66569015,21440/8388608,21440
30000000,613864,77171664,44320922,0/8388608,0
30100000,767712,119470520,55482744,0/8388608,0
30200000,1073872,96756224,77687153,0/8388608,0
30300000,769280,74042624,55599335,0/8388608,0
30400000,922280,116343912,66705884,17152/8388608,17152
30500000,613448,93630608,44293121,0/8388608,0
30600000,920776,70915864,66579087,17152/8388608,17152
30700000,1073936,113211384,77676442,0/8388608,0
30800000,768416,90496320,55533622,0/8388608,0
30900000,1075568,67780688,77808494,20400/8388608,20400
31000000,615400,110080848,44442797,0/8388608,0
31100000,922312,87365320,66701027,17152/8388608,17152
31200000,1075696,129663056,77827712,0/8388608,0
31300000,768656,106951128,55574323,0/8388608,0
31400000,1075328,84235856,77807748,21440/8388608,17152
31500000,616168,126535136,44472562,0/8388608,0
31600000,922408,103823184,66680763,21440/8388608,21440
31700000,614360,81108984,44351462,0/8388608,0
31800000,767600,123407192,55462510,0/8388608,0
31900000,1073792,100690184,77671652,0/8388608,0
32000000,768320,77977664,55537063,0/8388608,0
32100000,921112,120274600,66621900,21440/8388608,21440
32200000,614968,97557920,44411594,0/8388608,0
32300000,920856,74842000,66598813,21456/8388608,21456
32400000,1074656,117141688,77753239,0/8388608,0
32500000,770896,94424176,55717157,0/8388608,0
32600000,1078112,71709536,77992927,21456/8388608,21456
32700000,616936,114009840,44544213,0/8388608,0
32800000,923688,91295296,66793875,21440/8388608,21440
32900000,616936,68580864,44545285,0/8388608,0
33000000,770128,110881968,55645536,0/8388608,0
33100000,1075904,88166184,77822427,21440/8388608,21440
33200000,769712,65453296,55628069,0/8388608,0
33300000,922712,107750856,66725357,17152/8388608,21456
33400000,616488,85034264,44516838,0/8388608,0
33500000,769728,127335816,55628233,0/8388608,0
33600000,1075984,104621672,77842882,0/8388608,0
33700000,770144,81908920,55672159,0/8388608,0
33800000,922808,124208296,66742344,21440/8388608,21440
33900000,616680,101494448,44532557,0/8388608,0
34000000,923080,78782256,66751124,21456/8388608,21456
34100000,1075504,121080976,77796813,0/8388608,0
34200000,770816,98366928,55697484,0/8388608,0
34300000,1076496,75653552,77869505,21456/8388608,21456
34400000,616216,117955280,44496135,0/8388608,0
34500000,922904,95239696,66750620,21440/8388608,21440
34600000,616792,72525744,44513767,0/8388608,0
34700000,770144,114825360,55630964,0/8388608,0
34800000,1075856,92109984,77799223,16112/8388608,16112
34900000,770512,69395984,55665977,0/8388608,0
35000000,924760,111694728,66848396,17152/8388608,17152
35100000,617496,88981320,44582981,0/8388608,0
35200000,923752,66266152,66789015,21440/8388608,17152
35300000,1077296,108564728,77925187,0/8388608,0
35400000,771312,85850464,55720805,0/8388608,0
35500000,924760,128150432,66843720,17152/8388608,17152
35600000,617352,105436264,44565391,0/8388608,0
35700000,923528,82724696,66766221,21440/8388608,17152
35800000,1076944,125024272,77896742,0/8388608,0
35900000,771904,102312464,55800670,0/8388608,0
36000000,1077904,79596496,77991289,21440/8388608,21440
36100000,617720,121897912,44607529,0/8388608,0
36200000,924888,99181848,66880496,21456/8388608,21456
36300000,619256,76465040,44704085,0/8388608,0
36400000,772464,118765352,55810605,0/8388608,0
36500000,1078448,96049480,77996495,8576/8388608,8576
36600000,771248,73337576,55730881,0/8388608,0
36700000,925560,115639704,66921087,17152/8388608,21440
36800000,617608,92922984,44606573,0/8388608,0
36900000,923480,70211984,66792712,21440/8388608,21440
37000000,1076736,112513048,77901964,0/8388608,0
37100000,772448,89795000,55817661,0/8388608,0
37200000,1079040,67084336,78056675,21440/8388608,21440
37300000,618616,109382848,44672128,0/8388608,0
37400000,925064,86669304,66881719,17152/8388608,17152
37500000,1078256,128968944,77988929,0/8388608,0
37600000,772064,106253120,55800027,0/8388608,0
37700000,1077952,83540648,77978420,21456/8388608,21456
37800000,619720,125840112,44744941,0/8388608,0
37900000,927320,103128264,67039448,21440/8388608,21440
38000000,619384,80414000,44718813,0/8388608,0
38100000,772032,122713776,55783126,0/8388608,0
38200000,1078192,99999864,77989893,0/8388608,0
38300000,771392,77287608,55769940,0/8388608,0
38400000,924632,119585232,66882922,17152/8388608,21440
38500000,618920,96873616,44684383,0/8388608,0
38600000,925528,74159632,66905359,21456/8388608,21456
38700000,1079072,116458784,78041478,0/8388608,0
38800000,774128,93744104,55934851,0/8388608,0
38900000,1079504,71029376,78078295,17168/8388608,21456
39000000,619176,113326224,44702898,0/8388608,0
