opseq,index_size,memtable_size,sst_size,block_cache/block_cache_capacity,block_cache_pinned_usage
100,0,117168,0,0/8388608,0
200,0,229288,0,0/8388608,0
300,0,341360,0,0/8388608,0
400,0,453440,0,0/8388608,0
500,0,565536,0,0/8388608,0
600,0,677552,0,0/8388608,0
700,0,789696,0,0/8388608,0
800,0,901808,0,0/8388608,0
900,0,1013904,0,0/8388608,0
1000,0,1125984,0,0/8388608,0
1500,0,1686496,0,0/8388608,0
2000,0,2247024,0,0/8388608,0
2500,0,2807568,0,0/8388608,0
3000,0,3368256,0,0/8388608,0
3500,0,3928752,0,0/8388608,0
4000,0,4489088,0,0/8388608,0
4500,0,5049488,0,0/8388608,0
5000,0,5610128,0,0/8388608,0
6000,0,6731112,0,0/8388608,0
7000,0,7851888,0,0/8388608,0
8000,0,8977352,0,0/8388608,0
9000,0,10098296,0,0/8388608,0
10000,0,11219176,0,0/8388608,0
15000,0,16829672,0,0/8388608,0
20000,0,22434920,0,0/8388608,0
25000,0,28045600,0,0/8388608,0
30000,0,33655400,0,0/8388608,0
35000,0,39260696,0,0/8388608,0
40000,0,44870776,0,0/8388608,0
45000,0,50481176,0,0/8388608,0
50000,0,56086696,0,0/8388608,0
60000,0,67307400,0,0/8388608,0
70000,0,78522416,0,0/8388608,0
80000,0,89737168,0,0/8388608,0
90000,0,100957360,0,0/8388608,0
100000,0,112173296,0,0/8388608,0
150000,411736,103193048,35049660,0/8388608,0
200000,823568,94200936,70120491,0/8388608,0
250000,1235208,85244784,105176001,0/8388608,0
300000,1646768,76288384,140238726,17920/8388608,17920
350000,2058264,67329792,175310800,17920/8388608,17920
400000,2058264,123386872,175310800,17920/8388608,17920
450000,2469504,114429568,210350261,17920/8388608,17920
500000,2881224,105474192,245419156,17920/8388608,17920
600000,3639768,87556896,308532501,22400/8388608,22400
700000,4463032,69644656,378624435,22400/8388608,22400
800000,4875136,116743624,413736595,22400/8388608,22400
900000,5698800,98828984,483925164,22400/8388608,22400
1000000,6283312,80913104,532251938,35840/8388608,35840
1100000,6694952,128014560,567307257,35840/8388608,35840
1200000,7518536,110099712,637434147,31360/8388608,31360
1300000,8342168,92185272,707604877,35840/8388608,35840
1400000,9165496,74272176,777764781,35840/8388608,31360
1500000,9577168,121371152,812835489,35840/8388608,35840
1600000,10400496,103459192,882924945,35840/8388608,31360
1700000,10434160,85544128,883573756,58240/8388608,53760
1800000,11257712,67632912,953742158,53760/8388608,53760
1900000,11669832,114734400,988854214,58240/8388608,58240
