opseq,index_size,memtable_size,sst_size,block_cache/block_cache_capacity,block_cache_pinned_usage
100,0,111080,0,0/8388608,0
200,0,217096,0,0/8388608,0
300,0,323072,0,0/8388608,0
400,0,429096,0,0/8388608,0
500,0,535064,0,0/8388608,0
600,0,641160,0,0/8388608,0
700,0,747120,0,0/8388608,0
800,0,853240,0,0/8388608,0
900,0,959272,0,0/8388608,0
1000,0,1065256,0,0/8388608,0
1500,0,1595320,0,0/8388608,0
2000,0,2125688,0,0/8388608,0
2500,0,2655864,0,0/8388608,0
3000,0,3186008,0,0/8388608,0
3500,0,3716304,0,0/8388608,0
4000,0,4246552,0,0/8388608,0
4500,0,4776360,0,0/8388608,0
5000,0,5306552,0,0/8388608,0
6000,0,6366712,0,0/8388608,0
7000,0,7426680,0,0/8388608,0
8000,0,8491240,0,0/8388608,0
9000,0,9551232,0,0/8388608,0
10000,0,10611440,0,0/8388608,0
15000,0,15914640,0,0/8388608,0
20000,0,21219944,0,0/8388608,0
25000,0,26525616,0,0/8388608,0
30000,0,31826656,0,0/8388608,0
35000,0,37133264,0,0/8388608,0
40000,0,42438240,0,0/8388608,0
45000,0,47740200,0,0/8388608,0
50000,0,53047664,0,0/8388608,0
60000,0,63655328,0,0/8388608,0
70000,0,74267160,0,0/8388608,0
80000,0,84874136,0,0/8388608,0
90000,0,95481288,0,0/8388608,0
100000,0,106088792,0,0/8388608,0
150000,435112,94070552,36783582,0/8388608,0
200000,870288,82040056,73604551,0/8388608,0
250000,1305032,70041952,110394644,0/8388608,0
300000,1305032,123060216,110394644,0/8388608,0
350000,1740096,111064872,147218023,17024/8388608,17024
400000,2175080,99070816,184044536,17024/8388608,17024
450000,2610048,87072696,220870770,17024/8388608,17024
500000,3045352,75078080,257721875,17024/8388608,17024
600000,3406696,116099568,434386782,21280/8388608,21280
700000,4276792,92106544,360796445,21280/8388608,21280
800000,5147496,68110952,434493760,21280/8388608,21280
900000,5582256,109127464,471294939,21280/8388608,21280
1000000,6185240,85134560,520974158,29808/8388608,29808
1100000,6620384,126157576,557787536,29808/8388608,29808
1200000,7490560,102164640,631435548,29792/8388608,29792
1300000,8360832,78173584,705092332,29792/8388608,29792
1400000,8795848,119192600,741921204,25536/8388608,29792
1500000,9666232,95200624,815620929,29792/8388608,29792
1600000,10536280,71209936,889274327,29792/8388608,29792
1700000,10971408,112232912,926109133,29792/8388608,29792
1800000,11118840,88240592,936998959,59584/8388608,59584
1900000,11554112,129261552,973834569,59584/8388608,59584
