index_size,memtable_size,sst_size,block_cache/block_cache_capacity,block_cache_pinned_usage
0,19392,0,0/8388608,0
0,33936,0,0/8388608,0
0,48416,0,0/8388608,0
0,62928,0,0/8388608,0
0,77432,0,0/8388608,0
0,91968,0,0/8388608,0
0,106464,0,0/8388608,0
0,120904,0,0/8388608,0
0,135344,0,0/8388608,0
0,149784,0,0/8388608,0
0,222336,0,0/8388608,0
0,294864,0,0/8388608,0
0,367568,0,0/8388608,0
0,439920,0,0/8388608,0
0,512496,0,0/8388608,0
0,585168,0,0/8388608,0
0,657664,0,0/8388608,0
0,730192,0,0/8388608,0
0,875496,0,0/8388608,0
0,1020720,0,0/8388608,0
0,1165664,0,0/8388608,0
0,1310752,0,0/8388608,0
0,1455712,0,0/8388608,0
0,2180808,0,0/8388608,0
0,2905880,0,0/8388608,0
0,3631128,0,0/8388608,0
0,4355896,0,0/8388608,0
0,5081280,0,0/8388608,0
0,5806320,0,0/8388608,0
0,6531176,0,0/8388608,0
0,7256736,0,0/8388608,0
0,8711880,0,0/8388608,0
0,10162232,0,0/8388608,0
0,11612856,0,0/8388608,0
0,13063640,0,0/8388608,0
0,14514400,0,0/8388608,0
0,21772216,0,0/8388608,0
0,29029800,0,0/8388608,0
0,36285752,0,0/8388608,0
0,43542888,0,0/8388608,0
0,50801576,0,0/8388608,0
0,58056040,0,0/8388608,0
0,65318624,0,0/8388608,0
0,72572464,0,0/8388608,0
0,87086456,0,0/8388608,0
381800,36551352,31075102,0/8388608,0
381800,51057808,31075102,0/8388608,0
381800,65565456,31075102,0/8388608,0
381800,80072416,31075102,0/8388608,0
763536,29551480,62177579,0/8388608,0
763536,44058272,62177579,0/8388608,0
763536,58565408,62177579,0/8388608,0
763536,73073136,62177579,0/8388608,0
763536,87577480,62177579,0/8388608,0
1145304,37070064,93283470,0/8388608,0
1145304,51575008,93283470,0/8388608,0
1145304,66078016,93283470,0/8388608,0
1145304,80586144,93283470,0/8388608,0
1527152,30079392,124392985,12336/8388608,12336
1527152,44586472,124392985,16464/8388608,16464
1527152,59093176,124392985,16480/8388608,16480
1527152,73600336,124392985,12336/8388608,12336
1527152,88107016,124392985,16464/8388608,16464
1908968,37599712,155497179,16448/8388608,16448
1908968,52104592,155497179,12336/8388608,16448
1908968,66612808,155497179,0/8388608,0
1925240,81120688,271422115,0/8388608,0
2307040,30610440,178128126,0/8388608,0
2307040,45116072,178128126,0/8388608,0
2307040,59622568,178128126,0/8388608,0
2307040,74131376,178128126,0/8388608,0
2307040,88637688,178128126,0/8388608,0
2688824,38129952,209226719,0/8388608,0
2688824,52637616,209226719,0/8388608,0
2688824,67142928,209226719,0/8388608,0
2688824,81648592,209226719,0/8388608,0
3070688,31140272,240329871,20560/8388608,20560
3070688,45646344,240329871,20560/8388608,20560
3070688,60153936,240329871,20576/8388608,20576
3070688,74663000,240329871,20560/8388608,20560
3070688,89169224,240329871,20576/8388608,20576
3452488,38661952,271436587,20576/8388608,20576
3452488,53166976,271436587,20560/8388608,20560
3452488,67674240,271436587,20560/8388608,20560
3452488,82179944,271436587,20560/8388608,20560
3834368,31672112,302549543,20560/8388608,20560
3834368,46178952,302549543,20560/8388608,20560
3834368,60685336,302549543,20560/8388608,16448
3834368,75193368,302549543,20560/8388608,20560
3834368,89701184,302549543,20560/8388608,20560
4216168,39194200,333654324,20560/8388608,20560
4241704,53698272,323585849,0/8388608,0
4241704,68205968,323585849,0/8388608,0
4241704,82713368,323585849,0/8388608,0
4623440,32205320,354683745,16464/8388608,20560
4623440,46712024,354683745,20576/8388608,20576
4623440,61218144,354683745,20560/8388608,20560
4623440,75725864,354683745,20592/8388608,16480
4623440,90232712,354683745,20608/8388608,20608
5005320,39724544,385779768,16432/8388608,16432
5005320,54233616,385779768,20576/8388608,20576
5005320,68739936,385779768,20544/8388608,20544
5005320,83244840,385779768,20544/8388608,20544
5387168,32734848,416881946,20560/8388608,20560
5387168,47243656,416881946,16480/8388608,16480
5387168,61748760,416881946,20592/8388608,20592
5387168,76254512,416881946,20592/8388608,20592
5387168,90760032,416881946,20544/8388608,20544
5769096,40251520,447980903,20560/8388608,20560
5769096,54758544,447980903,16464/8388608,20560
5769096,69264624,447980903,20544/8388608,20544
