opseq,index_size,memtable_size,sst_size,block_cache/block_cache_capacity,block_cache_pinned_usage
100,0,214304,0,0/8388608,0
200,0,422368,0,0/8388608,0
300,0,630448,0,0/8388608,0
400,0,838528,0,0/8388608,0
500,0,1046608,0,0/8388608,0
600,0,1254672,0,0/8388608,0
700,0,1462792,0,0/8388608,0
800,0,1670960,0,0/8388608,0
900,0,1879104,0,0/8388608,0
1000,0,2087216,0,0/8388608,0
1500,0,3127920,0,0/8388608,0
2000,0,4168400,0,0/8388608,0
2500,0,5209008,0,0/8388608,0
3000,0,6249552,0,0/8388608,0
3500,0,7290096,0,0/8388608,0
4000,0,8330624,0,0/8388608,0
4500,0,9377000,0,0/8388608,0
5000,0,10417448,0,0/8388608,0
6000,0,12498504,0,0/8388608,0
7000,0,14579384,0,0/8388608,0
8000,0,16660248,0,0/8388608,0
9000,0,18745488,0,0/8388608,0
10000,0,20826472,0,0/8388608,0
15000,0,31238408,0,0/8388608,0
20000,0,41648712,0,0/8388608,0
25000,0,52064648,0,0/8388608,0
30000,0,62476128,0,0/8388608,0
35000,0,72888168,0,0/8388608,0
40000,0,83305392,0,0/8388608,0
45000,0,93716560,0,0/8388608,0
50000,0,104127808,0,0/8388608,0
60000,0,124954616,0,0/8388608,0
70000,437960,80721104,20960528,0/8388608,0
80000,437960,101534856,20960528,0/8388608,0
90000,437960,122347016,20960528,0/8388608,0
100000,875904,78113592,41919715,0/8388608,0
150000,1313768,117164032,62889024,0/8388608,0
200000,2189544,91199136,104840354,16896/8388608,16896
250000,3065352,65242288,146792045,16896/8388608,16896
300000,3516352,104295560,167379552,21120/8388608,21120
350000,4392176,78340624,209336584,16896/8388608,16896
400000,4830056,117397216,230312854,21120/8388608,21120
450000,5705800,91440304,272264811,16896/8388608,16896
500000,6581592,65486416,314213979,0/8388608,0
600000,7928376,78579936,376422930,33792/8388608,33792
700000,9242032,91673360,439335329,29568/8388608,33792
800000,10555752,104763480,502264262,33792/8388608,33792
900000,11869696,117854616,565199219,33792/8388608,33792
1000000,13684232,65935528,647150872,63392/8388608,63392
1100000,14998160,79033456,710095519,63360/8388608,59136
1200000,16409896,92118672,766893894,38064/8388608,38064
1300000,17723808,105214640,829828330,38048/8388608,38048
1400000,19037512,118317112,892748347,38032/8388608,38032
1500000,20789000,66399672,976639412,38016/8388608,38016
1600000,22129448,79501856,1036221143,0/8388608,0
1700000,23442928,92602080,1099157169,59168/8388608,54944
1800000,24756712,105693392,1162085483,54912/8388608,54912
1900000,26078936,118789408,1217119036,0/8388608,0
2000000,27830648,66863080,1301015106,42256/8388608,42256
2100000,29144384,79961536,1363933772,38032/8388608,38032
2200000,30458056,93059616,1426861490,42256/8388608,42256
2300000,31780376,106149848,1485340037,55056/8388608,55056
2400000,33094256,119253240,1548270427,55024/8388608,50800
2500000,34845984,67336064,1632179326,54992/8388608,54992
2600000,36154904,80427248,1687054321,42256/8388608,42256
2700000,37468496,93515296,1749971895,42240/8388608,46464
2800000,38782216,106615672,1812901018,46464/8388608,46464
2900000,40540256,54704432,1891089861,0/8388608,0
3000000,41853736,67799824,1954018882,50704/8388608,50704
3100000,43167440,80896048,2016942188,50688/8388608,46464
3200000,44918928,28982184,2100844342,50688/8388608,50688
3300000,45795264,107098616,2135723170,8464/8388608,8464
3400000,47109272,120196336,2198658784,8464/8388608,8464
3500000,48801096,68279024,2278798058,80288/8388608,80288
3600000,50122768,81374960,2330638420,8464/8388608,4240
3700000,51436424,94479040,2393557863,8464/8388608,8464
3800000,52715824,107574904,2454268270,8480/8388608,8480
3900000,54029720,120672904,2517202369,8480/8388608,8480
4000000,55727896,68767632,2597924076,71808/8388608,71808
4100000,57479528,16852216,2681818299,71808/8388608,71808
4200000,58307088,94963424,2711023079,8480/8388608,8480
4300000,59620760,108059648,2773955376,8480/8388608,4240
4400000,60880880,121157712,2833757742,8448/8388608,8448
4500000,62632560,69242112,2917667143,0/8388608,0
4600000,64329792,17320416,2998375509,76096/8388608,76096
4700000,65102464,95425456,3024237262,8448/8388608,8448
4800000,66416136,108515432,3087164057,8448/8388608,8448
4900000,67652592,121607528,3145804725,8448/8388608,8448
5000000,69397376,69690560,3228832836,8448/8388608,8448
5100000,70710984,82785824,3291767373,8448/8388608,8448
5200000,71796968,95876840,3329667369,8448/8388608,8448
5300000,73110672,108977200,3392597521,8448/8388608,8448
5400000,74345688,122069560,3451184450,8448/8388608,4224
5500000,76097416,70158200,3535082981,8448/8388608,8448
5600000,77355856,83251624,3594830751,8464/8388608,8464
5700000,78669448,96356640,3657758169,4224/8388608,8464
5800000,80283096,44438424,3734107359,92944/8388608,92944
5900000,80919192,122551512,3751109880,8464/8388608,4240
6000000,82670856,70628112,3835005985,0/8388608,0
6100000,83906048,83719944,3893880026,8480/8388608,8480
6200000,85220008,96811632,3956811053,0/8388608,0
6300000,86432320,109906008,4014607947,8448/8388608,8448
6400000,87745928,122999208,4077533260,0/8388608,0
6500000,88987328,71086072,4122280531,0/8388608,0
6600000,90300888,84187992,4185203464,8464/8388608,8464
6700000,91544688,97285920,4244505506,4240/8388608,8464
6800000,92858296,110386176,4307421857,8464/8388608,8464
6900000,94115760,123480040,4500921350,4224/8388608,8448
7000000,95867168,71558128,4451250608,8448/8388608,8448
7100000,97375856,19636560,4522468884,4240/8388608,8480
7200000,97880504,97754952,4533092374,8464/8388608,8464
7300000,99194016,110858800,4596017701,4224/8388608,0
7400000,100439544,123963480,4655401946,8480/8388608,8480
7500000,102191304,72039432,4739304181,0/8388608,0
7600000,103441472,85141112,4798892656,4224/8388608,8448
7700000,104755160,98235168,4861819550,0/8388608,0
7800000,106165848,46315256,4928115158,92944/8388608,92944
7900000,106771448,124420848,4943711756,8480/8388608,8480
8000000,108523240,72508032,5027622726,0/8388608,0
8100000,109737904,85596856,5085578053,8480/8388608,8480
8200000,111051592,98694528,5148501124,0/8388608,0
8300000,112262080,111786584,5206267376,8464/8388608,8464
8400000,113575656,124890816,5269203591,0/8388608,0
8500000,114670464,72975992,5307065281,0/8388608,0
8600000,115984168,86069904,5369986071,8480/8388608,8480
8700000,117188192,99169656,5563239021,8464/8388608,8464
8800000,118501976,112269936,5490361954,4224/8388608,8464
8900000,119815760,125371712,5553285699,4224/8388608,4224
9000000,121417056,73456064,5629811392,8480/8388608,8480
9100000,122584304,21538840,5684724772,93008/8388608,93008
9200000,123181168,99656184,5700017658,8480/8388608,4240
9300000,124495160,112756400,5762951384,8480/8388608,8480
9400000,125808768,125858776,5825866623,4240/8388608,4240
9500000,127413648,73932672,5902604375,4240/8388608,8480
9600000,128727528,87031032,5965534375,8480/8388608,8480
9700000,129918176,100130776,6022376717,8480/8388608,8480
9800000,130740216,48207104,6047961955,0/8388608,0
9900000,131615896,126318560,6089916222,4240/8388608,8480
10000000,133229720,74405416,6167061446,4240/8388608,8464
10100000,134543200,87498888,6229971827,4224/8388608,8464
10200000,135700408,100593160,6285269787,8480/8388608,8480
10300000,137014144,113688256,6348195977,8480/8388608,8480
10400000,138095696,61775352,6399515358,8464/8388608,8464
10500000,138931064,74877824,6426168983,8480/8388608,8480
10600000,140194912,87973408,6486635965,8448/8388608,8448
10700000,141508616,101073472,6549565230,8448/8388608,8448
10800000,142822352,114176336,6612489594,4224/8388608,8448
10900000,143984952,127282088,6668026588,8480/8388608,8480
11000000,145736504,75369088,6751929881,8480/8388608,8480
11100000,146658344,23446976,6795726739,97152/8388608,97152
11200000,147256416,101566872,6810370686,4224/8388608,8448
11300000,148570024,114664720,6873283392,8448/8388608,8448
11400000,149883648,127758720,6936207297,0/8388608,0
11500000,151401616,75838880,7008918234,8448/8388608,8448
11600000,152715368,88929040,7071849299,8448/8388608,8448
11700000,153811456,102026768,7124317909,8448/8388608,8448
11800000,154611912,50111752,7162626924,97440/8388608,97440
11900000,155191288,128231136,7176447222,8464/8388608,8464
12000000,156942776,76319648,7260347175,8464/8388608,8464
12100000,158080832,89419720,7314799204,4224/8388608,8448
12200000,159394456,102516072,7377728056,8448/8388608,4224
12300000,160708240,115613640,7440656454,8448/8388608,8448
12400000,161807464,128710048,7493279223,4224/8388608,8448
12500000,162082232,76788352,7492448231,0/8388608,0
12600000,163395904,89888112,7555375205,4224/8388608,4224
12700000,164709720,102979848,7618301514,4224/8388608,8448
12800000,165817536,116077576,7671331294,8448/8388608,8448
12900000,167131176,129171536,7734254459,8448/8388608,8448
13000000,168882872,77256568,7818161724,0/8388608,0
13100000,169973816,25338680,7870431307,8448/8388608,8448
13200000,170453672,38430456,7879484986,0/8388608,0
13300000,171329400,116552120,7921429080,8480/8388608,8480
13400000,172643040,129648328,7984357184,8480/8388608,8480
13500000,174143952,77730368,8056283432,8464/8388608,8464
13600000,175457624,90830952,8119203658,8464/8388608,8464
13700000,176771264,103924512,8182137045,8464/8388608,8464
13800000,177479016,52002672,8216276217,8464/8388608,8464
13900000,177906864,65105488,8223024177,8480/8388608,8480
14000000,179220616,78198776,8285958304,8480/8388608,8480
14100000,180534352,91301232,8348883022,4240/8388608,4240
14200000,181602536,104397144,8400036823,4224/8388608,4224
14300000,182916240,117492984,8462955455,8448/8388608,8448
14400000,184667968,65564576,8546871918,4224/8388608,4224
14500000,185199136,13641176,8572748546,97296/8388608,97296
14600000,185764400,91746576,8585774899,4240/8388608,4240
14700000,187078264,104840632,8648711497,8480/8388608,4240
14800000,188391968,117942224,8711635607,8480/8388608,4240
14900000,190143680,66029328,8795537868,0/8388608,0
15000000,191151816,79126960,8843959278,8448/8388608,8448
15100000,192465552,92224768,8906890850,8448/8388608,8448
15200000,192651040,40311672,8916387249,97392/8388608,97392
15300000,193202224,118410648,8928862551,8480/8388608,8480
15400000,194953856,66497456,9012764349,8480/8388608,8480
15500000,196267528,79594864,9075686446,4240/8388608,4240
15600000,197279968,92689184,9124329887,8448/8388608,8448
15700000,198450280,105787368,9180466504,8480/8388608,8480
15800000,199764144,118885288,9243409268,8480/8388608,8480
15900000,200352384,1952120,9272371224,97168/8388608,97168
16000000,200907928,80063808,9284945411,8464/8388608,8464
16100000,202221488,93161760,9347862495,8464/8388608,8464
16200000,203534968,106261928,9410779584,0/8388608,0
16300000,204487752,119364040,9456632095,8464/8388608,8464
16400000,206239480,67447984,9540543563,8464/8388608,8464
16500000,207553056,80553184,9603472188,4224/8388608,4224
16600000,207247504,28624712,9589940938,97168/8388608,97168
16700000,207810856,106727616,9603003129,8464/8388608,4240
16800000,209124400,119830080,9665914397,8464/8388608,8464
16900000,210876016,67906464,9749894826,4224/8388608,4224
17000000,211846280,80998096,9796680021,8448/8388608,8448
17100000,213159904,94104104,9859695053,8448/8388608,4224
17200000,214473480,107208352,9922702127,8448/8388608,8448
17300000,214382744,55293408,9919726522,97152/8388608,97152
17400000,215371896,68393472,9953220048,8480/8388608,8480
17500000,216685536,81489000,10016224831,4240/8388608,4240
17600000,217999304,94593552,10079234853,4240/8388608,4240
17700000,218928728,107693592,10395771077,4224/8388608,4224
17800000,220242608,120787576,10187209965,8448/8388608,8448
17900000,222432024,3854424,10292227073,8448/8388608,8448
18000000,221540488,16949976,10251147921,92928/8388608,97152
18100000,222098160,95061576,10264004255,8464/8388608,8464
18200000,223411864,108155400,10327006902,8464/8388608,8464
18300000,224725456,121255688,10390023942,8464/8388608,8464
18400000,226061008,69333744,10454434394,8480/8388608,8480
18500000,227374600,82433768,10517451403,8480/8388608,4240
18600000,228288680,30516264,10562010429,8480/8388608,8480
18700000,227981136,43614208,10548417792,97440/8388608,97440
18800000,228539576,121730240,10560636809,8480/8388608,8480
18900000,230291240,69803952,10644642379,8480/8388608,4240
19000000,231605008,82908216,10707664003,8480/8388608,8480
19100000,232500024,96004624,11022479838,8464/8388608,8464
19200000,233813680,109109064,10813932103,4240/8388608,8464
19300000,235127544,122204456,10876943716,8464/8388608,8464
19400000,235137656,5269448,10879155875,97152/8388608,97152
19500000,235697408,83386720,10891998391,4224/8388608,4224
19600000,237011128,96474808,10955008351,8464/8388608,4240
19700000,238324880,109570552,11018027131,8464/8388608,8464
19800000,239243400,122662312,11062384245,8448/8388608,8448
19900000,240995080,70742888,11146414962,8448/8388608,8448
20000000,241928728,18820856,11191814873,8448/8388608,8448
20100000,241063056,31910536,11137868743,0/8388608,0
20200000,241938832,110022112,11179879862,8480/8388608,8480
20300000,243252744,123119624,11242900066,8480/8388608,8480
20400000,245004264,71200432,11326923610,8480/8388608,8480
20500000,245891920,84300480,11369831570,8448/8388608,8448
20600000,247205592,97402728,11432837937,8448/8388608,8448
20700000,248093304,45487096,11476041261,4240/8388608,4240
20800000,247447864,58585184,11432449488,0/8388608,0
20900000,248761520,71685352,11495456864,4240/8388608,4240
21000000,250075352,84783512,11558473325,8480/8388608,8480
21100000,251388816,97875424,11621475754,8480/8388608,8480
21200000,252239952,110975240,11662672422,8448/8388608,8448
21300000,253553688,124068936,11725689052,8448/8388608,8448
21400000,254334056,7140184,11764230263,8480/8388608,8480
21500000,253920664,85253752,11731138305,0/8388608,0
21600000,255234144,98345232,11794143894,8448/8388608,8448
21700000,256547800,111453672,11857166187,8448/8388608,8448
21800000,257861360,124541216,11920177301,8448/8388608,8448
21900000,259155008,72619728,11982589251,8480/8388608,8480
22000000,260332744,85713712,12039200727,8448/8388608,8448
22100000,259738552,33800136,12012603138,97280/8388608,97280
22200000,260294488,111911824,12025319978,8480/8388608,8480
22300000,261608368,125007440,12088348949,8480/8388608,8480
22400000,263359872,73096320,12172366919,8480/8388608,8480
22500000,264673544,86188464,12235382865,8480/8388608,8480
22600000,265491136,99285992,12275050476,8448/8388608,8448
22700000,266804808,112382528,12338054063,4224/8388608,8448
22800000,265431280,60474616,12274748516,93024/8388608,93024
22900000,266441368,73579312,12309184991,8480/8388608,4240
23000000,267754784,86676976,12372191073,8480/8388608,8480
23100000,269068456,99769032,12435199447,8480/8388608,8480
23200000,270382336,112871584,12498221580,8480/8388608,8480
23300000,271695864,125969112,12561227105,0/8388608,0
23400000,272958952,74049176,12622199814,4224/8388608,4224
23500000,271811712,22123648,12569607501,101552/8388608,101552
23600000,272367128,100243368,12581669994,4240/8388608,4240
23700000,273680944,113345480,12644687111,8480/8388608,8480
23800000,274994520,126447008,12707707076,4240/8388608,4240
23900000,276745944,74532544,12791718286,4240/8388608,8480
24000000,278059616,87629776,12854722910,0/8388608,0
24100000,278819136,100732472,12891648963,4224/8388608,8448
24200000,278292512,48812888,12868355434,8464/8388608,8464
24300000,278272584,126923888,12853971089,8464/8388608,8464
24400000,280024312,75008616,12937997429,8464/8388608,4224
24500000,281061632,88106680,12988009137,8480/8388608,8480
24600000,282375304,101202688,13051015552,8480/8388608,8480
24700000,283689024,114301008,13114033313,4240/8388608,4240
24800000,285002616,127401088,13177034323,4240/8388608,4240
24900000,284100480,10467608,13136516535,8480/8388608,8480
25000000,284094840,88587536,13122118578,0/8388608,0
25100000,285408736,101680888,13185144620,8480/8388608,8480
25200000,286722456,114781520,13248156855,8480/8388608,8480
25300000,288036128,127877848,13311171118,8480/8388608,8480
25400000,289216656,75969848,13368282575,8464/8388608,8464
25500000,290530344,89057736,13431284154,8464/8388608,8464
25600000,289438496,37136112,13381516564,97328/8388608,97328
25700000,289989392,115245576,13393975487,4240/8388608,8480
25800000,291302968,128343608,13456981316,8480/8388608,4240
25900000,293054568,76422096,13541004965,8480/8388608,8480
26000000,294368288,89522520,13604016837,8480/8388608,8480
26100000,295105568,102626568,13639974622,8480/8388608,8480
26200000,296419304,115723656,13702977927,4240/8388608,8480
26300000,295288760,63810808,13651523794,0/8388608,4240
26400000,295721128,76906416,13658156381,8480/8388608,8480
26500000,297034752,89998408,13721164504,8480/8388608,8480
26600000,298348600,103094160,13784190118,8480/8388608,8480
26700000,299662368,116194608,13847195307,8480/8388608,8480
26800000,300976056,129290960,13910203032,0/8388608,0
26900000,302154520,77379760,13967283463,8448/8388608,8448
27000000,302059376,25459280,13964562511,4240/8388608,4240
27100000,301351952,103572920,13917847860,0/8388608,0
27200000,302665784,116664456,13980870017,4224/8388608,4224
27300000,303979696,129756576,14043886386,4224/8388608,8448
27400000,305731264,77834944,14127894163,4224/8388608,8448
27500000,307045096,90931224,14190904793,8448/8388608,8448
27600000,307718560,104028008,14223853356,8464/8388608,8464
27700000,307140504,52106880,14198515986,8464/8388608,8464
27800000,306850960,65203520,14171238975,0/8388608,0
27900000,308164632,78304864,14234265602,8480/8388608,8480
28000000,309478240,91409200,14297280966,8480/8388608,8480
28100000,310791752,104503240,14360272990,8480/8388608,8480
28200000,312105472,117603152,14423284937,0/8388608,0
28300000,313253072,65679888,14478964281,4224/8388608,8448
28400000,312812272,13753656,14460105762,8448/8388608,8448
28500000,311691184,91871264,14393494749,0/8388608,0
28600000,313004872,104963048,14456505472,4240/8388608,4240
28700000,314064856,118061328,14507593795,8448/8388608,8448
28800000,315816392,66139088,14591600490,8448/8388608,8448
28900000,317130320,79233248,14654624495,8448/8388608,8448
29000000,318443976,92333208,14717635639,4224/8388608,4224
29100000,318853432,40411752,14738654588,8480/8388608,8480
29200000,317860984,53509760,14693549720,101504/8388608,101504
29300000,318828144,66607392,14725270050,4240/8388608,8464
29400000,320141848,79701664,14788278376,8464/8388608,8464
29500000,321455328,92800080,14851272565,4240/8388608,8464
29600000,322769144,105906144,14914280697,4240/8388608,4240
29700000,323413320,119006472,14945880977,8448/8388608,8448
29800000,325602816,2077160,15050904611,8448/8388608,8448
29900000,323003840,15173088,14930347882,101376/8388608,101376
30000000,323541512,93297128,14941634498,4240/8388608,4240
30100000,324855072,106392040,15004638873,4240/8388608,4240
30200000,326168904,119490840,15067661488,0/8388608,0
30300000,327272832,67572520,15121284533,8448/8388608,8448
30400000,328586616,80669296,15184304163,8448/8388608,8448
30500000,329900288,93769184,15247322944,0/8388608,0
30600000,327705104,41845472,15146293890,93008/8388608,97248
30700000,328260448,119959032,15158906773,8448/8388608,8448
30800000,330012032,68043968,15242915106,8448/8388608,8448
30900000,331325768,81135552,15305920011,8448/8388608,8448
31000000,332639488,94229344,15368933781,4224/8388608,4224
31100000,333300296,107323216,15401352723,8480/8388608,8480
31200000,334613984,120407896,15464366370,8480/8388608,8480
31300000,333723800,3485504,15424934493,101392/8388608,101392
31400000,334242200,81590088,15435121451,8480/8388608,8480
31500000,335556080,94687248,15498129174,8480/8388608,4240
31600000,336480688,107783120,15542906019,8448/8388608,8448
31700000,337794392,120883208,15605921752,8448/8388608,8448
31800000,339546040,68963872,15689948153,8448/8388608,4224
31900000,340859568,82060776,15752968469,8448/8388608,8448
32000000,338479664,30143960,15643292514,101376/8388608,101376
32100000,338988088,108259360,15653106520,8464/8388608,8464
32200000,340301984,121351784,15716124208,4224/8388608,4224
32300000,342053744,69432112,15800146791,4224/8388608,8464
32400000,342807488,82531632,15836910307,8448/8388608,8448
32500000,344121048,95634480,15899928228,4224/8388608,4224
32600000,345434928,108733968,15962939253,8448/8388608,8448
32700000,343781384,56816976,15887452386,4224/8388608,0
32800000,343260664,69916528,15849625769,8480/8388608,8480
32900000,344574464,83014432,15912636878,8480/8388608,8480
33000000,345888232,96114472,15975646320,8480/8388608,8480
33100000,347202112,109210240,16038670720,4240/8388608,4240
33200000,348515640,122306040,16101682989,8480/8388608,8480
33300000,349535016,70386440,16151437684,8480/8388608,8480
33400000,349053248,18467104,16130844942,8448/8388608,8448
33500000,347362864,96580240,16037792137,0/8388608,0
33600000,348676616,109682960,16100804986,8464/8388608,8464
33700000,349990256,122780720,16163820919,4240/8388608,4224
33800000,351741744,70865952,16247835828,4240/8388608,4240
33900000,353055464,83963912,16310844814,8464/8388608,8464
34000000,353644776,97066112,16730239707,8464/8388608,8464
34100000,354268776,45143848,16371166063,8448/8388608,8448
34200000,352547392,58238016,16292067724,101376/8388608,101376
34300000,353519832,71329344,16324147016,8480/8388608,8480
34400000,354627608,84427704,16377508422,8448/8388608,4224
34500000,355941280,97525744,16440525546,8448/8388608,8448
34600000,356801232,110621696,16692313459,4240/8388608,4240
34700000,358114968,123717744,16545295410,8480/8388608,8480
34800000,360304672,6786232,16650318375,8480/8388608,8480
34900000,357158296,19886344,16504522632,97376/8388608,101600
35000000,357695128,98000216,16515691791,8464/8388608,8464
35100000,359008800,111104032,16578704285,4240/8388608,4240
35200000,360322280,124202144,16641713817,8464/8388608,8464
35300000,362073784,72284832,16725726069,8464/8388608,8464
35400000,363387264,85373984,16788726440,0/8388608,0
35500000,363968048,98470496,16817448482,8464/8388608,8464
35600000,361153376,46558840,16687641813,101488/8388608,101488
35700000,361696848,124674952,16699159732,8480/8388608,8480
35800000,363448368,72759280,16783173455,8480/8388608,8480
35900000,364762184,85853184,16846200159,8480/8388608,4240
36000000,366076048,98955064,16909212943,4240/8388608,4240
36100000,367389496,112059176,16972214535,8480/8388608,8480
36200000,367919728,125157152,16998590841,8480/8388608,8480
36300000,366213408,8220136,16921394170,101488/8388608,101488
36400000,366743320,86333344,16932092748,8464/8388608,8464
36500000,367887664,99431976,16987197688,8448/8388608,8448
36600000,369201384,112532240,17050211148,8448/8388608,4224
36700000,370515088,125631336,17113225733,8448/8388608,8448
36800000,372266720,73716336,17197240713,4224/8388608,4224
36900000,373075936,86806280,17236649876,8480/8388608,8480
37000000,372395600,34892800,17206940389,0/8388608,0
37100000,371256912,113010800,17139690025,0/8388608,0
37200000,372570456,126117152,17202697803,8480/8388608,8480
37300000,374321880,74199248,17286709379,8480/8388608,4240
37400000,375067456,87280984,17574819798,8448/8388608,8448
37500000,376381288,100378304,17386195555,8448/8388608,8448
37600000,377695184,113472656,17449212973,4224/8388608,8448
37700000,376952400,61552696,17416577097,8448/8388608,8448
37800000,375660344,9639256,17343224327,0/8388608,0
37900000,376536200,87742240,17385237336,8480/8388608,8480
38000000,377850032,100847248,17448262679,8480/8388608,4240
38100000,379163656,113942888,17511273829,8480/8388608,4240
38200000,380477408,127040736,17574288316,8480/8388608,4240
38300000,381426856,75123264,17620806477,8448/8388608,8448
38400000,382348728,23201816,17666095769,8480/8388608,8480
38500000,379560816,36289152,17537753821,101520/8388608,101520
38600000,380100096,114396672,17549097476,8448/8388608,8448
38700000,381413800,127500776,17612120198,8448/8388608,8448
38800000,383165464,75589104,17696134058,8448/8388608,8448
38900000,384478992,88691616,17759141346,8448/8388608,4224
39000000,385792680,101785200,17822155162,8448/8388608,8448
