opseq,index_size,memtable_size,sst_size,block_cache/block_cache_capacity,block_cache_pinned_usage
100,0,27312,0,0/8388608,0
200,0,49824,0,0/8388608,0
300,0,72304,0,0/8388608,0
400,0,94832,0,0/8388608,0
500,0,117328,0,0/8388608,0
600,0,139824,0,0/8388608,0
700,0,162288,0,0/8388608,0
800,0,184800,0,0/8388608,0
900,0,207280,0,0/8388608,0
1000,0,229776,0,0/8388608,0
1500,0,342352,0,0/8388608,0
2000,0,454864,0,0/8388608,0
2500,0,567376,0,0/8388608,0
3000,0,679904,0,0/8388608,0
3500,0,792496,0,0/8388608,0
4000,0,905072,0,0/8388608,0
4500,0,1017536,0,0/8388608,0
5000,0,1129904,0,0/8388608,0
6000,0,1355040,0,0/8388608,0
7000,0,1580056,0,0/8388608,0
8000,0,1804880,0,0/8388608,0
9000,0,2030144,0,0/8388608,0
10000,0,2255152,0,0/8388608,0
15000,0,3380496,0,0/8388608,0
20000,0,4506128,0,0/8388608,0
25000,0,5632000,0,0/8388608,0
30000,0,6757400,0,0/8388608,0
35000,0,7883024,0,0/8388608,0
40000,0,9012424,0,0/8388608,0
45000,0,10137656,0,0/8388608,0
50000,0,11262536,0,0/8388608,0
60000,0,13513608,0,0/8388608,0
70000,0,15764024,0,0/8388608,0
80000,0,18018696,0,0/8388608,0
90000,0,20269200,0,0/8388608,0
100000,0,22519784,0,0/8388608,0
150000,0,33781304,0,0/8388608,0
200000,0,45040536,0,0/8388608,0
250000,0,56298056,0,0/8388608,0
300000,0,67561552,0,0/8388608,0
350000,0,78819920,0,0/8388608,0
400000,0,90077544,0,0/8388608,0
450000,0,101340320,0,0/8388608,0
500000,0,112598376,0,0/8388608,0
600000,411160,70067472,32286935,0/8388608,0
700000,411160,92574808,32286935,0/8388608,0
800000,411160,115081936,32286935,0/8388608,0
900000,822480,72545840,64615570,0/8388608,0
1000000,822480,95054176,64615570,0/8388608,0
1100000,822480,117560400,64615570,0/8388608,0
1200000,1233768,75053504,96940076,0/8388608,0
1300000,1233768,97559568,96940076,0/8388608,0
1400000,1233768,120068280,96940076,0/8388608,0
1500000,1644976,77561064,129261199,16256/8388608,12192
1600000,1644976,100068904,129261199,16256/8388608,16256
1700000,2056312,57564656,161592050,16256/8388608,16256
1800000,2056312,80071672,161592050,16256/8388608,16256
1900000,2056312,102577584,161592050,16256/8388608,16256
2000000,2467728,60070792,193914755,16256/8388608,16256
2100000,2467728,82576592,193914755,16256/8388608,16256
2200000,2467728,105081536,193914755,12192/8388608,12192
2300000,2467728,127587872,193914755,0/8388608,0
2400000,2844216,85080776,346068051,0/8388608,0
2500000,2844216,107584528,346068051,0/8388608,0
2600000,3255472,65077656,249132871,20320/8388608,20320
2700000,3255472,87585192,249132871,20320/8388608,20320
2800000,3255472,110092744,249132871,20320/8388608,16256
2900000,3666776,67586960,281459318,20320/8388608,20320
3000000,3666776,90093816,281459318,20320/8388608,20320
3100000,3666776,112599488,281459318,16256/8388608,16256
3200000,4077936,70095296,313779886,20320/8388608,20320
3300000,4077936,92601248,313779886,20320/8388608,20320
3400000,4077936,115107280,313779886,16256/8388608,16256
3500000,4489112,72603168,346089798,20320/8388608,20320
3600000,4489112,95107952,346089798,20320/8388608,20320
3700000,4489112,117615264,346089798,20320/8388608,20320
3800000,4900144,75110336,378406477,16256/8388608,16256
3900000,4900144,97617312,378406477,20320/8388608,20320
4000000,4900144,120123208,378406477,20320/8388608,20320
4100000,5311368,77617936,410721258,20320/8388608,20320
4200000,5311368,100127632,410721258,20320/8388608,20320
4300000,5311368,122635288,410721258,0/8388608,0
4400000,5576768,80127408,424839661,28480/8388608,28480
4500000,5576768,102633464,424839661,28464/8388608,28464
4600000,5987960,60123752,457164761,28464/8388608,28464
4700000,5987960,82631592,457164761,28464/8388608,24400
4800000,5987960,105140792,457164761,28464/8388608,28464
4900000,5987960,127646784,457164761,28464/8388608,28464
5000000,6399360,85140328,489495541,28448/8388608,28448
5100000,6399360,107647792,489495541,28448/8388608,28448
5200000,6810760,65143632,521825844,28448/8388608,24384
5300000,6810760,87650368,521825844,28448/8388608,28448
5400000,6810760,110155640,521825844,28448/8388608,28448
5500000,7221968,67650968,554147300,28448/8388608,28448
5600000,7221968,90158992,554147300,28448/8388608,28448
5700000,7221968,112664104,554147300,28448/8388608,28448
5800000,7633144,70156288,586462215,28448/8388608,28448
5900000,7633144,92660864,586462215,28448/8388608,28448
6000000,7633144,115166776,586462215,28448/8388608,28448
6100000,8044256,72661816,618832015,28448/8388608,28448
6200000,8044256,95166896,618832015,28448/8388608,24384
6300000,8044256,117675032,618832015,28448/8388608,28448
6400000,8455464,75171456,651154808,28448/8388608,28448
6500000,8455464,97679088,651154808,28448/8388608,28448
6600000,8455464,120183672,651154808,28448/8388608,28448
6700000,8866544,77676888,683467531,28448/8388608,28448
6800000,8866544,100181952,683467531,28448/8388608,28448
6900000,9277704,57676792,715780675,28448/8388608,28448
7000000,9277704,80185440,715780675,28448/8388608,28448
7100000,9277704,102691752,715780675,28448/8388608,28448
7200000,9688912,60184952,748096915,28448/8388608,28448
7300000,9688912,82692104,748096915,20320/8388608,24384
7400000,9688912,105197784,748096915,0/8388608,0
7500000,9688912,127703424,748096915,0/8388608,0
7600000,9682664,85198120,1163180583,44704/8388608,44704
7700000,9682664,107706528,1163180583,44704/8388608,44704
7800000,10093840,65198432,770662104,44704/8388608,44704
7900000,10093840,87708040,770662104,48768/8388608,48768
8000000,10093840,110216640,770662104,48768/8388608,48768
8100000,10504952,67709760,802973684,48768/8388608,48768
8200000,10504952,90218024,802973684,48768/8388608,48768
8300000,10504952,112723312,802973684,48768/8388608,48768
8400000,10916224,70216600,835291850,48768/8388608,48768
8500000,10916224,92725616,835291850,48768/8388608,48768
8600000,10916224,115230528,835291850,48768/8388608,48768
8700000,11327544,72724880,867608334,48768/8388608,44704
8800000,11327544,95230928,867608334,48768/8388608,48768
8900000,11738960,52725160,899947619,44704/8388608,44704
9000000,11738960,75232816,899947619,48768/8388608,48768
9100000,11738960,97741200,899947619,48768/8388608,48768
9200000,11738960,120247856,899947619,48768/8388608,48768
9300000,12150216,77741120,932274624,48768/8388608,44704
9400000,12150216,100245944,932274624,44704/8388608,48768
9500000,12561328,57737712,964591709,48768/8388608,48768
9600000,12561328,80242512,964591709,48768/8388608,48768
9700000,12561328,102747816,964591709,48768/8388608,48768
9800000,12972616,60241384,996918311,48768/8388608,48768
9900000,12972616,82747584,996918311,48768/8388608,48768
10000000,12972616,105253208,996918311,48768/8388608,48768
10100000,12972616,127760208,996918311,48768/8388608,48768
10200000,13795256,20239088,1061572196,48768/8388608,48768
10300000,13795256,42747544,1061572196,48768/8388608,48768
10400000,12486256,65255528,944151235,44752/8388608,40672
10500000,12486256,87760416,944151235,44752/8388608,44752
10600000,12486256,110267992,944151235,44752/8388608,44752
10700000,12897544,67761664,976475902,40672/8388608,44752
10800000,12897544,90267712,976475902,44752/8388608,44752
10900000,12897544,112777232,976475902,44752/8388608,44752
11000000,13308864,70270784,1008794890,44752/8388608,44752
11100000,13308864,92778208,1008794890,40688/8388608,44752
11200000,13308864,115285072,1008794890,44752/8388608,44752
11300000,13719880,72778560,1041102494,44752/8388608,44752
11400000,13719880,95285704,1041102494,44752/8388608,44752
11500000,13719880,117792552,1041102494,44736/8388608,44736
11600000,14131008,75284896,1073417082,44736/8388608,44736
11700000,14131008,97793104,1073417082,40672/8388608,40672
11800000,14131008,120301400,1073417082,44736/8388608,44736
11900000,14541992,77795696,1105729488,44736/8388608,44736
12000000,14541992,100303688,1105729488,44736/8388608,44736
12100000,14953280,57794560,1138055995,44720/8388608,44720
12200000,14953280,80303056,1138055995,44720/8388608,44720
12300000,14953280,102809584,1138055995,40656/8388608,40656
12400000,15364584,60300816,1170380406,44720/8388608,44720
12500000,15364584,82807720,1170380406,44720/8388608,44720
12600000,15364584,105314688,1170380406,44704/8388608,40640
12700000,15775936,62804480,1202708894,44704/8388608,44704
12800000,15775936,85312344,1202708894,44704/8388608,44704
12900000,15775936,107821520,1202708894,44704/8388608,44704
13000000,16187208,65315136,1235029478,44704/8388608,44704
13100000,16187208,87821424,1235029478,44704/8388608,44704
13200000,16187208,110328896,1235029478,44704/8388608,44704
13300000,16598384,67820880,1267345315,44704/8388608,44704
13400000,17009704,25313544,1299672446,44704/8388608,44704
13500000,17009704,47818232,1299672446,44704/8388608,44704
13600000,15305496,70325976,1154806205,48768/8388608,48768
13700000,15305496,92834824,1154806205,48768/8388608,48768
13800000,15305496,115339968,1154806205,48768/8388608,48768
13900000,15716880,72833768,1187141073,48768/8388608,48768
14000000,15716880,95342464,1187141073,48768/8388608,48768
14100000,15716880,117849472,1187141073,48768/8388608,48768
14200000,16127912,75342200,1219444717,48768/8388608,48768
14300000,16127912,97849544,1219444717,48768/8388608,48768
14400000,16127912,120357352,1219444717,48768/8388608,48768
14500000,16539456,77851920,1251781917,48768/8388608,48768
14600000,16539456,100357304,1251781917,48768/8388608,48768
14700000,16539456,122866712,1251781917,48768/8388608,48768
14800000,16950760,80360824,1284105180,48768/8388608,48768
14900000,16950760,102866824,1284105180,48768/8388608,48768
15000000,17362000,60360568,1316426705,48768/8388608,48768
15100000,17362000,82867016,1316426705,48768/8388608,48768
15200000,17362000,105374888,1316426705,48768/8388608,48768
15300000,17362000,127879376,1316426705,44704/8388608,44704
15400000,17773304,85372808,1348762007,48768/8388608,48768
15500000,17773304,107880016,1348762007,48768/8388608,48768
15600000,18184608,65374256,1381083320,44704/8388608,44704
