opseq,index_size,memtable_size,sst_size,block_cache/block_cache_capacity,block_cache_pinned_usage
100,0,422280,0,0/8388608,0
200,0,838320,0,0/8388608,0
300,0,1254384,0,0/8388608,0
400,0,1670576,0,0/8388608,0
500,0,2086720,0,0/8388608,0
600,0,2502824,0,0/8388608,0
700,0,2918976,0,0/8388608,0
800,0,3335120,0,0/8388608,0
900,0,3751216,0,0/8388608,0
1000,0,4167360,0,0/8388608,0
1500,0,6247856,0,0/8388608,0
2000,0,8328416,0,0/8388608,0
2500,0,10416904,0,0/8388608,0
3000,0,12497432,0,0/8388608,0
3500,0,14578064,0,0/8388608,0
4000,0,16658536,0,0/8388608,0
4500,0,18747224,0,0/8388608,0
5000,0,20827592,0,0/8388608,0
6000,0,24988656,0,0/8388608,0
7000,0,29153992,0,0/8388608,0
8000,0,33315144,0,0/8388608,0
9000,0,37484184,0,0/8388608,0
10000,0,41645104,0,0/8388608,0
15000,0,62471000,0,0/8388608,0
20000,0,83298624,0,0/8388608,0
25000,0,104120144,0,0/8388608,0
30000,0,124941664,0,0/8388608,0
35000,442792,80702432,35811829,0/8388608,0
40000,442792,101511848,35811829,0/8388608,0
45000,442792,122325056,35811829,0/8388608,0
50000,886480,78094736,71695841,0/8388608,0
60000,886480,119721328,71695841,0/8388608,0
70000,1329592,96328128,107533233,0/8388608,0
80000,1774064,72942592,143480248,16960/8388608,16960
90000,1774064,114565568,143480248,16960/8388608,16960
100000,2217144,91172432,179326819,16960/8388608,16960
150000,3546032,104242168,286844126,0/8388608,0
200000,4799328,117332848,387777108,21200/8388608,21200
250000,6570208,65394808,531055041,21200/8388608,21200
300000,7624560,78481312,615665338,33920/8388608,33920
350000,8955336,91555096,723335116,33920/8388608,33920
400000,10284704,104633520,830890674,33920/8388608,33920
450000,11613592,117707264,938408067,33920/8388608,33920
