opseq,index_size,memtable_size,sst_size,block_cache/block_cache_capacity,block_cache_pinned_usage
100,0,14576,0,0/8388608,0
200,0,24304,0,0/8388608,0
300,0,34016,0,0/8388608,0
400,0,43728,0,0/8388608,0
500,0,53488,0,0/8388608,0
600,0,63264,0,0/8388608,0
700,0,72912,0,0/8388608,0
800,0,82640,0,0/8388608,0
900,0,92432,0,0/8388608,0
1000,0,102168,0,0/8388608,0
1500,0,150656,0,0/8388608,0
2000,0,199248,0,0/8388608,0
2500,0,248032,0,0/8388608,0
3000,0,296656,0,0/8388608,0
3500,0,345296,0,0/8388608,0
4000,0,393736,0,0/8388608,0
4500,0,442288,0,0/8388608,0
5000,0,490824,0,0/8388608,0
6000,0,587872,0,0/8388608,0
7000,0,685104,0,0/8388608,0
8000,0,782144,0,0/8388608,0
9000,0,879168,0,0/8388608,0
10000,0,976336,0,0/8388608,0
15000,0,1461776,0,0/8388608,0
20000,0,1946960,0,0/8388608,0
25000,0,2432624,0,0/8388608,0
30000,0,2917952,0,0/8388608,0
35000,0,3403720,0,0/8388608,0
40000,0,3889448,0,0/8388608,0
45000,0,4374384,0,0/8388608,0
50000,0,4859904,0,0/8388608,0
60000,0,5830208,0,0/8388608,0
70000,0,6801488,0,0/8388608,0
80000,0,7772624,0,0/8388608,0
90000,0,8747616,0,0/8388608,0
100000,0,9718200,0,0/8388608,0
150000,0,14571864,0,0/8388608,0
200000,0,19429288,0,0/8388608,0
250000,0,24283896,0,0/8388608,0
300000,0,29140784,0,0/8388608,0
350000,0,33997984,0,0/8388608,0
400000,0,38852120,0,0/8388608,0
450000,0,43709592,0,0/8388608,0
500000,0,48562696,0,0/8388608,0
600000,0,58273256,0,0/8388608,0
700000,0,67990064,0,0/8388608,0
800000,0,77699856,0,0/8388608,0
900000,0,87412488,0,0/8388608,0
1000000,323080,32076520,31728329,0/8388608,0
1100000,323080,41781184,31728329,0/8388608,0
1200000,323080,51486776,31728329,0/8388608,0
1300000,323080,61191544,31728329,0/8388608,0
1400000,323080,70899768,31728329,0/8388608,0
1500000,323080,80607528,31728329,0/8388608,0
1600000,323080,90310648,31728329,0/8388608,0
1700000,646128,34988208,63464711,0/8388608,0
1800000,646128,44692232,63464711,0/8388608,0
1900000,646128,54399840,63464711,0/8388608,0
2000000,646128,64105848,63464711,0/8388608,0
2100000,646128,73813472,63464711,0/8388608,0
2200000,646128,83521464,63464711,0/8388608,0
2300000,646128,93227248,63464711,0/8388608,0
2400000,969176,37919584,95206235,0/8388608,0
2500000,969176,47625128,95206235,0/8388608,0
2600000,969176,57333024,95206235,0/8388608,0
2700000,969176,67041152,95206235,0/8388608,0
2800000,969176,76748064,95206235,0/8388608,0
2900000,969176,86455968,95206235,0/8388608,0
3000000,1292096,31148904,126930062,16704/8388608,16704
3100000,1292096,40856720,126930062,16704/8388608,16704
3200000,1292096,50565400,126930062,16704/8388608,16704
3300000,1292096,60270936,126930062,16704/8388608,16704
3400000,1292096,69977680,126930062,12528/8388608,16704
3500000,1292096,79686472,126930062,16704/8388608,16704
3600000,1292096,89392776,126930062,16704/8388608,16704
3700000,1615128,34085424,158657467,16704/8388608,16704
3800000,1615128,43791320,158657467,16704/8388608,16704
3900000,1615128,53496392,158657467,16704/8388608,16704
4000000,1615128,63206504,158657467,0/8388608,0
4100000,1606664,72913184,269740175,0/8388608,0
4200000,1606664,82619048,269740175,0/8388608,0
4300000,1606664,92325912,269740175,0/8388608,0
4400000,1929632,37020432,174548574,0/8388608,0
4500000,1929632,46728040,174548574,0/8388608,0
4600000,1929632,56436432,174548574,0/8388608,0
4700000,1929632,66143216,174548574,0/8388608,0
4800000,1929632,75850192,174548574,0/8388608,0
4900000,1929632,85556776,174548574,0/8388608,0
5000000,2252616,30248728,206291853,0/8388608,0
5100000,2252616,39956448,206291853,0/8388608,0
5200000,2252616,49664360,206291853,0/8388608,0
5300000,2252616,59369448,206291853,0/8388608,0
5400000,2252616,69075584,206291853,0/8388608,0
5500000,2252616,78781080,206291853,0/8388608,0
5600000,2252616,88486608,206291853,0/8388608,0
5700000,2575616,33179480,238024101,20864/8388608,16688
5800000,2575616,42886200,238024101,20864/8388608,20864
5900000,2575616,52589528,238024101,20864/8388608,20864
6000000,2575616,62295616,238024101,20864/8388608,20864
6100000,2575616,72001264,238024101,20864/8388608,20864
6200000,2575616,81709312,238024101,20864/8388608,20864
6300000,2575616,91413664,238024101,20864/8388608,20864
6400000,2898536,36106688,269747457,20864/8388608,20864
6500000,2898536,45815304,269747457,16704/8388608,20864
6600000,2898536,55521536,269747457,20864/8388608,20864
6700000,2898536,65228040,269747457,20864/8388608,20864
6800000,2898536,74936416,269747457,20864/8388608,20864
6900000,2898536,84643704,269747457,20864/8388608,20864
7000000,2898536,94349200,269747457,20864/8388608,20864
7100000,3221584,39042384,301489672,20864/8388608,20864
7200000,3221584,48749832,301489672,20864/8388608,20864
7300000,3221584,58457976,301489672,20864/8388608,20864
7400000,3221584,68164584,301489672,20864/8388608,20864
7500000,3221584,77870712,301489672,20864/8388608,20864
7600000,3221584,87575400,301489672,20864/8388608,20864
7700000,3544648,32267328,333229771,20864/8388608,20864
7800000,3486120,41975496,312389814,0/8388608,0
7900000,3486120,51683632,312389814,0/8388608,0
8000000,3486120,61390440,312389814,0/8388608,0
8100000,3486120,71099344,312389814,0/8388608,0
8200000,3486120,80805680,312389814,0/8388608,0
8300000,3486120,90516176,312389814,0/8388608,0
8400000,3809088,35208256,344120527,20864/8388608,20864
8500000,3809088,44914744,344120527,20864/8388608,20864
8600000,3809088,54621480,344120527,20864/8388608,20864
8700000,3809088,64329872,344120527,20864/8388608,20864
8800000,3809088,74037608,344120527,20864/8388608,20864
8900000,3809088,83745960,344120527,20864/8388608,20864
9000000,3809088,93455648,344120527,20864/8388608,20864
9100000,4132040,38148904,375852320,20864/8388608,20864
9200000,4132040,47854440,375852320,16704/8388608,16704
9300000,4132040,57560944,375852320,16704/8388608,20864
9400000,4132040,67268072,375852320,20864/8388608,20864
9500000,4132040,76973440,375852320,20864/8388608,20864
9600000,4132040,86681976,375852320,20864/8388608,20864
9700000,4455104,31375576,407591388,20864/8388608,20864
9800000,4455104,41082088,407591388,16704/8388608,20864
9900000,4455104,50786784,407591388,20864/8388608,20864
10000000,4455104,60491656,407591388,20864/8388608,20864
10100000,4455104,70199480,407591388,20864/8388608,20864
10200000,4455104,79905752,407591388,20864/8388608,20864
10300000,4455104,89611792,407591388,20864/8388608,20864
10400000,4778152,34304704,439324182,20864/8388608,20864
10500000,4778152,44015320,439324182,20864/8388608,20864
10600000,4778152,53723032,439324182,20864/8388608,20864
10700000,4778152,63430976,439324182,20864/8388608,20864
10800000,4778152,73138176,439324182,20864/8388608,20864
10900000,4778152,82845016,439324182,20864/8388608,20864
11000000,4778152,92552144,439324182,16704/8388608,20864
11100000,5101264,37245664,471058912,20864/8388608,20864
11200000,5101264,46954672,471058912,20864/8388608,20864
11300000,5101264,56661048,471058912,0/8388608,0
11400000,4992040,66366888,446079564,20864/8388608,20864
11500000,4992040,76074536,446079564,20864/8388608,20864
11600000,4992040,85783248,446079564,20864/8388608,20864
11700000,5315104,30476392,477818998,16704/8388608,16704
11800000,5315104,40181952,477818998,16704/8388608,16704
11900000,5315104,49885976,477818998,20864/8388608,20864
12000000,5315104,59592984,477818998,20864/8388608,20864
12100000,5315104,69299864,477818998,20864/8388608,20864
12200000,5315104,79004248,477818998,20864/8388608,20864
12300000,5315104,88710528,477818998,20864/8388608,20864
12400000,5638040,33403896,509551650,20864/8388608,20864
12500000,5638040,43111256,509551650,20864/8388608,20864
12600000,5638040,52816464,509551650,20864/8388608,20864
12700000,5638040,62521560,509551650,20864/8388608,20864
12800000,5638040,72230856,509551650,20864/8388608,20864
12900000,5638040,81938400,509551650,20864/8388608,20864
13000000,5638040,91645224,509551650,20864/8388608,20864
13100000,5960944,36338440,541288070,20864/8388608,20864
13200000,5960944,46046072,541288070,20864/8388608,20864
13300000,5960944,55752624,541288070,20864/8388608,20864
13400000,5960944,65459520,541288070,16704/8388608,20864
13500000,5960944,75166224,541288070,20864/8388608,20864
13600000,5960944,84876728,541288070,20864/8388608,20864
13700000,6283944,29569592,573019577,20864/8388608,20864
13800000,6283944,39277408,573019577,20864/8388608,20864
13900000,6283944,48983392,573019577,16704/8388608,20864
14000000,6283944,58691456,573019577,20864/8388608,20864
14100000,6283944,68399360,573019577,20864/8388608,20864
14200000,6283944,78108376,573019577,20864/8388608,20864
14300000,6283944,87817168,573019577,16704/8388608,16704
14400000,6283944,97523280,573019577,20864/8388608,20864
14500000,6606944,42217224,604752940,20864/8388608,20864
14600000,6606944,51926944,604752940,20864/8388608,20864
14700000,6606944,61632136,604752940,0/8388608,0
14800000,6479472,71340424,976384210,25088/8388608,25088
14900000,6479472,81046976,976384210,25088/8388608,25088
15000000,6479472,90755896,976384210,25088/8388608,25088
15100000,6802360,35451056,629578453,25040/8388608,25040
15200000,6802360,45155696,629578453,25040/8388608,25040
15300000,6802360,54863296,629578453,25040/8388608,25040
15400000,6802360,64570184,629578453,25040/8388608,25040
15500000,6802360,74279248,629578453,25040/8388608,25040
15600000,6802360,83984424,629578453,25040/8388608,20864
15700000,6802360,93691224,629578453,25040/8388608,25040
15800000,7125376,38386128,661310782,25040/8388608,25040
15900000,7125376,48092264,661310782,25040/8388608,25040
16000000,7125376,57799048,661310782,25040/8388608,25040
16100000,7125376,67506080,661310782,25040/8388608,25040
16200000,7125376,77210896,661310782,20880/8388608,20880
16300000,7125376,86917032,661310782,25040/8388608,25040
16400000,7448296,31609880,693047213,25040/8388608,25040
16500000,7448296,41316480,693047213,25040/8388608,25040
16600000,7448296,51021568,693047213,25040/8388608,25040
16700000,7448296,60730248,693047213,25040/8388608,25040
16800000,7448296,70436872,693047213,25040/8388608,25040
16900000,7448296,80141088,693047213,25040/8388608,25040
17000000,7448296,89847424,693047213,25040/8388608,25040
17100000,7771312,34538704,724790332,25040/8388608,25040
17200000,7771312,44247064,724790332,25040/8388608,25040
17300000,7771312,53952808,724790332,20864/8388608,25040
17400000,7771312,63659448,724790332,25040/8388608,25040
17500000,7771312,73364944,724790332,25040/8388608,25040
17600000,7771312,83073624,724790332,25040/8388608,25040
17700000,7771312,92779904,724790332,25040/8388608,25040
17800000,8094328,37472864,756547820,25040/8388608,25040
17900000,8094328,47177576,756547820,25056/8388608,25056
18000000,8094328,56885744,756547820,25040/8388608,25040
18100000,8094328,66591896,756547820,25040/8388608,25040
18200000,8094328,76298512,756547820,25040/8388608,25040
18300000,8094328,86006952,756547820,25040/8388608,25040
18400000,8094328,95713760,756547820,25040/8388608,25040
18500000,8417280,40407440,788300259,25040/8388608,25040
18600000,8417280,50115528,788300259,20880/8388608,20880
18700000,8417280,59822536,788300259,25040/8388608,25040
18800000,8417280,69530496,788300259,0/8388608,0
18900000,8417280,79236400,788300259,0/8388608,0
19000000,8229048,88944032,1235771462,29280/8388608,29280
19100000,8551968,33637680,804753776,29216/8388608,29216
19200000,8551968,43345240,804753776,29216/8388608,25040
19300000,8551968,53053280,804753776,29216/8388608,29216
19400000,8551968,62760552,804753776,29216/8388608,29216
19500000,8551968,72466368,804753776,29216/8388608,29216
19600000,8551968,82174600,804753776,29216/8388608,29216
19700000,8874952,26868648,836503595,29200/8388608,29200
19800000,8874952,36574448,836503595,29216/8388608,29216
19900000,8874952,46281352,836503595,25056/8388608,25056
20000000,8874952,55990016,836503595,29216/8388608,29216
20100000,8874952,65696176,836503595,29216/8388608,29216
20200000,8874952,75402472,836503595,29216/8388608,29216
20300000,8874952,85108776,836503595,29216/8388608,29216
20400000,9197936,29801960,868250787,29216/8388608,29216
20500000,9197936,39507296,868250787,29216/8388608,29216
20600000,9197936,49212744,868250787,25040/8388608,25040
20700000,9197936,58921720,868250787,29216/8388608,29216
20800000,9197936,68629048,868250787,29216/8388608,29216
20900000,9197936,78335896,868250787,29216/8388608,29216
21000000,9197936,88042944,868250787,29216/8388608,29216
21100000,9520872,32737048,900005465,29216/8388608,29216
21200000,9520872,42443784,900005465,25056/8388608,25056
21300000,9520872,52149344,900005465,29216/8388608,29216
21400000,9520872,61854952,900005465,29216/8388608,29216
21500000,9520872,71562192,900005465,29216/8388608,29216
21600000,9520872,81269600,900005465,29216/8388608,29216
21700000,9520872,90978336,900005465,29216/8388608,29216
21800000,9843888,35673112,931771126,29216/8388608,29216
21900000,9843888,45377800,931771126,29216/8388608,29216
22000000,9843888,55083904,931771126,29248/8388608,29248
22100000,9843888,64788832,931771126,29216/8388608,29216
22200000,9843888,74497400,931771126,25056/8388608,25056
22300000,9843888,84204072,931771126,29216/8388608,29216
22400000,10166872,28897288,963525020,29216/8388608,29216
22500000,10166872,38603816,963525020,29216/8388608,29216
22600000,10166872,48313496,963525020,29216/8388608,29216
22700000,10166872,58016736,963525020,29216/8388608,25056
22800000,10166872,67722904,963525020,29152/8388608,29152
22900000,10166872,77430408,963525020,29216/8388608,29216
23000000,10166872,87140096,963525020,29216/8388608,29216
23100000,10166872,96844120,963525020,29216/8388608,29216
23200000,10489888,41535648,995282241,29216/8388608,29216
23300000,10489888,51245176,995282241,29216/8388608,29216
23400000,10489888,60952320,995282241,29216/8388608,29216
23500000,10489888,70658816,995282241,29216/8388608,29216
23600000,10489888,80364736,995282241,29216/8388608,29216
23700000,10489888,90072608,995282241,29216/8388608,29216
23800000,10489888,99781776,995282241,29216/8388608,29216
23900000,10812952,44474792,1027040442,0/8388608,0
24000000,10534432,54180400,1001967019,37584/8388608,37584
24100000,10534432,63886104,1001967019,37584/8388608,37584
24200000,10534432,73594960,1001967019,37584/8388608,37584
24300000,10534432,83302544,1001967019,37584/8388608,33408
24400000,10534432,93009592,1001967019,37584/8388608,37584
24500000,10857432,37702768,1033730117,37584/8388608,37584
24600000,10857432,47409464,1033730117,37568/8388608,37568
24700000,10857432,57115296,1033730117,37568/8388608,37568
24800000,10857432,66820328,1033730117,37568/8388608,33392
24900000,10857432,76527680,1033730117,37568/8388608,37568
25000000,10857432,86235264,1033730117,37568/8388608,37568
25100000,10857432,95941144,1033730117,37568/8388608,37568
25200000,11180464,40634480,1065484006,37568/8388608,37568
25300000,11180464,50343520,1065484006,37568/8388608,37568
25400000,11180464,60049664,1065484006,37568/8388608,37568
25500000,11180464,69757144,1065484006,37568/8388608,37568
25600000,11180464,79463720,1065484006,37568/8388608,37568
25700000,11180464,89170928,1065484006,37568/8388608,37568
25800000,11180464,98877232,1065484006,37568/8388608,37568
25900000,11503448,43570200,1097247368,37568/8388608,37568
26000000,11503448,53275248,1097247368,37568/8388608,37568
26100000,11503448,62982568,1097247368,33408/8388608,33408
26200000,11503448,72688592,1097247368,37568/8388608,37568
26300000,11503448,82393848,1097247368,37568/8388608,37568
26400000,11503448,92103792,1097247368,37568/8388608,37568
26500000,11503448,101809640,1097247368,37568/8388608,37568
26600000,11826480,46503816,1129015251,37568/8388608,37568
26700000,11826480,56209608,1129015251,37568/8388608,37568
26800000,11826480,65917328,1129015251,37568/8388608,37568
26900000,11826480,75624368,1129015251,33408/8388608,33408
27000000,11826480,85332360,1129015251,37568/8388608,37568
27100000,11826480,95038416,1129015251,37568/8388608,37568
27200000,12149528,39731744,1160768632,33392/8388608,33392
27300000,12149528,49439184,1160768632,33392/8388608,33392
27400000,12149528,59146824,1160768632,37568/8388608,37568
27500000,12149528,68855256,1160768632,37568/8388608,37568
27600000,12149528,78561192,1160768632,37568/8388608,37568
27700000,12149528,88268016,1160768632,37568/8388608,37568
27800000,12149528,97977032,1160768632,37568/8388608,37568
27900000,12149528,107685856,1160768632,37568/8388608,37568
28000000,12472496,52380224,1192519143,37568/8388608,37568
28100000,12472496,62083960,1192519143,37568/8388608,37568
28200000,12472496,71790384,1192519143,37568/8388608,37568
28300000,12472496,81497448,1192519143,37568/8388608,37568
28400000,12472496,91204608,1192519143,37568/8388608,37568
28500000,12795480,35898216,1224271995,37568/8388608,37568
28600000,12795480,45605336,1224271995,37568/8388608,37568
28700000,12795480,55313088,1224271995,37568/8388608,37568
28800000,12795480,65018608,1224271995,37568/8388608,33408
28900000,12795480,74725856,1224271995,37568/8388608,37568
29000000,12795480,84431704,1224271995,37568/8388608,37568
29100000,12795480,94138368,1224271995,37568/8388608,37568
29200000,12795480,103843472,1224271995,37568/8388608,33408
29300000,13118512,48537264,1256027022,37568/8388608,37568
29400000,13118512,58244656,1256027022,37568/8388608,37568
29500000,13118512,67952360,1256027022,37568/8388608,37568
29600000,13118512,77659392,1256027022,37568/8388608,37568
29700000,13118512,87366648,1256027022,37568/8388608,37568
29800000,13118512,97074112,1256027022,37568/8388608,37568
29900000,13441496,41766832,1287776341,37568/8388608,37568
30000000,13441496,51474320,1287776341,33392/8388608,33392
30100000,13441496,61181792,1287776341,37568/8388608,37568
30200000,13441496,70891328,1287776341,37568/8388608,37568
30300000,13441496,80599616,1287776341,37568/8388608,37568
30400000,13441496,90310520,1287776341,37568/8388608,37568
30500000,13441496,100016376,1287776341,37568/8388608,37568
30600000,13764496,44709624,1319537629,37568/8388608,37568
30700000,13292680,54416832,1274543506,45984/8388608,45984
30800000,13292680,64121232,1274543506,45984/8388608,45984
30900000,13292680,73829680,1274543506,41808/8388608,41808
31000000,13292680,83536312,1274543506,45984/8388608,45984
31100000,13292680,93242592,1274543506,45984/8388608,45984
31200000,13615584,37934064,1306290209,45984/8388608,45984
31300000,13615584,47640616,1306290209,45984/8388608,45984
31400000,13615584,57348256,1306290209,45952/8388608,45952
31500000,13615584,67058128,1306290209,45968/8388608,45968
31600000,13615584,76764944,1306290209,41792/8388608,45968
31700000,13615584,86472840,1306290209,45968/8388608,41792
31800000,13938680,31163544,1338052001,45968/8388608,45968
31900000,13938680,40873056,1338052001,45968/8388608,45968
32000000,13938680,50580336,1338052001,45952/8388608,45952
32100000,13938680,60287856,1338052001,45936/8388608,45936
32200000,13938680,69995624,1338052001,45936/8388608,45936
32300000,13938680,79703072,1338052001,45936/8388608,45936
32400000,13938680,89408544,1338052001,45936/8388608,45936
32500000,14261600,34099088,1369856823,45936/8388608,45936
32600000,14261600,43804592,1369856823,45920/8388608,45920
32700000,14261600,53511208,1369856823,45920/8388608,45920
32800000,14261600,63219784,1369856823,45920/8388608,45920
32900000,14261600,72926832,1369856823,45920/8388608,45920
33000000,14261600,82631832,1369856823,45920/8388608,45920
33100000,14261600,92338624,1369856823,45904/8388608,45904
33200000,14261600,102048624,1369856823,45904/8388608,45904
33300000,14584536,46742056,1401617243,41744/8388608,41744
33400000,14584536,56447376,1401617243,45920/8388608,45920
33500000,14584536,66153760,1401617243,45920/8388608,45920
33600000,14584536,75862424,1401617243,45920/8388608,45920
33700000,14584536,85568056,1401617243,45920/8388608,45920
33800000,14584536,95272112,1401617243,45920/8388608,45920
33900000,14584536,104977736,1401617243,45920/8388608,45920
34000000,14907568,49671024,1433369126,45920/8388608,45920
34100000,14907568,59378872,1433369126,45920/8388608,45920
34200000,14907568,69087520,1433369126,45920/8388608,45920
34300000,14907568,78793840,1433369126,41760/8388608,41760
34400000,14907568,88500984,1433369126,45920/8388608,45920
34500000,14907568,98208464,1433369126,45920/8388608,45920
34600000,15230568,42901824,1465126227,45936/8388608,45936
34700000,15230568,52608720,1465126227,45920/8388608,41760
34800000,15230568,62314536,1465126227,45920/8388608,45920
34900000,15230568,72019952,1465126227,45920/8388608,45920
35000000,15230568,81726208,1465126227,45920/8388608,45920
35100000,15230568,91432528,1465126227,45920/8388608,45920
35200000,15230568,101139328,1465126227,45920/8388608,45920
35300000,15553536,45832920,1496878078,45936/8388608,45936
35400000,15553536,55539576,1496878078,45920/8388608,45920
35500000,15553536,65245200,1496878078,45920/8388608,45920
35600000,15553536,74951512,1496878078,45920/8388608,45920
35700000,15553536,84657504,1496878078,45920/8388608,45920
35800000,15553536,94362592,1496878078,45920/8388608,45920
35900000,15553536,104070696,1496878078,45920/8388608,45920
36000000,15876536,48761656,1528638767,45920/8388608,45920
36100000,15876536,58469344,1528638767,45920/8388608,45920
36200000,15876536,68177160,1528638767,41760/8388608,41760
36300000,15876536,77885368,1528638767,45920/8388608,45920
36400000,15876536,87591712,1528638767,45920/8388608,45920
36500000,15876536,97297896,1528638767,45920/8388608,45920
36600000,16199536,41991048,1560389470,45920/8388608,45920
36700000,16199536,51696272,1560389470,45920/8388608,45920
36800000,16199536,61403800,1560389470,45920/8388608,45920
36900000,16199536,71110624,1560389470,45920/8388608,45920
37000000,16199536,80816384,1560389470,45920/8388608,45920
37100000,16199536,90521456,1560389470,45920/8388608,45920
37200000,16199536,100229000,1560389470,45920/8388608,45920
37300000,16522520,44922376,1592140771,45920/8388608,45920
37400000,16522520,54628440,1592140771,45920/8388608,45920
37500000,16522520,64335576,1592140771,41760/8388608,41760
37600000,16845600,9031688,1623900735,45920/8388608,45920
37700000,16845600,18740816,1623900735,45920/8388608,45920
37800000,16084856,28445256,1549764228,50128/8388608,50128
37900000,16084856,38153984,1549764228,50128/8388608,50128
38000000,16084856,47861112,1549764228,50128/8388608,50128
38100000,16084856,57568688,1549764228,50128/8388608,50128
38200000,16084856,67276680,1549764228,50128/8388608,50128
38300000,16084856,76985832,1549764228,50128/8388608,50128
38400000,16084856,86690584,1549764228,50128/8388608,50128
38500000,16084856,96396920,1549764228,50096/8388608,50096
38600000,16407904,41090864,1581523161,45936/8388608,45936
38700000,16407904,50797880,1581523161,50112/8388608,50112
38800000,16407904,60505736,1581523161,50112/8388608,50112
38900000,16407904,70214536,1581523161,50112/8388608,50112
39000000,16407904,79922672,1581523161,50112/8388608,50112
39100000,16407904,89627064,1581523161,50112/8388608,50112
39200000,16730808,34319608,1613272518,50096/8388608,45936
39300000,16730808,44025656,1613272518,50032/8388608,50032
39400000,16730808,53732192,1613272518,50096/8388608,50096
39500000,16730808,63437592,1613272518,50096/8388608,50096
39600000,16730808,73146224,1613272518,50096/8388608,50096
39700000,16730808,82852664,1613272518,50096/8388608,50096
39800000,16730808,92560440,1613272518,50096/8388608,50096
39900000,17053936,37252144,1645034381,50096/8388608,50096
40000000,17053936,46959240,1645034381,50096/8388608,50096
40100000,17053936,56666864,1645034381,50096/8388608,50096
40200000,17053936,66376032,1645034381,50096/8388608,50096
40300000,17053936,76083536,1645034381,50096/8388608,50096
40400000,17053936,85790640,1645034381,50096/8388608,50096
40500000,17376952,30481192,1676784708,45920/8388608,50096
40600000,17376952,40187632,1676784708,50096/8388608,50096
40700000,17376952,49895152,1676784708,50096/8388608,50096
40800000,17376952,59601720,1676784708,50096/8388608,50096
40900000,17376952,69310064,1676784708,45920/8388608,45920
41000000,17376952,79019624,1676784708,50096/8388608,50096
41100000,17376952,88726536,1676784708,50096/8388608,50096
41200000,17700048,33419976,1708546262,50096/8388608,50096
41300000,17700048,43127976,1708546262,50096/8388608,50096
41400000,17700048,52833296,1708546262,50096/8388608,50096
41500000,17700048,62541560,1708546262,50096/8388608,50096
41600000,17700048,72249944,1708546262,50096/8388608,50096
41700000,17700048,81956296,1708546262,45936/8388608,50096
41800000,17700048,91663936,1708546262,50096/8388608,50096
41900000,18023048,36355664,1740299288,50096/8388608,50096
42000000,18023048,46063952,1740299288,45936/8388608,45936
42100000,18023048,55771048,1740299288,50096/8388608,50096
42200000,18023048,65478616,1740299288,50096/8388608,50096
42300000,18023048,75184960,1740299288,50096/8388608,50096
42400000,18023048,84893072,1740299288,50096/8388608,50096
42500000,18346000,29585880,1772059523,50096/8388608,50096
42600000,18346000,39294288,1772059523,45936/8388608,50096
42700000,18346000,49002928,1772059523,50096/8388608,50096
42800000,18346000,58710512,1772059523,50096/8388608,50096
42900000,18346000,68418256,1772059523,50096/8388608,50096
43000000,18346000,78127368,1772059523,50096/8388608,50096
43100000,18346000,87832824,1772059523,45936/8388608,50096
43200000,18668872,32523592,1803810761,50096/8388608,50096
43300000,18668872,42229048,1803810761,50096/8388608,50096
43400000,18668872,51935440,1803810761,50096/8388608,50096
43500000,18668872,61642808,1803810761,50096/8388608,50096
43600000,18668872,71351424,1803810761,50096/8388608,50096
43700000,18668872,81057672,1803810761,45920/8388608,45920
43800000,18668872,90765664,1803810761,50096/8388608,50096
43900000,18991808,35459184,1835562147,50096/8388608,50096
44000000,18991808,45165472,1835562147,50096/8388608,50096
44100000,18991808,54872896,1835562147,50096/8388608,50096
44200000,18991808,64578064,1835562147,50096/8388608,50096
44300000,18991808,74287824,1835562147,50096/8388608,50096
44400000,19314856,18981488,1867322115,50096/8388608,50096
44500000,19314856,28688360,1867322115,50096/8388608,50096
44600000,19314856,38393808,1867322115,50096/8388608,50096
44700000,18343968,48101072,1772302556,4160/8388608,8320
44800000,18343968,57806928,1772302556,8320/8388608,8320
44900000,18343968,67513632,1772302556,8320/8388608,8320
45000000,18343968,77219632,1772302556,8320/8388608,8320
45100000,18343968,86925424,1772302556,8320/8388608,8320
45200000,18343968,96632016,1772302556,8320/8388608,8320
45300000,18343968,106337288,1772302556,8320/8388608,8320
45400000,18666856,51029496,1804059925,8320/8388608,8320
45500000,18666856,60733656,1804059925,8320/8388608,8320
45600000,18666856,70441024,1804059925,4160/8388608,4160
45700000,18666856,80148792,1804059925,4160/8388608,4160
45800000,18666856,89855672,1804059925,8320/8388608,8320
45900000,18666856,99563256,1804059925,8320/8388608,8320
46000000,18989888,44257448,1835817036,8320/8388608,8320
46100000,18989888,53964144,1835817036,8320/8388608,8320
46200000,18989888,63668984,1835817036,8320/8388608,8320
46300000,18989888,73377912,1835817036,8320/8388608,8320
46400000,18989888,83085072,1835817036,8320/8388608,8320
46500000,18989888,92792720,1835817036,8320/8388608,8320
46600000,18989888,102499544,1835817036,8320/8388608,8320
46700000,19312952,47193592,1867568720,8320/8388608,8320
46800000,19312952,56901632,1867568720,0/8388608,0
46900000,19063736,66608272,1822451460,58544/8388608,58544
47000000,19063736,76314064,1822451460,58544/8388608,58544
47100000,19063736,86019712,1822451460,54368/8388608,54368
47200000,19386848,30713752,1854215299,58544/8388608,58544
47300000,19386848,40419312,1854215299,58544/8388608,58544
47400000,19386848,50126040,1854215299,58544/8388608,58544
47500000,19386848,59833328,1854215299,58512/8388608,58512
47600000,19386848,69539600,1854215299,58512/8388608,58512
47700000,19386848,79245384,1854215299,58448/8388608,58448
47800000,19386848,88950296,1854215299,58512/8388608,58512
47900000,19709912,33643248,1885978292,58512/8388608,58512
48000000,19709912,43349032,1885978292,58512/8388608,58512
48100000,19709912,53056768,1885978292,58512/8388608,58512
48200000,19709912,62761752,1885978292,58480/8388608,58480
48300000,19709912,72471688,1885978292,58480/8388608,58480
48400000,19709912,82178136,1885978292,58480/8388608,58480
48500000,19709912,91884552,1885978292,58480/8388608,58480
48600000,20032928,36577008,1917736073,58480/8388608,58480
48700000,20032928,46283624,1917736073,58480/8388608,58480
48800000,20032928,55991808,1917736073,58448/8388608,58448
48900000,20032928,65700416,1917736073,58448/8388608,58448
49000000,20032928,75407776,1917736073,58448/8388608,58448
49100000,20032928,85116840,1917736073,58448/8388608,58448
49200000,20355944,29810440,1949491300,58448/8388608,58448
49300000,20355944,39516384,1949491300,58448/8388608,58448
49400000,20355944,49225144,1949491300,58448/8388608,58448
49500000,20355944,58930296,1949491300,58448/8388608,58448
49600000,20355944,68638552,1949491300,58448/8388608,58448
49700000,20355944,78347216,1949491300,58448/8388608,58448
49800000,20355944,88052792,1949491300,54288/8388608,54288
49900000,20678976,32745536,1981247058,58448/8388608,58448
50000000,20678976,42451464,1981247058,58448/8388608,58448
50100000,20678976,52159024,1981247058,58448/8388608,58448
50200000,20678976,61865432,1981247058,58448/8388608,58448
50300000,20678976,71575592,1981247058,54288/8388608,54288
50400000,20678976,81283496,1981247058,58432/8388608,58432
50500000,20678976,90989056,1981247058,58448/8388608,58448
50600000,21001976,35681184,2012996837,58448/8388608,58448
50700000,21001976,45387328,2012996837,58448/8388608,58448
50800000,21001976,55092120,2012996837,58448/8388608,58448
50900000,21001976,64799584,2012996837,58448/8388608,58448
51000000,21001976,74505776,2012996837,58448/8388608,58448
51100000,21001976,84214432,2012996837,58448/8388608,58448
51200000,21001976,93923040,2012996837,58448/8388608,58448
51300000,21001976,103630568,2012996837,58448/8388608,58448
51400000,21324992,48323592,2044762904,58448/8388608,54288
51500000,21324992,58029120,2044762904,58448/8388608,58448
51600000,21324992,67735728,2044762904,58448/8388608,58448
51700000,21647944,12428808,2076523997,58448/8388608,58448
51800000,21647944,22137328,2076523997,58448/8388608,58448
51900000,21647944,31844184,2076523997,58448/8388608,54288
52000000,21647944,41549488,2076523997,58448/8388608,58448
52100000,21647944,51258616,2076523997,58448/8388608,58448
52200000,21647944,60964288,2076523997,58448/8388608,58448
52300000,20863632,5656552,1998505858,0/8388608,0
52400000,20863632,15363176,1998505858,8320/8388608,8320
52500000,20863632,25070304,1998505858,4160/8388608,4160
52600000,20863632,34775392,1998505858,8320/8388608,8320
52700000,20863632,44480968,1998505858,8320/8388608,8320
52800000,20863632,54186672,1998505858,8320/8388608,4160
52900000,20863632,63894136,1998505858,8320/8388608,8320
53000000,20863632,73600784,1998505858,8320/8388608,8320
53100000,20863632,83308648,1998505858,4160/8388608,4160
53200000,20863632,93012752,1998505858,4160/8388608,0
53300000,21186568,37704608,2030255265,0/8388608,0
53400000,21038312,47411784,2002575048,4160/8388608,8320
53500000,21038312,57117408,2002575048,8320/8388608,8320
53600000,21038312,66826520,2002575048,8320/8388608,8320
53700000,21038312,76532328,2002575048,8320/8388608,8320
53800000,21038312,86238528,2002575048,8320/8388608,8320
53900000,21038312,95947672,2002575048,8320/8388608,8320
54000000,21038312,105653328,2002575048,8320/8388608,8320
54100000,21361392,50346000,2034334152,4160/8388608,4160
54200000,21361392,60053008,2034334152,8320/8388608,8320
54300000,21361392,69761288,2034334152,8320/8388608,8320
54400000,21361392,79467104,2034334152,8320/8388608,8320
54500000,21361392,89173016,2034334152,8320/8388608,8320
54600000,21361392,98880728,2034334152,8320/8388608,8320
54700000,21684456,43572968,2066102605,8320/8388608,8320
54800000,21684456,53278016,2066102605,8320/8388608,8320
54900000,21684456,62986456,2066102605,4160/8388608,8320
55000000,21684456,72691944,2066102605,8320/8388608,8320
55100000,21684456,82398072,2066102605,8320/8388608,8320
55200000,21684456,92104720,2066102605,8320/8388608,8320
55300000,21684456,101812344,2066102605,8320/8388608,8320
55400000,22007408,46502088,2097853277,4160/8388608,4160
55500000,21691360,56206992,2043743207,58448/8388608,58448
55600000,21691360,65912080,2043743207,54272/8388608,58448
55700000,21691360,75617928,2043743207,58448/8388608,58448
55800000,21691360,85327408,2043743207,58448/8388608,58448
55900000,21691360,95034248,2043743207,54272/8388608,58448
56000000,22014392,39724912,2075497372,58448/8388608,58448
56100000,22014392,49431736,2075497372,58448/8388608,58448
56200000,22014392,59138320,2075497372,58464/8388608,54288
56300000,22014392,68843392,2075497372,58448/8388608,58448
56400000,22014392,78549680,2075497372,58448/8388608,58448
56500000,22014392,88257240,2075497372,58448/8388608,58448
56600000,22337360,32947544,2107262433,58448/8388608,54272
56700000,22337360,42654008,2107262433,58448/8388608,58448
56800000,22337360,52361456,2107262433,58464/8388608,58464
56900000,22337360,62067624,2107262433,58448/8388608,58448
57000000,22337360,71774288,2107262433,58448/8388608,58448
57100000,22337360,81482208,2107262433,58448/8388608,58448
57200000,22337360,91189632,2107262433,58448/8388608,58448
57300000,22660376,35882856,2139022707,58448/8388608,58448
57400000,22660376,45588648,2139022707,58448/8388608,58448
57500000,22660376,55296416,2139022707,58464/8388608,58464
57600000,22660376,65004568,2139022707,58448/8388608,58448
57700000,22660376,74711728,2139022707,58448/8388608,58448
57800000,22660376,84420008,2139022707,58448/8388608,58448
57900000,22660376,94126528,2139022707,58448/8388608,58448
58000000,22983360,38817184,2170783128,58448/8388608,58448
58100000,22983360,48523960,2170783128,58464/8388608,58464
58200000,22983360,58231800,2170783128,58448/8388608,58448
58300000,22983360,67938672,2170783128,58448/8388608,58448
58400000,22983360,77644656,2170783128,58448/8388608,58448
58500000,22983360,87353312,2170783128,54288/8388608,54288
58600000,22983360,97058880,2170783128,58448/8388608,58448
58700000,23306424,41753400,2202538440,58448/8388608,58448
58800000,23306424,51461488,2202538440,58448/8388608,58448
58900000,23306424,61167360,2202538440,58448/8388608,58448
59000000,23306424,70874408,2202538440,54272/8388608,54272
59100000,23306424,80581856,2202538440,58448/8388608,58448
59200000,23306424,90286552,2202538440,58448/8388608,58448
59300000,23306424,99991008,2202538440,58448/8388608,58448
59400000,23629360,44684568,2234297510,54288/8388608,54288
59500000,23629360,54391504,2234297510,58448/8388608,58448
59600000,23629360,64098704,2234297510,58448/8388608,58448
59700000,23629360,73807760,2234297510,58448/8388608,58448
59800000,23629360,83511688,2234297510,58448/8388608,58448
59900000,23629360,93215680,2234297510,58448/8388608,58448
60000000,23629360,102923304,2234297510,58448/8388608,58448
60100000,23952360,47613024,2266053999,58448/8388608,58448
60200000,23952360,57320568,2266053999,58448/8388608,58448
60300000,23952360,67028664,2266053999,54288/8388608,58448
60400000,24275312,11720184,2297806766,58448/8388608,58448
60500000,24275312,21425840,2297806766,58464/8388608,58464
60600000,24275312,31132904,2297806766,58464/8388608,58464
60700000,23125880,40839408,2184616413,8320/8388608,8320
60800000,23125880,50543552,2184616413,8320/8388608,8320
60900000,23125880,60248392,2184616413,8320/8388608,8320
61000000,23125880,69956968,2184616413,8320/8388608,8320
61100000,23125880,79663560,2184616413,8320/8388608,4160
61200000,23125880,89372152,2184616413,4160/8388608,4160
61300000,23125880,99078504,2184616413,4160/8388608,4160
61400000,23448880,43772888,2216369531,0/8388608,0
61500000,23390256,53477824,2203451592,8320/8388608,8320
61600000,23390256,63183928,2203451592,8320/8388608,8320
61700000,23390256,72889848,2203451592,4160/8388608,4160
61800000,23390256,82597584,2203451592,8320/8388608,8320
61900000,23390256,92306696,2203451592,4160/8388608,4160
62000000,23713224,37000232,2235202094,8320/8388608,8320
62100000,23713224,46707888,2235202094,8320/8388608,8320
62200000,23713224,56412624,2235202094,4160/8388608,4160
62300000,23713224,66119288,2235202094,4160/8388608,4160
62400000,23713224,75826376,2235202094,0/8388608,0
62500000,23546488,85532568,2341169151,8320/8388608,8320
