opseq,index_size,memtable_size,sst_size,block_cache/block_cache_capacity,block_cache_pinned_usage
100,0,17832,0,0/8388608,0
200,0,30832,0,0/8388608,0
300,0,43744,0,0/8388608,0
400,0,56704,0,0/8388608,0
500,0,69648,0,0/8388608,0
600,0,82512,0,0/8388608,0
700,0,95456,0,0/8388608,0
800,0,108328,0,0/8388608,0
900,0,121248,0,0/8388608,0
1000,0,134144,0,0/8388608,0
1500,0,198704,0,0/8388608,0
2000,0,263248,0,0/8388608,0
2500,0,327728,0,0/8388608,0
3000,0,392232,0,0/8388608,0
3500,0,456800,0,0/8388608,0
4000,0,521408,0,0/8388608,0
4500,0,585968,0,0/8388608,0
5000,0,650496,0,0/8388608,0
6000,0,779648,0,0/8388608,0
7000,0,908688,0,0/8388608,0
8000,0,1037576,0,0/8388608,0
9000,0,1166528,0,0/8388608,0
10000,0,1295648,0,0/8388608,0
15000,0,1941104,0,0/8388608,0
20000,0,2586512,0,0/8388608,0
25000,0,3232512,0,0/8388608,0
30000,0,3878000,0,0/8388608,0
35000,0,4523840,0,0/8388608,0
40000,0,5169136,0,0/8388608,0
45000,0,5814176,0,0/8388608,0
50000,0,6459200,0,0/8388608,0
60000,0,7749648,0,0/8388608,0
70000,0,9044408,0,0/8388608,0
80000,0,10334888,0,0/8388608,0
90000,0,11625560,0,0/8388608,0
100000,0,12916840,0,0/8388608,0
150000,0,19374560,0,0/8388608,0
200000,0,25831480,0,0/8388608,0
250000,0,32286088,0,0/8388608,0
300000,0,38742936,0,0/8388608,0
350000,0,45201648,0,0/8388608,0
400000,0,51660200,0,0/8388608,0
450000,0,58113976,0,0/8388608,0
500000,0,64570600,0,0/8388608,0
600000,0,77483240,0,0/8388608,0
700000,0,90397856,0,0/8388608,0
800000,0,103309656,0,0/8388608,0
900000,358760,51172104,37775210,0/8388608,0
1000000,358760,64077432,37775210,0/8388608,0
1100000,358760,76987200,37775210,0/8388608,0
1200000,358760,89893376,37775210,0/8388608,0
1300000,358760,102800352,37775210,0/8388608,0
1400000,717600,50670000,75526646,0/8388608,0
1500000,717600,63576760,75526646,0/8388608,0
1600000,717600,76484000,75526646,0/8388608,0
1700000,717600,89391120,75526646,0/8388608,0
1800000,717600,102297488,75526646,0/8388608,0
1900000,1076312,50188976,113262566,0/8388608,0
2000000,1076312,63095016,113262566,0/8388608,0
2100000,1076312,76003376,113262566,0/8388608,0
2200000,1076312,88910784,113262566,0/8388608,0
2300000,1076312,101815928,113262566,0/8388608,0
2400000,1435040,49708520,151006831,12432/8388608,12432
2500000,1435040,62617000,151006831,16576/8388608,16576
2600000,1435040,75526992,151006831,16576/8388608,16576
2700000,1435040,88432360,151006831,16576/8388608,16576
2800000,1435040,101337616,151006831,16576/8388608,16576
2900000,1435040,114243968,151006831,16576/8388608,16576
3000000,1793784,62136304,188758583,16576/8388608,16576
3100000,1793784,75042176,188758583,16576/8388608,16576
3200000,1793784,87946904,188758583,12432/8388608,12432
3300000,1793784,100852760,188758583,16576/8388608,16576
3400000,2152528,48745496,226495187,16576/8388608,16576
3500000,2152528,61653272,226495187,0/8388608,0
3600000,2127928,74560056,212198614,0/8388608,0
3700000,2127928,87469336,212198614,0/8388608,0
3800000,2127928,100374680,212198614,0/8388608,0
3900000,2486672,48268504,249931754,0/8388608,0
4000000,2486672,61173320,249931754,0/8388608,0
4100000,2486672,74081392,249931754,0/8388608,0
4200000,2486672,86986840,249931754,0/8388608,0
4300000,2486672,99892712,249931754,0/8388608,0
4400000,2845352,47784216,287678909,20704/8388608,20704
4500000,2845352,60691480,287678909,20704/8388608,20704
4600000,2845352,73600344,287678909,20720/8388608,20720
4700000,2845352,86507608,287678909,20704/8388608,20704
4800000,2845352,99414176,287678909,20704/8388608,20704
4900000,2845352,112320824,287678909,20704/8388608,20704
5000000,3204096,60215592,325409522,20704/8388608,20704
5100000,3204096,73122672,325409522,20704/8388608,20704
5200000,3204096,86031584,325409522,20704/8388608,16560
5300000,3204096,98938880,325409522,20704/8388608,20704
5400000,3562920,46830120,363149450,20704/8388608,20704
5500000,3562920,59736024,363149450,20704/8388608,20704
5600000,3562920,72644208,363149450,20704/8388608,20704
5700000,3562920,85552752,363149450,20704/8388608,20704
5800000,3562920,98457232,363149450,20704/8388608,20704
5900000,3921712,46349640,400892723,20704/8388608,20704
6000000,3921712,59254552,400892723,20704/8388608,20704
6100000,3921712,72159072,400892723,20704/8388608,20704
6200000,3921712,85065232,400892723,20704/8388608,20704
6300000,3921712,97968800,400892723,20704/8388608,20704
6400000,4280408,45863112,438632916,0/8388608,0
6500000,4170784,58773544,415626482,20704/8388608,20704
6600000,4170784,71681688,415626482,20704/8388608,20704
6700000,4170784,84586808,415626482,20704/8388608,20704
6800000,4170784,97491760,415626482,20704/8388608,20704
6900000,4529416,45383736,453352569,20704/8388608,20704
7000000,4529416,58290224,453352569,20704/8388608,20704
7100000,4529416,71196864,453352569,20704/8388608,20704
7200000,4529416,84103160,453352569,20704/8388608,20704
7300000,4529416,97009048,453352569,20704/8388608,20704
7400000,4888160,44901624,491096486,20704/8388608,20704
7500000,4888160,57807248,491096486,20704/8388608,20704
7600000,4888160,70712904,491096486,20704/8388608,20704
7700000,4888160,83621712,491096486,20704/8388608,20704
7800000,4888160,96530072,491096486,20704/8388608,20704
7900000,5246856,44422640,528836008,20704/8388608,20704
8000000,5246856,57329328,528836008,20704/8388608,20704
8100000,5246856,70235992,528836008,20704/8388608,20704
8200000,5246856,83141712,528836008,20704/8388608,20704
8300000,5246856,96047280,528836008,20704/8388608,20704
8400000,5605552,43937368,566568583,20704/8388608,20704
8500000,5605552,56846048,566568583,20704/8388608,20704
8600000,5605552,69751280,566568583,16560/8388608,16560
8700000,5605552,82658424,566568583,20704/8388608,20704
8800000,5605552,95565888,566568583,20704/8388608,20704
8900000,5964344,43460096,604305026,16576/8388608,16576
9000000,5964344,56364080,604305026,20704/8388608,20704
9100000,5964344,69269984,604305026,20704/8388608,20704
9200000,5964344,82176272,604305026,20704/8388608,20704
9300000,5964344,95081840,604305026,20704/8388608,20704
9400000,5964344,107989936,604305026,0/8388608,0
9500000,6130528,55882528,611300105,29040/8388608,29040
9600000,6130528,68789760,611300105,29040/8388608,29040
9700000,6130528,81695056,611300105,29040/8388608,29040
9800000,6130528,94604464,611300105,29040/8388608,29040
9900000,6489288,42496920,649038317,29040/8388608,29040
10000000,6489288,55405120,649038317,29008/8388608,29008
10100000,6489288,68311216,649038317,29008/8388608,29008
10200000,6489288,81218968,649038317,29024/8388608,29024
10300000,6489288,94123936,649038317,24880/8388608,24880
10400000,6847984,42018520,686781044,29024/8388608,29024
10500000,6847984,54926272,686781044,28992/8388608,24864
10600000,6847984,67833616,686781044,28992/8388608,28992
10700000,6847984,80738528,686781044,28992/8388608,28992
10800000,6847984,93645352,686781044,28992/8388608,28992
10900000,7206680,41537200,724523673,28992/8388608,28992
11000000,7206680,54444104,724523673,28992/8388608,28992
11100000,7206680,67349664,724523673,28992/8388608,28992
11200000,7206680,80256256,724523673,28992/8388608,28992
11300000,7206680,93160912,724523673,28992/8388608,28992
11400000,7565440,41054064,762269632,28992/8388608,28992
11500000,7565440,53960112,762269632,28992/8388608,28992
11600000,7565440,66869120,762269632,28992/8388608,28992
11700000,7565440,79773808,762269632,28992/8388608,28992
11800000,7565440,92680272,762269632,28992/8388608,28992
11900000,7924216,40571584,800004612,28992/8388608,28992
12000000,7924216,53476464,800004612,28992/8388608,28992
12100000,7924216,66382592,800004612,28992/8388608,24848
12200000,7924216,79291888,800004612,28992/8388608,28992
12300000,7924216,92197376,800004612,24848/8388608,28992
12400000,8282880,40091296,837753184,28992/8388608,28992
12500000,8282880,52995552,837753184,28992/8388608,28992
12600000,8282880,65902912,837753184,28992/8388608,28992
12700000,8282880,78808560,837753184,24864/8388608,24864
12800000,8282880,91716224,837753184,28992/8388608,28992
12900000,8641704,39609328,875502980,28992/8388608,28992
13000000,8641704,52516824,875502980,28992/8388608,28992
13100000,8641704,65423344,875502980,28992/8388608,28992
13200000,8641704,78331760,875502980,28992/8388608,28992
13300000,8641704,91236576,875502980,24864/8388608,24864
13400000,9000416,39129888,913238118,28992/8388608,24864
13500000,9000416,52038080,913238118,28992/8388608,28992
13600000,9000416,64945264,913238118,24864/8388608,28992
13700000,8568808,77852000,1464325943,33232/8388608,37376
13800000,8568808,90759488,1464325943,37376/8388608,37376
13900000,8927568,38652336,890777505,37280/8388608,37280
14000000,8927568,51559112,890777505,37280/8388608,33136
14100000,8927568,64466968,890777505,37280/8388608,37280
14200000,8927568,77374560,890777505,37280/8388608,37280
14300000,8927568,90281456,890777505,37280/8388608,33152
14400000,9286264,38175056,928523917,37280/8388608,37280
14500000,9286264,51082160,928523917,37280/8388608,37280
14600000,9286264,63990256,928523917,37280/8388608,37280
14700000,9286264,76899808,928523917,37280/8388608,37280
14800000,9286264,89808472,928523917,37280/8388608,33152
14900000,9644992,37700288,966267264,37280/8388608,37280
15000000,9644992,50607200,966267264,37280/8388608,37280
15100000,9644992,63513784,966267264,37280/8388608,37280
15200000,9644992,76418368,966267264,37280/8388608,37280
15300000,9644992,89325384,966267264,33152/8388608,33152
15400000,10003768,37218112,1004010156,37280/8388608,33152
15500000,10003768,50123896,1004010156,37280/8388608,37280
15600000,10003768,63033816,1004010156,37280/8388608,37280
15700000,10003768,75941696,1004010156,37280/8388608,37280
15800000,10003768,88846616,1004010156,37280/8388608,33152
15900000,10362480,36738528,1041761218,33152/8388608,37280
16000000,10362480,49645888,1041761218,33136/8388608,33136
16100000,10362480,62552272,1041761218,37280/8388608,37280
16200000,10362480,75458736,1041761218,37280/8388608,37280
16300000,10362480,88365768,1041761218,33152/8388608,33152
16400000,10721240,36258928,1079512189,33152/8388608,33152
16500000,10721240,49165984,1079512189,33152/8388608,37280
16600000,10721240,62071448,1079512189,37280/8388608,37280
16700000,10721240,74980544,1079512189,37280/8388608,33152
16800000,10721240,87888008,1079512189,37280/8388608,37280
16900000,11080112,35779528,1117261997,37280/8388608,37280
17000000,11080112,48685480,1117261997,37280/8388608,37280
17100000,11080112,61592632,1117261997,37280/8388608,37280
17200000,11080112,74499976,1117261997,37280/8388608,37280
17300000,11080112,87406888,1117261997,33152/8388608,33152
17400000,11438808,35299008,1155027712,37280/8388608,37280
17500000,11438808,48206552,1155027712,37280/8388608,37280
17600000,11438808,61113000,1155027712,37280/8388608,37280
17700000,11438808,74020096,1155027712,37280/8388608,37280
17800000,11438808,86925344,1155027712,37280/8388608,37280
17900000,11438808,99832768,1155027712,37280/8388608,37280
18000000,11797632,47726232,1192778759,37280/8388608,37280
18100000,11797632,60635208,1192778759,37280/8388608,37280
18200000,11797632,73541168,1192778759,37280/8388608,37280
18300000,11797632,86448280,1192778759,37280/8388608,37280
18400000,11797632,99354648,1192778759,37280/8388608,37280
18500000,12156344,47247416,1230533914,37280/8388608,37280
18600000,12156344,60154248,1230533914,37280/8388608,37280
18700000,12156344,73062040,1230533914,33152/8388608,33152
18800000,12156344,85968760,1230533914,37280/8388608,37280
18900000,12156344,98874960,1230533914,37280/8388608,37280
19000000,12515072,46769480,1268309741,0/8388608,0
19100000,11778424,59675832,1201973452,49808/8388608,49808
19200000,11778424,72582584,1201973452,49808/8388608,49808
19300000,11778424,85490232,1201973452,49808/8388608,45664
19400000,11778424,98396432,1201973452,49808/8388608,49808
19500000,12137152,46290080,1239733822,49808/8388608,49808
19600000,12137152,59199432,1239733822,49760/8388608,49760
19700000,12137152,72106544,1239733822,49760/8388608,49760
19800000,12137152,85013880,1239733822,49760/8388608,49760
19900000,12137152,97920240,1239733822,49760/8388608,49760
20000000,12495864,45813768,1277481539,49760/8388608,49760
20100000,12495864,58720520,1277481539,49728/8388608,49728
20200000,12495864,71629056,1277481539,49728/8388608,49728
20300000,12495864,84533976,1277481539,49728/8388608,49728
20400000,12495864,97440400,1277481539,49728/8388608,49728
20500000,12854608,45333512,1315238058,49728/8388608,49728
20600000,12854608,58240400,1315238058,49712/8388608,49712
20700000,12854608,71147360,1315238058,49712/8388608,49712
20800000,12854608,84053288,1315238058,49712/8388608,49712
20900000,12854608,96958768,1315238058,45568/8388608,49712
21000000,13213400,44852776,1352999632,49712/8388608,49712
21100000,13213400,57759376,1352999632,49712/8388608,49712
21200000,13213400,70667024,1352999632,49712/8388608,49712
21300000,13213400,83573256,1352999632,49712/8388608,49712
21400000,13213400,96479568,1352999632,49712/8388608,49712
21500000,13572112,44374216,1390762735,49712/8388608,49712
21600000,13572112,57280080,1390762735,49712/8388608,49712
21700000,13572112,70187344,1390762735,49712/8388608,49712
21800000,13572112,83092128,1390762735,45584/8388608,45584
21900000,13572112,95998976,1390762735,49712/8388608,49712
22000000,13930888,43889592,1428526012,49712/8388608,45568
22100000,13930888,56794896,1428526012,49712/8388608,49712
22200000,13930888,69702264,1428526012,49712/8388608,49712
22300000,13930888,82609528,1428526012,49712/8388608,49712
22400000,13930888,95514512,1428526012,49712/8388608,49712
22500000,14289632,43406904,1466299669,49712/8388608,49712
22600000,14289632,56313600,1466299669,49712/8388608,49712
22700000,14289632,69221808,1466299669,49712/8388608,49712
22800000,14289632,82128536,1466299669,45568/8388608,49712
22900000,14289632,95034296,1466299669,49712/8388608,49712
23000000,14648440,42928888,1504062340,49712/8388608,49712
23100000,14648440,55835648,1504062340,49712/8388608,49712
23200000,14648440,68744400,1504062340,49712/8388608,49712
23300000,14648440,81650272,1504062340,49712/8388608,49712
23400000,14648440,94556384,1504062340,49712/8388608,45584
23500000,15007216,42449704,1541828757,49712/8388608,49712
23600000,15007216,55356064,1541828757,49712/8388608,49712
23700000,15007216,68260816,1541828757,49712/8388608,49712
23800000,15366008,16154680,1579605025,49712/8388608,49712
23900000,15366008,29062840,1579605025,45584/8388608,49712
24000000,15366008,41969320,1579605025,49712/8388608,49712
24100000,13938992,54876240,1436947103,0/8388608,0
24200000,13938992,67780512,1436947103,45696/8388608,45696
24300000,13938992,80686512,1436947103,45696/8388608,45696
24400000,13938992,93593216,1436947103,45696/8388608,45696
24500000,14297656,41486672,1474703370,41536/8388608,41536
24600000,14297656,54395936,1474703370,45696/8388608,45696
24700000,14297656,67304928,1474703370,45664/8388608,45664
24800000,14297656,80212048,1474703370,41504/8388608,41504
24900000,14297656,93119144,1474703370,45680/8388608,45680
25000000,14656512,41012112,1512474168,45680/8388608,45680
25100000,14656512,53918304,1512474168,45680/8388608,45680
25200000,14656512,66826448,1512474168,45616/8388608,45616
25300000,14656512,79733680,1512474168,45616/8388608,45616
25400000,14656512,92640832,1512474168,45616/8388608,45616
25500000,15015272,40532256,1550243322,45616/8388608,45616
25600000,15015272,53435768,1550243322,45616/8388608,45616
25700000,15015272,66342760,1550243322,45616/8388608,45616
25800000,15015272,79247576,1550243322,45584/8388608,45584
25900000,15015272,92155800,1550243322,45584/8388608,45584
26000000,15374080,40047760,1588015707,45584/8388608,45584
26100000,15374080,52954720,1588015707,45584/8388608,45584
26200000,15374080,65862496,1588015707,45584/8388608,45584
26300000,15374080,78770240,1588015707,45568/8388608,45568
26400000,15374080,91679888,1588015707,45568/8388608,45568
26500000,15732808,39574632,1625783696,41440/8388608,41440
26600000,15732808,52480656,1625783696,45568/8388608,45568
26700000,15732808,65389728,1625783696,45568/8388608,45568
26800000,15732808,78295952,1625783696,41440/8388608,41440
26900000,15732808,91201488,1625783696,45568/8388608,45568
27000000,16091536,39094688,1663551836,45568/8388608,45568
27100000,16091536,51999952,1663551836,45568/8388608,45568
27200000,16091536,64905840,1663551836,45568/8388608,45568
27300000,16091536,77813904,1663551836,45568/8388608,45568
27400000,16091536,90720000,1663551836,45568/8388608,45568
27500000,16450344,38611392,1701319104,45568/8388608,45568
27600000,16450344,51517632,1701319104,45568/8388608,45568
27700000,16450344,64426128,1701319104,45568/8388608,45568
27800000,16450344,77334056,1701319104,45568/8388608,45568
27900000,16450344,90242072,1701319104,45568/8388608,45568
28000000,16808960,38136016,1739071734,41424/8388608,45568
28100000,16808960,51041360,1739071734,45568/8388608,45568
28200000,16808960,63950208,1739071734,45568/8388608,45568
28300000,16808960,76859104,1739071734,45568/8388608,45568
28400000,16808960,89765592,1739071734,45568/8388608,45568
28500000,17167656,37656496,1776827105,45568/8388608,45568
28600000,17167656,50562272,1776827105,45568/8388608,45568
28700000,17167656,63468384,1776827105,45568/8388608,45568
28800000,17167656,76373720,1776827105,45568/8388608,41440
28900000,17167656,89280184,1776827105,45568/8388608,45568
29000000,17526336,37174432,1814579735,45568/8388608,45568
29100000,17526336,50081432,1814579735,41424/8388608,45568
29200000,17526336,62991000,1814579735,45568/8388608,45568
29300000,17884904,10883064,1852322704,45568/8388608,45568
29400000,16719416,23789696,1731040378,0/8388608,0
29500000,16719416,36696824,1731040378,49744/8388608,49744
29600000,16719416,49603720,1731040378,49744/8388608,49744
29700000,16719416,62510328,1731040378,49744/8388608,49744
29800000,16719416,75417904,1731040378,45600/8388608,49744
29900000,16719416,88324520,1731040378,49744/8388608,49744
30000000,16719416,101232296,1731040378,49744/8388608,49744
30100000,17078240,49124264,1768809418,49712/8388608,49712
30200000,17078240,62027720,1768809418,49712/8388608,49712
30300000,17078240,74935336,1768809418,49712/8388608,49712
30400000,17078240,87842112,1768809418,45584/8388608,45584
30500000,17078240,100749024,1768809418,49712/8388608,49712
30600000,17078240,113656408,1768809418,49712/8388608,49712
30700000,17437048,61547224,1806581214,49712/8388608,49712
30800000,17437048,74454992,1806581214,49712/8388608,49712
30900000,17437048,87361176,1806581214,45584/8388608,45584
31000000,17437048,100268392,1806581214,49712/8388608,49712
31100000,17795888,48161448,1844340858,49712/8388608,49712
31200000,17795888,61067688,1844340858,49712/8388608,49712
