opseq,index_size,memtable_size,sst_size,block_cache/block_cache_capacity,block_cache_pinned_usage
100,0,112432,0,0/8388608,0
200,0,219688,0,0/8388608,0
300,0,326960,0,0/8388608,0
400,0,434280,0,0/8388608,0
500,0,541584,0,0/8388608,0
600,0,648848,0,0/8388608,0
700,0,756176,0,0/8388608,0
800,0,863584,0,0/8388608,0
900,0,970904,0,0/8388608,0
1000,0,1078272,0,0/8388608,0
1500,0,1614864,0,0/8388608,0
2000,0,2151384,0,0/8388608,0
2500,0,2687824,0,0/8388608,0
3000,0,3224432,0,0/8388608,0
3500,0,3761064,0,0/8388608,0
4000,0,4297744,0,0/8388608,0
4500,0,4834160,0,0/8388608,0
5000,0,5370832,0,0/8388608,0
6000,0,6443792,0,0/8388608,0
7000,0,7516880,0,0/8388608,0
8000,0,8594136,0,0/8388608,0
9000,0,9667192,0,0/8388608,0
10000,0,10740184,0,0/8388608,0
15000,0,16105920,0,0/8388608,0
20000,0,21475592,0,0/8388608,0
25000,0,26845496,0,0/8388608,0
30000,0,32211080,0,0/8388608,0
35000,0,37581256,0,0/8388608,0
40000,0,42951672,0,0/8388608,0
45000,0,48317224,0,0/8388608,0
50000,0,53686328,0,0/8388608,0
60000,0,64420456,0,0/8388608,0
70000,0,75160672,0,0/8388608,0
80000,0,85896224,0,0/8388608,0
90000,0,96631280,0,0/8388608,0
100000,0,107371040,0,0/8388608,0
150000,212552,95989648,15373218,0/8388608,0
200000,424432,84599096,30713304,0/8388608,0
250000,636168,73242544,46049436,0/8388608,0
300000,636168,126899208,46049436,0/8388608,0
350000,848224,115540888,61407159,17152/8388608,12864
400000,1060136,104182536,76750577,0/8388608,0
450000,721304,92826832,52080666,0/8388608,0
500000,933312,81467600,67432895,0/8388608,0
600000,1145192,123769864,82784525,17152/8388608,17152
700000,755384,101056440,54525363,0/8388608,0
800000,1180312,78342224,85291845,21440/8388608,21440
900000,1392320,120642056,100645135,0/8388608,0
1000000,985200,97927408,71145124,0/8388608,0
1100000,1409600,75210400,101866963,21440/8388608,21440
1200000,784680,117510816,56621576,0/8388608,0
1300000,1209144,94797056,87350434,21456/8388608,21456
1400000,793000,72081584,57224305,0/8388608,0
1500000,1005456,114377744,72605877,0/8388608,0
1600000,1430176,91667600,103368277,21440/8388608,21440
1700000,1014448,68953168,73248354,0/8388608,0
1800000,1227048,111252608,88632609,21440/8388608,21440
1900000,806440,88539008,58192128,0/8388608,0
2000000,1230200,65824896,88869460,17152/8388608,17152
2100000,1442240,108124944,104225562,0/8388608,0
2200000,1021888,85410032,73814363,0/8388608,0
2300000,1233096,127709696,89110562,21456/8388608,21456
2400000,815960,104995352,58875242,0/8388608,0
2500000,1240040,82280760,89569722,21440/8388608,21440
2600000,1451760,124579712,104888961,0/8388608,0
2700000,1032464,101865200,74536991,0/8388608,0
2800000,1455920,79150800,105199018,21440/8388608,21440
2900000,823224,121450344,59393841,0/8388608,0
3000000,1246392,98737528,90027284,21440/8388608,21440
3100000,827480,76020448,59698055,0/8388608,0
3200000,1037824,118320648,74929493,0/8388608,0
3300000,1462208,95606112,105639502,21440/8388608,21440
3400000,1041424,72890832,75158916,0/8388608,0
3500000,1252760,115188888,90463180,17152/8388608,17152
3600000,832536,92477024,60074666,0/8388608,0
3700000,1256200,69763600,90754504,17152/8388608,21440
3800000,1467952,112061768,106092320,17152/8388608,21440
3900000,1044720,89348856,75454575,0/8388608,0
4000000,1468896,66633912,106168171,21440/8388608,21440
4100000,836264,108930824,60327442,0/8388608,0
4200000,1259912,86215720,90997339,21440/8388608,21440
4300000,1471904,128516376,106346445,0/8388608,0
4400000,1050272,105803520,75819251,0/8388608,0
4500000,1475200,83087640,106592992,17152/8388608,17152
4600000,840024,125386824,60599157,0/8388608,0
4700000,1262904,102671512,91230947,17168/8388608,17168
4800000,844024,79956560,60881702,0/8388608,0
4900000,1055856,122255672,76216156,0/8388608,0
5000000,1481504,99540472,107029353,21472/8388608,21472
5100000,1057216,76823944,76321794,0/8388608,0
5200000,1268296,119123512,91606127,17168/8388608,17168
5300000,847288,96408720,61136215,0/8388608,0
5400000,1271688,73696936,91862290,21440/8388608,21440
5500000,1483536,115996968,107204947,21440/8388608,21440
5600000,1059872,93280320,76509586,0/8388608,0
5700000,1483152,70568432,107140068,21456/8388608,17168
5800000,850696,112868176,61355912,0/8388608,0
5900000,1273128,90154160,91945736,21440/8388608,21440
6000000,852552,67438592,61496376,0/8388608,0
6100000,1064976,109736952,76875651,0/8388608,0
6200000,1487904,87024384,107500806,21440/8388608,21440
6300000,852904,129323696,61539904,0/8388608,0
6400000,1277656,106607776,92293796,17152/8388608,17168
6500000,853192,83895464,61533425,0/8388608,0
6600000,1066064,126196440,76938873,0/8388608,0
6700000,1489616,103482600,107595779,21456/8388608,21456
6800000,1066320,80767768,76962550,0/8388608,0
6900000,1278936,123068128,92360340,21440/8388608,21440
7000000,856888,100352808,61810883,0/8388608,0
7100000,1281176,77636528,92539865,21440/8388608,21440
7200000,1492784,119936824,107860459,0/8388608,0
7300000,1068832,97219904,77146764,0/8388608,0
7400000,1493312,74505520,107873830,21440/8388608,17152
7500000,858808,116803664,61957528,0/8388608,0
7600000,1282936,94089936,92659748,17152/8388608,21440
7700000,860792,71374632,62094630,0/8388608,0
7800000,1072048,113671496,77397745,0/8388608,0
7900000,1495520,90955968,108069542,21472/8388608,21472
8000000,1073088,68242304,77465718,0/8388608,0
8100000,1284696,110541056,92781532,21456/8388608,21456
8200000,862120,87824480,62174444,0/8388608,0
8300000,1287352,65110016,92953396,17152/8388608,21440
8400000,1499424,107408640,108311095,21440/8388608,17152
8500000,1075264,84691576,77621191,0/8388608,0
8600000,1287816,126992592,93007098,21440/8388608,21440
8700000,864424,104278400,62345927,0/8388608,0
8800000,1289528,81568000,93125617,21440/8388608,21440
8900000,1501472,123866864,108474785,21440/8388608,21440
9000000,1077776,101151264,77773161,0/8388608,0
9100000,1501216,78434704,108430559,17152/8388608,17152
9200000,866632,120733552,62507828,0/8388608,0
9300000,1288664,98019472,93077856,21440/8388608,21440
9400000,866808,75307096,62519373,0/8388608,0
9500000,1077488,117606424,77776937,0/8388608,0
9600000,1501376,94890448,108477476,21440/8388608,21440
9700000,1080192,72176080,77956615,0/8388608,0
9800000,1292616,114474088,93326011,21440/8388608,21440
9900000,868376,91762648,62620735,0/8388608,0
10000000,1293448,69048344,93401666,21456/8388608,21456
10100000,1505360,111347000,108747484,21456/8388608,17152
10200000,1082304,88629904,78134005,0/8388608,0
10300000,1506096,65915688,108825190,17152/8388608,17152
10400000,870552,108216624,62795559,0/8388608,0
10500000,1294136,85501896,93459109,21440/8388608,21440
10600000,1506640,127801040,108837976,7744/8388608,7744
10700000,1084112,105085000,78241157,0/8388608,0
10800000,1506320,82372600,108809745,21440/8388608,21440
10900000,870440,124674904,62778464,0/8388608,0
11000000,1294648,101958392,93493234,21440/8388608,21440
11100000,873928,79243056,63037681,0/8388608,0
11200000,1085792,121541432,78377399,0/8388608,0
11300000,1510512,98825808,109124480,21440/8388608,21440
11400000,1083632,76111984,78210319,0/8388608,0
11500000,1295096,118412520,93518282,21440/8388608,21440
11600000,873512,95699368,63018742,0/8388608,0
11700000,1297688,72985712,93730976,21440/8388608,21440
11800000,1509152,115284520,109047033,21440/8388608,21440
11900000,1086832,92572880,78463565,0/8388608,0
12000000,1508688,69858064,109009757,17152/8388608,17152
12100000,875288,112156632,63132804,0/8388608,0
12200000,1299752,89444024,93850546,17152/8388608,17152
12300000,876312,66730928,63206013,0/8388608,0
12400000,1088944,109031824,78601150,0/8388608,0
12500000,1512608,86316248,109281047,17152/8388608,17152
12600000,875464,128613360,63148289,0/8388608,0
12700000,1299976,105898600,93883571,21440/8388608,21440
12800000,878200,83183064,63339134,0/8388608,0
12900000,1090000,125483344,78669035,0/8388608,0
13000000,1513728,102773208,109340583,21440/8388608,17152
13100000,1089328,80061008,78618674,0/8388608,0
13200000,1301000,122361600,93946137,17152/8388608,17152
13300000,877272,99646552,63285968,0/8388608,0
13400000,1299928,76931696,93894215,21456/8388608,21456
13500000,1511696,119231016,109229011,0/8388608,0
13600000,1091248,96515952,78770355,0/8388608,0
13700000,1514752,73802088,109430076,17152/8388608,17152
13800000,879688,116105080,63442798,0/8388608,0
13900000,1302536,93396384,94051054,21456/8388608,21456
14000000,879544,70678816,63442913,0/8388608,0
14100000,1091168,112978064,78763878,0/8388608,0
14200000,1514160,90261408,109391561,21456/8388608,21456
14300000,1092880,67552784,78918603,0/8388608,0
14400000,1305208,109853304,94290847,21440/8388608,21440
14500000,880824,87137368,63528338,0/8388608,0
14600000,1092128,129435416,78824507,0/8388608,0
14700000,1516144,106719624,109516755,17152/8388608,17152
14800000,1093520,84009544,78924184,0/8388608,0
14900000,1305384,126310472,94266904,17152/8388608,17152
15000000,881144,103599688,63548531,0/8388608,0
15100000,1305176,80884808,94262138,21440/8388608,21440
15200000,1517872,123183200,109662033,21440/8388608,21440
15300000,1095184,100470472,79049646,0/8388608,0
15400000,1517872,77756248,109647165,21440/8388608,17152
15500000,882072,120057352,157979646,0/8388608,0
15600000,1307016,97344984,94388146,21440/8388608,21440
15700000,883880,74629104,158140410,0/8388608,0
15800000,1096272,116930680,79124789,0/8388608,0
15900000,1521760,94213480,109945589,17152/8388608,21440
16000000,1096928,71499208,79175051,0/8388608,0
16100000,1308616,113798664,94500679,17152/8388608,17152
16200000,885880,91085536,158365932,0/8388608,0
16300000,1309400,68371032,94517722,21440/8388608,21440
16400000,1521456,110669408,109874935,21440/8388608,21440
16500000,1098944,87953576,79308451,0/8388608,0
16600000,1521984,65240536,109942901,21456/8388608,21456
16700000,884616,107540512,158440466,0/8388608,0
16800000,1309640,84825832,94597494,17152/8388608,17152
16900000,1521680,127126560,109950575,17152/8388608,21440
17000000,1098352,104414936,79286019,0/8388608,0
17100000,1522016,81701656,109977084,17152/8388608,17152
17200000,886376,124001720,63957324,0/8388608,0
17300000,1310120,101285560,94664575,21440/8388608,21440
17400000,886504,78571048,158635632,0/8388608,0
17500000,1098336,120869648,79326724,0/8388608,0
17600000,1523440,98153128,110137028,17152/8388608,17152
17700000,1099408,75437704,79392813,0/8388608,0
17800000,1311592,117737488,94769925,21440/8388608,21440
17900000,889048,95024288,64129039,0/8388608,0
18000000,1312200,72310832,94780751,21440/8388608,21440
18100000,1524368,114611744,110154468,17152/8388608,17152
18200000,1099504,91896528,79412662,0/8388608,0
18300000,1522720,69181568,110078775,21440/8388608,21440
18400000,889288,111481600,158843372,0/8388608,0
18500000,1312568,88769736,94825300,21440/8388608,21440
18600000,890584,66057080,64241574,0/8388608,0
18700000,1102560,108357440,79597669,0/8388608,0
18800000,1528288,85643536,110440663,17152/8388608,17152
18900000,890232,127940304,159316623,0/8388608,0
19000000,1313896,105225424,94925176,21456/8388608,21456
19100000,890024,82508520,159151391,0/8388608,0
19200000,1101120,124807888,79530543,0/8388608,0
19300000,1524224,102094680,110185927,17152/8388608,17152
19400000,1103184,79376800,79628521,0/8388608,0
19500000,1315128,121678112,94984317,17152/8388608,17152
19600000,890408,98964584,159217362,0/8388608,0
19700000,1314072,76249416,94927904,21440/8388608,21440
19800000,1525280,118547560,110237897,21440/8388608,21440
19900000,1102320,95832512,79610689,0/8388608,0
20000000,1526976,73117664,110395004,21440/8388608,21440
20100000,891640,115416360,159302914,0/8388608,0
20200000,1315000,92701248,94989140,21440/8388608,21440
20300000,1739208,69987776,125710589,0/8388608,0
20400000,1103888,112287160,79692797,0/8388608,0
20500000,1527088,89572072,110360293,21440/8388608,21440
20600000,1102880,66856928,79649199,0/8388608,0
20700000,1315432,109155592,95053814,21440/8388608,21440
20800000,892296,86442168,64388181,0/8388608,0
20900000,1103840,128745720,79707776,0/8388608,0
21000000,1526656,106034320,110319325,21440/8388608,21440
21100000,1104224,83324752,79724555,0/8388608,0
21200000,1316104,125624800,95079978,17152/8388608,17152
21300000,892536,102910672,159484489,0/8388608,0
21400000,1315224,80196376,95034662,17152/8388608,17152
21500000,1527616,122497160,110415051,21456/8388608,21456
21600000,1105232,99782000,79820849,0/8388608,0
21700000,1529408,77067808,110552372,21440/8388608,21440
21800000,892632,119365784,159595901,0/8388608,0
21900000,1315992,96648848,95047738,21440/8388608,21440
22000000,894504,73934240,159575430,0/8388608,0
22100000,1106272,116236424,79871254,0/8388608,0
22200000,1530864,93523840,110651583,17168/8388608,17152
22300000,1106880,70810304,79959818,0/8388608,0
22400000,1319064,113108912,95334233,17152/8388608,17152
22500000,894680,90394696,159886731,0/8388608,0
22600000,1318376,67680536,95241773,21440/8388608,21440
22700000,1529536,109981072,110536976,21440/8388608,21440
22800000,1105472,87266640,79820368,0/8388608,0
22900000,1316936,129566224,95139210,21440/8388608,21440
23000000,894056,106851288,159651875,0/8388608,0
23100000,1319320,84139480,95325723,21440/8388608,21440
23200000,1531424,126440576,110708069,21440/8388608,21440
23300000,1108192,103726552,80038812,0/8388608,0
23400000,1530896,81011456,110655203,21440/8388608,21440
23500000,893976,123311528,159874678,0/8388608,0
23600000,1318776,100597560,95265647,21440/8388608,21440
23700000,897368,77883368,64742540,0/8388608,0
23800000,1109440,120183696,80114720,0/8388608,0
23900000,1533056,97469184,110821028,17152/8388608,21440
24000000,1107744,74756304,80000933,0/8388608,0
24100000,1321000,117057496,95441551,17152/8388608,17152
24200000,897560,94346648,160190665,0/8388608,0
24300000,1322248,71634168,95504279,21440/8388608,21440
24400000,1534160,113933416,110857274,21440/8388608,21440
24500000,1108784,91219328,80072754,0/8388608,0
24600000,1533216,68505488,110830390,17152/8388608,17152
24700000,896984,110806832,160209839,0/8388608,0
24800000,1322920,88091424,95593101,21440/8388608,21440
24900000,1746824,65379152,126306565,0/8388608,0
25000000,1111664,107678320,80284215,0/8388608,0
25100000,1537104,84961848,111105048,17152/8388608,21440
25200000,899864,127262736,160598606,0/8388608,0
25300000,1324584,104547000,95699472,21440/8388608,21440
25400000,899288,81831848,160576610,0/8388608,0
25500000,1111968,124135072,80288484,0/8388608,0
25600000,1535008,101419144,110947816,21440/8388608,21440
25700000,1110688,78706456,80197875,0/8388608,0
25800000,1322568,121006216,95537075,21440/8388608,17152
25900000,899224,98292200,160403539,0/8388608,0
26000000,1321672,75581232,95472404,21440/8388608,21440
26100000,1533296,117880880,110802575,21440/8388608,21440
26200000,1111344,95164704,80243249,0/8388608,0
26300000,1535104,72447840,110962254,21440/8388608,17152
26400000,899464,114746320,160544566,0/8388608,0
26500000,1322216,92032688,95547627,17152/8388608,21440
26600000,1746248,69317984,126271257,0/8388608,0
26700000,1111520,111619008,80254392,0/8388608,0
26800000,1535968,88902616,111003578,21440/8388608,21440
26900000,1111424,66189184,80226496,0/8388608,0
27000000,1324312,108489944,95654603,17152/8388608,21440
27100000,900200,85775528,160606151,0/8388608,0
27200000,1112224,128073216,80316299,0/8388608,0
27300000,1536032,105357944,111037513,21440/8388608,21440
27400000,1111776,82644232,80284237,0/8388608,0
27500000,1322984,124944464,95579732,21440/8388608,21440
27600000,901304,102227880,160591695,0/8388608,0
27700000,1324936,79513600,95700249,21440/8388608,21440
27800000,1536672,121813432,111044432,21440/8388608,21440
27900000,1112112,99101496,80289149,0/8388608,0
28000000,1535728,76384992,110990233,21440/8388608,21440
28100000,900696,118685152,160621309,0/8388608,0
28200000,1323848,95973672,95624489,21440/8388608,21440
28300000,901496,73260552,160646139,0/8388608,0
28400000,1113248,115559400,80363870,0/8388608,0
28500000,1536576,92842816,111031417,21440/8388608,21440
28600000,1112608,70126024,80339273,0/8388608,0
28700000,1324504,112425440,95693249,21440/8388608,21440
28800000,901240,89710104,160706786,0/8388608,0
28900000,1324920,66995392,95712713,21440/8388608,21440
29000000,1537328,109292304,111094464,17152/8388608,21440
29100000,1114304,86578040,80444304,0/8388608,0
29200000,1326456,128877712,95818244,17152/8388608,17152
29300000,903096,106163400,160992043,0/8388608,0
29400000,1326360,83448544,95854338,21440/8388608,21440
29500000,1537600,125749296,111166629,21440/8388608,21440
29600000,1113872,103035592,80445083,0/8388608,0
29700000,1537840,80320600,111167184,21456/8388608,21456
29800000,904024,122619800,65201708,0/8388608,0
29900000,1327432,99905064,95865815,21440/8388608,21440
30000000,902696,77188880,160996841,0/8388608,0
30100000,1113504,119487176,80404148,0/8388608,0
30200000,1537440,96773608,111134383,17152/8388608,21440
30300000,1116160,74059320,80609916,0/8388608,0
30400000,1327336,116358272,95918989,21440/8388608,21440
30500000,903976,93642520,161149304,0/8388608,0
30600000,1327976,70927720,95945300,21440/8388608,21440
30700000,1539184,113226696,111242925,17152/8388608,21440
30800000,1115872,90516832,80544759,0/8388608,0
30900000,1541024,67803584,111349830,21440/8388608,21440
31000000,905192,110104544,161246444,0/8388608,0
31100000,1329672,87391232,96077828,21456/8388608,21456
31200000,1542016,129690952,111463277,21456/8388608,21456
31300000,1117680,106975232,80696726,0/8388608,0
31400000,1541600,84260880,111407332,21440/8388608,21440
31500000,904632,126561640,161295754,0/8388608,0
31600000,1328888,103846496,95992869,21440/8388608,21440
31700000,905032,81130552,161298834,0/8388608,0
31800000,1117072,123431624,80675896,0/8388608,0
31900000,1540912,100716800,111401770,17152/8388608,17152
32000000,1117088,78002480,80674162,0/8388608,0
32100000,1329208,120300472,96056512,21440/8388608,21440
32200000,904856,97587392,161335783,0/8388608,0
32300000,1329128,74875208,95997423,21440/8388608,21440
32400000,1541456,117175440,111374999,21440/8388608,21440
32500000,1118960,94461736,80772414,0/8388608,0
32600000,1542720,71748976,111491558,17168/8388608,17168
32700000,907176,114051360,161532994,0/8388608,0
32800000,1332296,91335176,96260847,21440/8388608,17152
32900000,1756408,68620944,126994155,0/8388608,0
33000000,1118512,110918744,80759463,0/8388608,0
33100000,1542912,88203712,111496949,21456/8388608,21456
33200000,1120336,65490144,80870647,0/8388608,0
33300000,1332216,107790944,96219550,17152/8388608,21440
33400000,907480,85076616,161686344,0/8388608,0
33500000,1118752,127377168,80782967,0/8388608,0
33600000,1541984,104659384,111462715,17152/8388608,17152
33700000,1117664,81947240,80711374,0/8388608,0
33800000,1329720,124243608,96071994,21440/8388608,21440
33900000,906536,101527544,161469627,0/8388608,0
34000000,1330376,78814416,96104232,21440/8388608,21440
34100000,1541600,121113584,111413253,21440/8388608,21440
34200000,1118608,98398152,80781885,0/8388608,0
34300000,1541648,75683904,111434310,17152/8388608,21440
34400000,905960,117982792,161459965,0/8388608,0
34500000,1330440,95267792,96114284,21440/8388608,21440
34600000,1754232,72551240,126806770,0/8388608,0
34700000,1118704,114851456,80771231,0/8388608,0
34800000,1541984,92137008,111446843,21440/8388608,21440
34900000,1120640,69422568,80913206,0/8388608,0
35000000,1334040,111724520,96374375,17152/8388608,17152
35100000,907176,89011064,161830246,0/8388608,0
35200000,1330600,66297232,96143370,21440/8388608,21440
35300000,1542640,108596896,111511448,21440/8388608,21440
35400000,1120240,85882888,80878414,0/8388608,0
35500000,1332776,128182472,96275982,21440/8388608,21440
35600000,908312,105468120,65519745,0/8388608,0
35700000,1331640,82756056,96196675,17152/8388608,21440
35800000,1543584,125055680,111554826,21440/8388608,21440
35900000,1121312,102343592,80988904,0/8388608,0
36000000,1544576,79629416,111661297,21440/8388608,21440
36100000,907400,121930376,161796574,0/8388608,0
36200000,1331448,99218528,96175803,21440/8388608,17152
36300000,910392,76504816,161832650,0/8388608,0
36400000,1122480,118804152,81027163,0/8388608,0
36500000,1545696,96089936,111687540,21440/8388608,17152
36600000,1120304,73374528,80885562,0/8388608,0
36700000,1332360,115675256,96256200,17168/8388608,21456
36800000,909080,92963536,161846996,0/8388608,0
36900000,1333144,70248760,96323206,21440/8388608,21440
37000000,1544864,112549248,111658616,21440/8388608,21440
37100000,1121728,89834264,80976712,0/8388608,0
37200000,1545696,67118832,111690039,21440/8388608,21440
37300000,909944,109417624,161977824,0/8388608,0
37400000,1334984,86703000,96443064,21440/8388608,21440
37500000,1547408,129000304,111839849,21440/8388608,21440
37600000,1123824,106286000,81152267,0/8388608,0
37700000,1547216,83571416,111836390,21440/8388608,21440
37800000,909416,125871360,65605945,0/8388608,0
37900000,1333096,103159096,96295365,17152/8388608,17152
38000000,910216,80447184,65671355,0/8388608,0
38100000,1121392,122748520,80981743,0/8388608,0
38200000,1544560,100035456,111641314,17152/8388608,17152
38300000,1120864,77318016,80939893,0/8388608,0
38400000,1332648,119620376,96290675,17152/8388608,17152
38500000,909624,96906784,161910858,0/8388608,0
38600000,1333224,74190592,96289099,21440/8388608,21440
38700000,1544128,116489896,111562429,21440/8388608,21440
38800000,1122720,93777456,81048026,0/8388608,0
38900000,1545648,71062304,111694928,21440/8388608,21440
39000000,910504,113363816,162072186,0/8388608,0
39100000,1333976,90648176,96386447,21440/8388608,21440
39200000,1758200,67934720,127122478,0/8388608,0
39300000,1123376,110234616,81091625,0/8388608,0
39400000,1545680,87519272,111684369,21440/8388608,21440
39500000,909720,129816560,162073063,0/8388608,0
39600000,1333672,107100640,96325551,21440/8388608,21440
39700000,911304,84387008,162082693,0/8388608,0
39800000,1122608,126687936,81076167,0/8388608,0
39900000,1546464,103971704,111783136,21440/8388608,21440
40000000,1123856,81260144,81158884,0/8388608,0
40100000,1335800,123562464,96518204,21440/8388608,21440
40200000,910808,100848416,162216248,0/8388608,0
40300000,1335208,78137112,96423353,21440/8388608,21440
40400000,1547360,120436008,111798594,21440/8388608,21440
40500000,1124336,97722712,81174061,0/8388608,0
40600000,1547968,75008896,111881228,21440/8388608,21440
40700000,913288,117310680,162347697,0/8388608,0
40800000,1338808,94595840,96704971,21440/8388608,21440
40900000,913128,71881976,162584739,0/8388608,0
41000000,1124880,114184288,81219937,0/8388608,0
41100000,1547776,91467368,111853503,21440/8388608,21440
41200000,1124400,68750096,81175693,0/8388608,0
41300000,1336440,111048880,96541288,17152/8388608,21440
41400000,911896,88336504,162330453,0/8388608,0
41500000,1335288,65621400,96477727,21456/8388608,21456
41600000,1547632,107919096,111865407,17152/8388608,17152
41700000,1127360,85203576,81392602,0/8388608,0
41800000,1339384,127500192,96753412,21440/8388608,21440
41900000,913448,104788400,162645770,0/8388608,0
42000000,1338456,82074536,96672118,21440/8388608,21440
42100000,1551232,124373408,112090991,21440/8388608,21440
42200000,1124912,101658952,81229502,0/8388608,0
42300000,1548448,78943400,111916207,21456/8388608,21456
42400000,913128,121242184,162410315,0/8388608,0
42500000,1337336,98528112,96613116,21440/8388608,21440
42600000,913624,75812288,162515796,0/8388608,0
42700000,1125648,118110696,81263795,0/8388608,0
42800000,1550912,95395024,112055250,21440/8388608,21440
42900000,1125312,72682320,81219607,0/8388608,0
43000000,1336504,114983032,96529484,17168/8388608,17152
43100000,913672,92270408,162436824,0/8388608,0
43200000,1337736,69555936,96637661,21440/8388608,21440
43300000,1549024,111857136,111957629,21440/8388608,21440
43400000,1125472,89140728,81255592,0/8388608,0
43500000,1548896,66429240,111916356,17168/8388608,17168
43600000,913912,108727752,162505754,0/8388608,0
43700000,1337384,86013664,96580785,21440/8388608,21440
43800000,1548624,128310768,111891391,21440/8388608,21440
43900000,1125760,105591640,81284469,0/8388608,0
44000000,1550016,82878976,112039762,17152/8388608,17152
44100000,914664,125178112,162619677,0/8388608,0
44200000,1338904,102462184,96709976,21440/8388608,21440
44300000,915688,79749736,162770715,0/8388608,0
44400000,1127536,122050504,81412927,0/8388608,0
44500000,1550800,99335728,112072548,17152/8388608,17152
44600000,1126528,76621720,81318725,0/8388608,0
44700000,1337480,118921608,96603116,21440/8388608,21440
44800000,915112,96208784,162624212,0/8388608,0
44900000,1338648,73496400,96704188,17152/8388608,21456
45000000,1550848,115794008,112076304,21456/8388608,21456
45100000,1127824,93080688,81402093,0/8388608,0
45200000,1550800,70367152,112052235,21440/8388608,21440
45300000,915768,112666000,162745688,0/8388608,0
45400000,1339128,89950824,96759513,21472/8388608,21472
45500000,1762984,67234624,127479722,0/8388608,0
45600000,1127840,109532592,81446512,0/8388608,0
45700000,1551584,86818344,112156805,17152/8388608,21440
45800000,915752,129117488,162877624,0/8388608,0
45900000,1339944,106400648,96793034,21456/8388608,21456
46000000,915784,83683208,162846264,0/8388608,0
46100000,1127488,125981184,81395101,0/8388608,0
46200000,1550960,103268680,112080190,21440/8388608,21440
46300000,1128832,80550560,81505892,0/8388608,0
46400000,1339752,122850912,96794304,21456/8388608,21456
46500000,917944,100138728,163027741,0/8388608,0
46600000,1342040,77423064,96941503,21440/8388608,17152
46700000,1553616,119722176,112258476,21440/8388608,21440
46800000,1127072,97009792,81361879,0/8388608,0
46900000,1550624,74295272,112052453,21440/8388608,21440
47000000,916840,116593656,162835417,0/8388608,0
47100000,1340184,93882136,96833586,17152/8388608,17152
47200000,1763688,71167432,127530282,0/8388608,0
47300000,1127872,113468184,81452788,0/8388608,0
47400000,1551696,90753536,112162603,21440/8388608,21440
47500000,1129392,68037808,81519733,0/8388608,0
47600000,1341736,110336752,96901231,17168/8388608,17168
47700000,916536,87622040,163029961,0/8388608,0
47800000,1128320,129924320,81481299,0/8388608,0
47900000,1553152,107213088,112259908,21440/8388608,21440
48000000,1131216,84501064,81694920,0/8388608,0
48100000,1343128,126802352,97050506,17152/8388608,17152
48200000,917144,104087480,163200249,0/8388608,0
48300000,1340552,81376088,96814391,21440/8388608,17152
48400000,1552560,123677448,112170959,21440/8388608,21440
48500000,1129296,100964280,81515213,0/8388608,0
48600000,1554928,78251248,112356641,21440/8388608,21440
48700000,918632,120551704,163220558,0/8388608,0
48800000,1342376,97838384,96994195,17152/8388608,17152
48900000,918216,75125984,163236302,0/8388608,0
49000000,1130160,117429336,81592268,0/8388608,0
49100000,1554640,94713592,112340472,17152/8388608,17152
49200000,1131616,71996960,81709004,0/8388608,0
49300000,1342264,114294896,96974306,21440/8388608,21440
49400000,918856,91581448,163244516,0/8388608,0
49500000,1343000,68865096,97001697,21440/8388608,21440
49600000,1555424,111166080,112397330,17152/8388608,21440
49700000,1129648,88454280,81570486,0/8388608,0
49800000,1553776,65739504,112296192,17152/8388608,21440
49900000,918760,108036920,66258486,0/8388608,0
50000000,1343624,85321904,97042980,21440/8388608,21440
50100000,1555552,127620064,112397774,21440/8388608,21440
50200000,1130512,104906640,81630600,0/8388608,0
50300000,1553984,82194656,112314495,21440/8388608,21440
50400000,918008,124493344,163192772,0/8388608,0
50500000,1342872,101784880,97014659,17168/8388608,21456
50600000,919592,79072856,163338380,0/8388608,0
50700000,1131248,121372584,81649253,0/8388608,0
50800000,1555872,98656296,112391521,21440/8388608,21440
50900000,1133200,75942128,81774262,0/8388608,0
51000000,1345320,118242904,97153435,21440/8388608,21440
51100000,918616,95530688,163407575,0/8388608,0
51200000,1342984,72819480,97009234,21440/8388608,21440
51300000,1555536,115119104,112404460,21440/8388608,21440
51400000,1132720,92405392,81753706,0/8388608,0
51500000,1555840,69690976,112410239,21456/8388608,21456
51600000,918968,111992096,163404859,0/8388608,0
51700000,1343112,89278176,97019754,21456/8388608,21456
51800000,1766456,66562504,127705466,0/8388608,0
51900000,1130480,108861808,81638888,0/8388608,0
52000000,1555024,86146552,112410646,21440/8388608,17152
52100000,920488,128446576,163438899,0/8388608,0
52200000,1345384,105727864,97199020,21440/8388608,21440
52300000,921080,83011896,163610943,0/8388608,0
52400000,1133616,125313984,81804421,0/8388608,0
52500000,1557168,102600792,112482963,17152/8388608,17152
52600000,1132048,79886552,81716522,0/8388608,0
52700000,1343976,122184696,97081639,17152/8388608,21440
52800000,920184,99474560,163461757,0/8388608,0
52900000,1342696,76761216,97000213,21440/8388608,21440
53000000,1553904,119061752,112300136,21440/8388608,21440
53100000,1131664,96347856,81679536,0/8388608,0
53200000,1555568,73634528,112393263,21440/8388608,21440
53300000,919544,115935440,163424674,0/8388608,0
53400000,1343928,93219632,97059364,21440/8388608,21440
53500000,1768696,70504912,127847040,0/8388608,0
53600000,1133664,112807608,81852118,0/8388608,0
53700000,1557744,90093632,112583095,21440/8388608,21440
53800000,1134016,67379608,81852491,0/8388608,0
53900000,1345848,109677744,97193459,21456/8388608,21456
54000000,921160,86965808,163644768,0/8388608,0
54100000,1133616,129266752,81839786,0/8388608,0
54200000,1556816,106555192,112509133,21440/8388608,21440
54300000,1132160,83842096,81740240,0/8388608,0
54400000,1343640,126142032,97070621,17168/8388608,17168
54500000,921688,103429192,163569183,0/8388608,0
54600000,1345672,80717048,97211201,21440/8388608,21440
54700000,1557696,123015136,112571844,21440/8388608,17152
54800000,1132384,100301480,81736645,0/8388608,0
54900000,1555328,77585552,112375533,17184/8388608,17184
55000000,920232,119887544,163478225,0/8388608,0
55100000,1344952,97174320,97167500,21440/8388608,21440
55200000,921864,74459664,163663057,0/8388608,0
55300000,1134352,116759272,81886454,0/8388608,0
55400000,1558560,94045600,112604261,17152/8388608,17152
55500000,1133312,71331368,81797213,0/8388608,0
55600000,1345912,113629632,97193329,21456/8388608,21456
55700000,922104,90916400,163697156,0/8388608,0
55800000,1346152,68204640,97237686,21440/8388608,21440
55900000,1559520,110503584,112696530,21440/8388608,21440
56000000,1135088,87788232,81978738,0/8388608,0
56100000,1558544,65073064,112662303,21440/8388608,17152
56200000,922024,107372048,163837820,0/8388608,0
56300000,1347048,84657496,97296131,17152/8388608,17152
56400000,1559552,126955168,112689422,17152/8388608,21440
56500000,1134256,104240592,81882493,0/8388608,0
56600000,1558416,81524488,112607983,21440/8388608,17152
56700000,922424,123826544,163754393,0/8388608,0
56800000,1346200,101110368,97254432,21440/8388608,21440
56900000,1770024,78393328,127962216,0/8388608,0
57000000,1134576,120691080,81894301,0/8388608,0
57100000,1557680,97974200,112549869,21456/8388608,21456
57200000,1133888,75262080,81844165,0/8388608,0
57300000,1345512,117561768,97169037,21440/8388608,21440
57400000,922760,94850496,163747477,0/8388608,0
57500000,1347528,72134464,97369354,21440/8388608,21440
57600000,1559392,114436280,112724689,21440/8388608,21440
57700000,1134464,91722992,81916177,0/8388608,0
57800000,1558320,69009872,112618150,21440/8388608,21440
57900000,922856,111305712,163828897,0/8388608,0
58000000,1347016,88592024,97276843,21440/8388608,21440
58100000,1771032,65876912,128005758,0/8388608,0
58200000,1134576,108178752,81908105,0/8388608,0
58300000,1557632,85466352,112562488,21440/8388608,21440
58400000,923624,127766752,163874954,0/8388608,0
58500000,1346840,105053008,97310695,21440/8388608,21440
58600000,922568,82340552,163869965,0/8388608,0
58700000,1134400,124639968,81889931,0/8388608,0
58800000,1557936,101925872,112573594,21440/8388608,21440
58900000,1135520,79211360,81966446,0/8388608,0
59000000,1347464,121511008,97327800,17152/8388608,21440
59100000,923304,98798320,163926972,0/8388608,0
59200000,1347800,76086992,97364865,21440/8388608,21440
59300000,1558576,118388584,112635750,21440/8388608,21440
59400000,1133056,95672992,81786058,0/8388608,0
59500000,1557424,72959392,112522118,21440/8388608,21440
59600000,924360,115258416,163810590,0/8388608,0
59700000,1349480,92546424,97463742,21440/8388608,21440
59800000,1772568,69830632,128123879,0/8388608,0
59900000,1135616,112133056,81980122,0/8388608,0
60000000,1561088,89419080,112819511,21440/8388608,21440
60100000,1137184,66704688,82106068,0/8388608,0
60200000,1349960,109004352,97525705,17152/8388608,17152
60300000,924696,86289384,164221248,0/8388608,0
60400000,1136368,128589952,82030086,0/8388608,0
60500000,1560352,105876544,112750663,21440/8388608,21440
60600000,1136800,83161672,82066099,0/8388608,0
60700000,1349608,125463864,97490309,21440/8388608,21440
60800000,924280,102748568,164173173,0/8388608,0
60900000,1347816,80036176,97370327,21440/8388608,21440
61000000,1559824,122336952,112732301,0/8388608,0
61100000,1137088,99625224,82077599,0/8388608,0
61200000,1561568,76910600,112817256,21440/8388608,21440
61300000,924632,119209784,164124391,0/8388608,0
61400000,1348376,96494688,97382207,21440/8388608,21440
61500000,923800,73780184,164029510,0/8388608,0
61600000,1135712,116080456,82011199,0/8388608,0
61700000,1560096,93365344,112772684,21456/8388608,21456
61800000,1135776,70652992,82014914,0/8388608,0
61900000,1348136,112952072,97393582,17152/8388608,21440
62000000,924456,90236376,164079668,0/8388608,0
62100000,1349160,67521752,97463600,21440/8388608,21440
62200000,1561728,109823976,112865646,21440/8388608,21440
62300000,1137744,87108664,82154217,0/8388608,0
62400000,1350136,129408384,97542509,17168/8388608,17168
62500000,924456,106693928,164222116,0/8388608,0
62600000,1346632,83986336,97264913,21440/8388608,21440
62700000,1558144,126284256,112586000,21440/8388608,21440
62800000,1136576,103567760,82049465,0/8388608,0
62900000,1560816,80851088,112794991,21440/8388608,21440
63000000,926024,123153976,164233274,0/8388608,0
63100000,1348648,100439992,97449998,21456/8388608,17152
63200000,926056,77723040,164247987,0/8388608,0
63300000,1137936,120027896,82151369,0/8388608,0
63400000,1560144,97314880,112756004,21456/8388608,17168
63500000,1138080,74602048,82166492,0/8388608,0
63600000,1349416,116900592,97476442,17152/8388608,21440
63700000,925352,94186784,66754396,0/8388608,0
63800000,1349160,71474360,97468212,21440/8388608,21440
63900000,1561040,113775200,112820758,21440/8388608,21440
64000000,1137600,91060048,82128063,0/8388608,0
64100000,1561008,68342512,112811544,21456/8388608,21456
64200000,924952,110643760,164213299,0/8388608,0
64300000,1348920,87930808,97430204,21440/8388608,21440
64400000,1773112,65215472,128151110,0/8388608,0
64500000,1137680,107514112,82119704,0/8388608,0
64600000,1562080,84801392,112876099,17152/8388608,17152
64700000,926904,127099032,66870916,0/8388608,0
64800000,1350984,104381544,97610626,17152/8388608,21456
64900000,926328,81669856,164430595,0/8388608,0
65000000,1138336,123970576,82180571,0/8388608,0
65100000,1564128,101255608,113010505,21440/8388608,21440
65200000,1138736,78540880,82196732,0/8388608,0
65300000,1351240,120841808,97587801,17152/8388608,17152
65400000,925192,98126944,164334929,0/8388608,0
65500000,1350712,75413584,97589968,21440/8388608,21440
65600000,1561760,117714824,112891301,17152/8388608,17152
65700000,1139216,95001408,82263839,0/8388608,0
65800000,1563648,72283840,113009312,21440/8388608,21440
65900000,928936,114581376,164591808,0/8388608,0
66000000,1351944,91868680,97632518,21456/8388608,21456
66100000,927768,69154752,164548276,0/8388608,0
66200000,1138896,111452928,82219099,0/8388608,0
66300000,1562608,88740040,112927408,21456/8388608,17168
66400000,1139520,66026856,82283054,0/8388608,0
66500000,1351080,108327368,97617613,21440/8388608,21440
66600000,927032,85614464,164478831,0/8388608,0
66700000,1138512,127914288,82180741,0/8388608,0
66800000,1562816,105200736,112913074,21440/8388608,21440
66900000,1138928,82485112,82220855,0/8388608,0
67000000,1350760,124785712,97570071,21456/8388608,21456
67100000,925192,102070960,164328896,0/8388608,0
67200000,1348856,79358088,97473653,21456/8388608,21456
67300000,1561456,121658216,112883178,21456/8388608,21456
67400000,1140288,98947368,82322209,0/8388608,0
67500000,1564096,76235272,113021972,21456/8388608,21456
67600000,927144,118535480,164572955,0/8388608,0
67700000,1350600,95820008,97556795,17152/8388608,17152
67800000,927336,73110304,164479162,0/8388608,0
67900000,1139152,115410952,82272872,0/8388608,0
68000000,1562352,92697184,112954914,21440/8388608,21440
68100000,1140304,69980032,82324033,0/8388608,0
68200000,1352424,112279056,97696402,21440/8388608,21440
68300000,927640,89564728,164599652,0/8388608,0
68400000,1352088,66851248,97650756,21456/8388608,21456
68500000,1563584,109151080,112970380,21456/8388608,21456
68600000,1138832,86435240,82210809,0/8388608,0
68700000,1350856,128734888,97588391,21440/8388608,21440
68800000,929096,106018448,164629494,0/8388608,0
68900000,1354120,83305056,97848007,21440/8388608,21440
69000000,1565760,125603712,113181135,21440/8388608,21440
69100000,1138608,102887064,82192107,0/8388608,0
69200000,1561808,80171280,112845673,17152/8388608,17152
69300000,927304,122471360,164404794,0/8388608,0
69400000,1351640,99758920,97635217,21440/8388608,21440
69500000,928824,77043376,164636849,0/8388608,0
69600000,1139920,119342872,82303220,0/8388608,0
69700000,1563168,96628448,112977028,21440/8388608,21440
69800000,1140224,73915328,82299865,0/8388608,0
69900000,1351560,116215744,97612595,21440/8388608,21440
70000000,929304,93500728,164651761,0/8388608,0
70100000,1352456,70786936,97697150,21456/8388608,21456
70200000,1565056,113087944,113098185,21456/8388608,21456
70300000,1142352,90375608,82463651,0/8388608,0
70400000,1566496,67665400,113207305,21440/8388608,21440
70500000,928776,109961168,67012685,0/8388608,0
70600000,1350776,87245016,97591244,21456/8388608,21456
70700000,1562816,129545088,112949617,21456/8388608,21456
70800000,1141552,106828296,82400421,0/8388608,0
70900000,1565232,84115760,113098710,21440/8388608,21440
71000000,929288,126415904,164811038,0/8388608,0
71100000,1352456,103701112,97723933,17168/8388608,21472
71200000,928968,80988336,67035326,0/8388608,0
71300000,1140880,123285368,82393620,0/8388608,0
71400000,1564352,100573048,113084239,21440/8388608,17152
71500000,1140800,77859048,82355766,0/8388608,0
71600000,1353672,120159432,97782242,17152/8388608,17152
71700000,928056,97445912,164724493,0/8388608,0
71800000,1351896,74731704,97658932,21472/8388608,21472
71900000,1562848,117032784,112950493,21472/8388608,21472
72000000,1140656,94319344,82368415,0/8388608,0
72100000,1563888,71605456,113028485,21440/8388608,21440
72200000,928952,113905576,164691091,0/8388608,0
72300000,1352600,91192072,97693386,21440/8388608,21440
72400000,1776456,68478112,128398020,0/8388608,0
72500000,1140064,110777168,82299703,0/8388608,0
72600000,1563840,88063224,113007696,21456/8388608,21456
72700000,1140448,65348832,82359817,0/8388608,0
72800000,1351240,107651248,97642914,17152/8388608,17152
72900000,930168,84936720,164736403,0/8388608,0
73000000,1141280,127234680,82391387,0/8388608,0
73100000,1563792,104520936,112991126,21440/8388608,21440
73200000,1141584,81809416,82393311,0/8388608,0
73300000,1352888,124110560,97708483,17152/8388608,17152
73400000,929288,101394248,164732630,0/8388608,0
73500000,1354072,78679480,97811599,17152/8388608,21440
73600000,1565680,120981368,113140645,17152/8388608,21440
73700000,1140048,98266400,82317136,0/8388608,0
73800000,1563136,75549984,112975843,17152/8388608,17152
73900000,929784,117849176,164676398,0/8388608,0
74000000,1352600,95133752,97679406,21440/8388608,21440
74100000,1775112,72419216,128280744,0/8388608,0
74200000,1141520,114719480,82399306,0/8388608,0
74300000,1566208,92003520,113167862,21440/8388608,21440
74400000,1142208,69289792,82479925,0/8388608,0
74500000,1353448,111592168,97787500,21440/8388608,21440
74600000,931080,88878600,164939509,0/8388608,0
74700000,1354488,66162416,97818391,21440/8388608,21440
74800000,1565584,108460864,113114027,17152/8388608,21440
74900000,1140016,85745248,82306605,0/8388608,0
75000000,1352344,128043608,97690222,17168/8388608,17168
75100000,930280,105329248,164802826,0/8388608,0
75200000,1353336,82615464,97781916,21440/8388608,21440
75300000,1564992,124917656,113115840,21440/8388608,17152
75400000,1142096,102202472,82444568,0/8388608,0
75500000,1566624,79487584,113198326,21440/8388608,21440
75600000,930712,121786360,164970145,0/8388608,0
75700000,1354008,99072824,97800654,21440/8388608,21440
75800000,931784,76356928,165008758,0/8388608,0
75900000,1143728,118657384,82570072,0/8388608,0
76000000,1566976,95940256,113245148,21440/8388608,21440
76100000,1142640,73225984,82501773,0/8388608,0
76200000,1354712,115523480,97870693,21440/8388608,21440
76300000,931032,92810272,165012835,0/8388608,0
76400000,1354888,70097496,97848084,21440/8388608,21440
76500000,1566800,112396224,113202619,21440/8388608,21440
76600000,1142240,89684216,82472897,0/8388608,0
76700000,1564432,66967384,113074136,21440/8388608,21440
76800000,930840,109268656,67160113,0/8388608,0
76900000,1354936,86552008,97903126,21440/8388608,21440
77000000,1566816,128851552,113255868,21440/8388608,21440
77100000,1142064,106135256,82466564,0/8388608,0
77200000,1565760,83421648,113160320,21440/8388608,21440
77300000,930520,125722816,164921341,0/8388608,0
77400000,1354264,103007808,97819121,17152/8388608,21440
77500000,930408,80293728,164932598,0/8388608,0
77600000,1141904,122592896,82441312,0/8388608,0
77700000,1565040,99882616,113113152,21456/8388608,21456
77800000,1142704,77164088,82508340,0/8388608,0
77900000,1354680,119464552,97863083,21456/8388608,17152
78000000,932600,96752000,165109518,0/8388608,0
78100000,1357768,74037312,98058445,21440/8388608,21440
78200000,1569824,116338048,113429655,21440/8388608,21440
78300000,1142864,93625488,82529133,0/8388608,0
78400000,1567296,70909840,113296339,21440/8388608,21440
78500000,932456,113210560,165218207,0/8388608,0
78600000,1355544,90497080,97940009,21440/8388608,21440
78700000,1781000,67783936,128748466,0/8388608,0
78800000,1145072,110082992,82652097,0/8388608,0
78900000,1568768,87371016,113338545,12864/8388608,17152
79000000,930696,129671984,165149008,0/8388608,0
79100000,1354408,106955992,97851196,21440/8388608,21440
79200000,1778328,84242472,128583991,0/8388608,0
79300000,1143504,126540472,82595315,0/8388608,0
79400000,1566928,103826600,113278536,17168/8388608,17168
79500000,1144464,81111336,82609375,0/8388608,0
79600000,1356344,123412496,97959123,21440/8388608,21440
79700000,931848,100698144,165169435,0/8388608,0
79800000,1355480,77984960,97896399,17152/8388608,17152
79900000,1567104,120283184,113229189,21440/8388608,21440
80000000,1142816,97568512,82496808,0/8388608,0
80100000,1565712,74856272,113143568,21456/8388608,21456
80200000,932712,117156736,165067608,0/8388608,0
80300000,1356056,94440872,97928254,21440/8388608,21440
80400000,932984,71728656,165220884,0/8388608,0
80500000,1144144,114026088,82590427,0/8388608,0
80600000,1568128,91312400,113302355,21440/8388608,21440
80700000,1144816,68598064,82631935,0/8388608,0
80800000,1355720,110897016,97920812,17152/8388608,17152
80900000,933784,88182552,165303259,0/8388608,0
81000000,1357640,65470728,98091072,21456/8388608,21456
81100000,1568800,107769552,113392031,21440/8388608,21440
81200000,1143584,85055624,82549893,0/8388608,0
81300000,1355352,127356240,97891741,17152/8388608,17152
81400000,932520,104640696,165146261,0/8388608,0
81500000,1356504,81926856,97978689,21456/8388608,21456
81600000,1567776,124228680,113297805,21456/8388608,21456
81700000,1143456,101513432,82565495,0/8388608,0
81800000,1566448,78798816,113217562,17168/8388608,21456
81900000,931992,121096328,165083700,0/8388608,0
82000000,1355112,98382104,97874616,21440/8388608,21440
82100000,932456,75668904,165124800,0/8388608,0
82200000,1143248,117967264,82524161,0/8388608,0
82300000,1566912,95253592,113232196,21440/8388608,21440
82400000,1144448,72541384,82659344,0/8388608,0
82500000,1356216,114841808,98003171,21456/8388608,21456
82600000,932968,92128800,67317587,0/8388608,0
82700000,1356808,69418464,98023382,21456/8388608,21456
82800000,1569248,111717392,113408744,21456/8388608,21456
82900000,1145504,89004552,82682578,0/8388608,0
83000000,1568480,66290544,113347784,17152/8388608,17152
83100000,932152,108588720,165302399,0/8388608,0
83200000,1354488,85873344,97860226,21440/8388608,21440
83300000,1566144,128169936,113204854,21440/8388608,17152
83400000,1143344,105452304,82566524,0/8388608,0
83500000,1567248,82740120,113272767,21440/8388608,21440
83600000,931576,125040480,165154888,0/8388608,0
83700000,1355112,102327384,97873914,21440/8388608,21440
83800000,932280,79614256,165118028,0/8388608,0
83900000,1143600,121915496,82563042,0/8388608,0
84000000,1567824,99201696,113311102,17152/8388608,17152
84100000,1145824,76486368,82741767,0/8388608,0
84200000,1357848,118785920,98104643,21440/8388608,21440
84300000,934232,96070496,165483654,0/8388608,0
84400000,1359416,73355336,98174505,21440/8388608,21440
84500000,1570208,115654088,113447756,21440/8388608,17152
84600000,1144128,92937648,82621725,0/8388608,0
84700000,1567056,70224184,113267655,21440/8388608,21440
84800000,932744,112524024,165266098,0/8388608,0
84900000,1356152,89806512,97988280,21440/8388608,21440
85000000,1779272,67092400,128651756,0/8388608,0
85100000,1145632,109393744,82707294,0/8388608,0
85200000,1568368,86677680,113332558,21440/8388608,21440
85300000,932840,128977272,165316191,0/8388608,0
85400000,1356760,106260416,97989332,21440/8388608,21440
85500000,933528,83544584,165334833,0/8388608,0
85600000,1145952,125845144,82732603,0/8388608,0
85700000,1569712,103131096,113446346,21440/8388608,17152
85800000,1145776,80417760,82715847,0/8388608,0
85900000,1357896,122718696,98077742,21440/8388608,21440
86000000,933448,100005008,165382285,0/8388608,0
86100000,1358216,77288864,98088407,21440/8388608,17152
86200000,1569840,119589088,113419751,21440/8388608,21440
86300000,1145280,96875744,82690610,0/8388608,0
86400000,1568528,74162072,113356010,21440/8388608,21440
86500000,932648,116463592,165297972,0/8388608,0
86600000,1357816,93748128,98074655,21440/8388608,21440
86700000,1781672,71034216,128778884,0/8388608,0
86800000,1146096,113335456,82745080,0/8388608,0
86900000,1570208,90622856,113465831,21456/8388608,21456
87000000,1146624,67906976,82793213,0/8388608,0
87100000,1358408,110206192,98136318,21440/8388608,21440
87200000,933064,87490936,165461730,0/8388608,0
87300000,1145056,129789952,82688326,0/8388608,0
87400000,1570656,107077616,113520912,17152/8388608,17152
87500000,1145888,84364704,82728448,0/8388608,0
87600000,1358392,126663416,98115179,17152/8388608,17152
87700000,933480,103948512,165448615,0/8388608,0
87800000,1357960,81230456,98088079,21456/8388608,21456
87900000,1568912,123532200,113375117,21456/8388608,21456
88000000,1144768,100819672,82649773,0/8388608,0
88100000,1566928,78105952,113242030,21440/8388608,21440
88200000,934216,120405048,165348739,0/8388608,0
88300000,1358504,97691544,98130121,21440/8388608,21440
88400000,934664,74977576,165542160,0/8388608,0
88500000,1146848,117275896,82789161,0/8388608,0
88600000,1571232,94560872,113536002,17152/8388608,17152
88700000,1147776,71845888,82874182,0/8388608,0
88800000,1360120,114147864,98264117,21440/8388608,21440
88900000,933784,91436456,165622983,0/8388608,0
89000000,1356440,68721416,97995180,21440/8388608,21440
89100000,1568448,111021336,113351158,21440/8388608,21440
89200000,1147536,88304888,82810589,0/8388608,0
89300000,1571312,65590600,113516747,17152/8388608,17152
89400000,935208,107891792,165632565,0/8388608,0
89500000,1359624,85175632,98211694,17152/8388608,17152
89600000,1571616,127477664,113574967,21456/8388608,21456
89700000,1148336,104763688,82916607,0/8388608,0
89800000,1572032,82051320,113620242,21440/8388608,21440
89900000,935192,124349760,165713792,0/8388608,0
90000000,1358632,101633816,98123805,21440/8388608,21440
90100000,934792,78919072,165561820,0/8388608,0
90200000,1146896,121216840,82805174,0/8388608,0
90300000,1569680,98505152,113442671,21440/8388608,21440
90400000,1146592,75791888,82781855,0/8388608,0
90500000,1358472,118090184,98142521,21440/8388608,21440
90600000,934536,95377072,165564561,0/8388608,0
90700000,1358872,72660512,98165549,21440/8388608,21440
90800000,1570496,114957720,113493010,21440/8388608,21440
90900000,1146336,92243472,82735093,0/8388608,0
91000000,1569232,69528160,113377327,21440/8388608,21440
91100000,934792,111829968,165506194,0/8388608,0
91200000,1358504,89116408,98144755,21440/8388608,21440
91300000,1782616,66402960,128881598,0/8388608,0
91400000,1147408,108702672,82849739,0/8388608,0
91500000,1571568,85985824,113565785,17152/8388608,17152
91600000,935080,128284664,165653253,0/8388608,0
91700000,1360536,105569512,98238151,21440/8388608,21440
91800000,934728,82858496,165647120,0/8388608,0
91900000,1146672,125158136,82765094,0/8388608,0
92000000,1569712,102442136,113423742,21440/8388608,21440
92100000,1146976,79731888,82818726,0/8388608,0
92200000,1358520,122031232,98150801,21440/8388608,21440
92300000,935976,99316960,165661850,0/8388608,0
92400000,1360008,76603568,98214940,21456/8388608,21456
92500000,1571792,118901832,113557860,21456/8388608,21456
92600000,1148352,96186704,82885487,0/8388608,0
92700000,1572128,73473520,113601328,17152/8388608,17152
92800000,935224,115770720,165733463,0/8388608,0
92900000,1358024,93056512,98107609,17152/8388608,21440
93000000,1781992,70340024,128846776,0/8388608,0
93100000,1148688,112640352,82942831,0/8388608,0
93200000,1572944,89923776,113656293,17152/8388608,17152
93300000,1146688,67206800,82749642,0/8388608,0
93400000,1357928,109506872,98058908,21440/8388608,21440
93500000,935384,86789976,165544936,0/8388608,0
93600000,1147744,129091040,82871898,0/8388608,0
93700000,1571264,106377296,113573386,21440/8388608,21440
93800000,1149024,83663848,82965417,0/8388608,0
93900000,1361416,125965824,98351801,21440/8388608,17152
94000000,936552,103250536,165922636,0/8388608,0
94100000,1360728,80536040,98297046,21440/8388608,21440
94200000,1572640,122835432,113647586,21440/8388608,21440
94300000,1148048,100121296,82870060,0/8388608,0
94400000,1571456,77405648,113540564,21440/8388608,21440
94500000,936744,119703920,165768341,0/8388608,0
94600000,1360936,96989168,98304342,21456/8388608,21456
94700000,1784616,74275504,128994086,0/8388608,0
94800000,1148976,116573576,82914595,0/8388608,0
94900000,1572208,93861632,113574250,21472/8388608,21472
95000000,1149088,71145664,82965538,0/8388608,0
95100000,1361112,113446728,98332064,21440/8388608,21440
95200000,937480,90735256,165939138,0/8388608,0
95300000,1362584,68021480,98417309,21456/8388608,21456
95400000,1574384,110319888,113762347,21440/8388608,21440
95500000,1147904,87604952,82847108,0/8388608,0
95600000,1359464,129902048,98173484,21456/8388608,21456
95700000,935992,107189288,165682055,0/8388608,0
95800000,1361112,84477720,98301344,17152/8388608,17152
95900000,1573536,126778088,113691635,21440/8388608,21440
96000000,1148880,104061536,82929755,0/8388608,0
96100000,1571808,81347376,113572000,17168/8388608,17168
96200000,936552,123647816,165784166,0/8388608,0
96300000,1359672,100932448,98202561,21440/8388608,21440
96400000,936584,78217696,165736067,0/8388608,0
96500000,1150096,120518840,83003766,0/8388608,0
96600000,1573328,97801104,113676009,21456/8388608,21456
96700000,1149456,75086752,82974912,0/8388608,0
96800000,1361288,117386888,98319428,21440/8388608,21440
96900000,937912,94673920,165964421,0/8388608,0
97000000,1361576,71961088,98346191,21440/8388608,17152
97100000,1572800,114261792,113655270,21440/8388608,21440
97200000,1149488,91547616,82964997,0/8388608,0
97300000,1573024,68833688,113640991,21440/8388608,17152
97400000,937144,111130464,165877092,0/8388608,0
97500000,1360792,88417296,98284427,21440/8388608,21440
97600000,1784952,65703848,129016296,0/8388608,0
97700000,1148896,108004216,82950124,0/8388608,0
97800000,1573168,85291264,113700875,21440/8388608,21440
97900000,937544,127590632,165992057,0/8388608,0
98000000,1361544,104874984,98352333,21440/8388608,21440
98100000,938120,82162664,165998899,0/8388608,0
98200000,1150224,124462912,83021386,0/8388608,0
98300000,1573680,101746456,113707094,17152/8388608,17152
98400000,1148464,79032000,82902141,0/8388608,0
98500000,1360200,121333016,98242036,21440/8388608,17152
98600000,937256,98619944,165838485,0/8388608,0
98700000,1360856,75907544,98278549,21440/8388608,21440
98800000,1572864,118207304,113636967,21440/8388608,21440
98900000,1149440,95492160,82951066,0/8388608,0
99000000,1572608,72777792,113616950,21440/8388608,21440
99100000,936056,115076816,165824899,0/8388608,0
99200000,1358600,92359488,98137885,21472/8388608,21472
99300000,1783192,69641328,128909629,0/8388608,0
99400000,1150832,111943016,83082766,0/8388608,0
99500000,1574224,89228184,113757830,17152/8388608,17168
99600000,1150144,66515456,83005603,0/8388608,0
99700000,1362152,108815408,98366935,21440/8388608,21440
99800000,938296,86097632,166054628,0/8388608,0
99900000,1150096,128393152,83045105,0/8388608,0
