opseq,index_size,memtable_size,sst_size,block_cache/block_cache_capacity,block_cache_pinned_usage
100,0,6665456,0,0/8388608,0
200,0,13393336,0,0/8388608,0
300,0,20121240,0,0/8388608,0
400,0,26849080,0,0/8388608,0
500,0,33508376,0,0/8388608,0
600,0,40236288,0,0/8388608,0
700,0,46964168,0,0/8388608,0
800,0,53692072,0,0/8388608,0
900,0,60419888,0,0/8388608,0
1000,0,67085336,0,0/8388608,0
1500,0,100656128,0,0/8388608,0
2000,29368,69079056,35054018,0/8388608,0
2500,29368,102633568,35054018,0/8388608,0
3000,58752,71044432,70107574,0/8388608,0
3500,58752,104598936,70107574,0/8388608,0
4000,88168,73042128,105197377,0/8388608,0
4500,88168,106596696,105197377,0/8388608,0
5000,117536,75104400,140250953,266688/8388608,266688
6000,146920,77102168,175304543,266688/8388608,266688
7000,176288,79100016,210358127,266688/8388608,266688
8000,205672,81097696,245411725,266688/8388608,266688
9000,235088,83160136,280501540,0/8388608,0
10000,264304,85157896,315157855,333376/8388608,333376
15000,411224,95211432,490461996,333360/8388608,333360
20000,558032,105264872,664790592,533376/8388608,533376
25000,704936,115318272,840094796,533376/8388608,533376
30000,849552,125436096,1011275634,933408/8388608,933408
35000,1025776,70378400,1221561134,933408/8388608,933408
40000,1163592,80431880,1381416513,600064/8388608,600064
45000,1310544,90549712,1556720803,666720/8388608,666720
50000,1449872,100603312,1722003904,866768/8388608,866768
60000,1731472,120710216,2054484905,733424/8388608,733424
70000,2045472,75770288,2426944638,733424/8388608,800112
80000,2328840,95877232,2761356547,0/8388608,0
90000,2625936,50999824,3109771002,0/8388608,0
100000,2914840,71044248,3455681132,133344/8388608,133344
150000,4228152,106596648,5002218007,133344/8388608,133344
200000,5556304,77102208,6570529200,0/8388608,0
250000,6791624,47605640,8026149769,66672/8388608,66672
300000,7810088,83160208,9220894903,66672/8388608,66672
350000,8849888,118712392,10448078588,133344/8388608,133344
400000,9858752,89153464,11639979968,133344/8388608,133344
450000,10744776,124770184,12688521937,133344/8388608,133344
500000,11526952,30162536,13613349476,133344/8388608,133344
600000,12862120,101269096,15185091590,133344/8388608,133344
