opseq,index_size,memtable_size,sst_size,block_cache/block_cache_capacity,block_cache_pinned_usage
100,0,65888,0,0/8388608,0
200,0,126768,0,0/8388608,0
300,0,187664,0,0/8388608,0
400,0,248640,0,0/8388608,0
500,0,309504,0,0/8388608,0
600,0,370368,0,0/8388608,0
700,0,431344,0,0/8388608,0
800,0,492232,0,0/8388608,0
900,0,553104,0,0/8388608,0
1000,0,614064,0,0/8388608,0
1500,0,918640,0,0/8388608,0
2000,0,1223056,0,0/8388608,0
2500,0,1527632,0,0/8388608,0
3000,0,1832072,0,0/8388608,0
3500,0,2136608,0,0/8388608,0
4000,0,2441168,0,0/8388608,0
4500,0,2745920,0,0/8388608,0
5000,0,3050464,0,0/8388608,0
6000,0,3659504,0,0/8388608,0
7000,0,4268560,0,0/8388608,0
8000,0,4877376,0,0/8388608,0
9000,0,5486416,0,0/8388608,0
10000,0,6095600,0,0/8388608,0
15000,0,9145656,0,0/8388608,0
20000,0,12191288,0,0/8388608,0
25000,0,15236984,0,0/8388608,0
30000,0,18286216,0,0/8388608,0
35000,0,21330904,0,0/8388608,0
40000,0,24376392,0,0/8388608,0
45000,0,27426160,0,0/8388608,0
50000,0,30471376,0,0/8388608,0
60000,0,36566232,0,0/8388608,0
70000,0,42661496,0,0/8388608,0
80000,0,48751752,0,0/8388608,0
90000,0,54847448,0,0/8388608,0
100000,0,60941832,0,0/8388608,0
150000,0,91413856,0,0/8388608,0
200000,0,121878256,0,0/8388608,0
250000,537048,87290272,32784309,0/8388608,0
300000,537048,117744608,32784309,0/8388608,0
350000,1074032,83152368,65599010,0/8388608,0
400000,1074032,113605696,65599010,0/8388608,0
450000,1611464,79045760,98414213,0/8388608,0
500000,1611464,109502416,98414213,0/8388608,0
600000,2149056,105399480,131248290,16704/8388608,16704
700000,2686600,101293896,164090883,16704/8388608,16704
