opseq,index_size,memtable_size,sst_size,block_cache/block_cache_capacity,block_cache_pinned_usage
100,0,10016,0,0/8388608,0
200,0,15176,0,0/8388608,0
300,0,20408,0,0/8388608,0
400,0,25680,0,0/8388608,0
500,0,30952,0,0/8388608,0
600,0,36264,0,0/8388608,0
700,0,41528,0,0/8388608,0
800,0,46792,0,0/8388608,0
900,0,52040,0,0/8388608,0
1000,0,57128,0,0/8388608,0
1500,0,83344,0,0/8388608,0
2000,0,109832,0,0/8388608,0
2500,0,135768,0,0/8388608,0
3000,0,161976,0,0/8388608,0
3500,0,188104,0,0/8388608,0
4000,0,214376,0,0/8388608,0
4500,0,240200,0,0/8388608,0
5000,0,266584,0,0/8388608,0
6000,0,319112,0,0/8388608,0
7000,0,371344,0,0/8388608,0
8000,0,423624,0,0/8388608,0
9000,0,475688,0,0/8388608,0
10000,0,527928,0,0/8388608,0
15000,0,789928,0,0/8388608,0
20000,0,1051064,0,0/8388608,0
25000,0,1312376,0,0/8388608,0
30000,0,1573752,0,0/8388608,0
35000,0,1834904,0,0/8388608,0
40000,0,2096208,0,0/8388608,0
45000,0,2357912,0,0/8388608,0
50000,0,2619160,0,0/8388608,0
60000,0,3141672,0,0/8388608,0
70000,0,3663632,0,0/8388608,0
80000,0,4185256,0,0/8388608,0
90000,0,4707688,0,0/8388608,0
100000,0,5229536,0,0/8388608,0
150000,0,7840968,0,0/8388608,0
200000,0,10454496,0,0/8388608,0
250000,0,13066608,0,0/8388608,0
300000,0,15682968,0,0/8388608,0
350000,0,18301760,0,0/8388608,0
400000,0,20915024,0,0/8388608,0
450000,0,23526864,0,0/8388608,0
500000,0,26145520,0,0/8388608,0
600000,0,31374960,0,0/8388608,0
700000,0,36605168,0,0/8388608,0
800000,0,41832224,0,0/8388608,0
900000,0,47058512,0,0/8388608,0
1000000,0,52286176,0,0/8388608,0
1100000,0,57513560,0,0/8388608,0
1200000,0,62743840,0,0/8388608,0
1300000,0,67974400,0,0/8388608,0
1400000,0,73201120,0,0/8388608,0
1500000,0,78433456,0,0/8388608,0
1600000,0,83659872,0,0/8388608,0
1700000,252856,23840920,36183036,0/8388608,0
1800000,252856,29066832,36183036,0/8388608,0
1900000,252856,34291224,36183036,0/8388608,0
2000000,252856,39518384,36183036,0/8388608,0
2100000,252856,44747304,36183036,0/8388608,0
2200000,252856,49976488,36183036,0/8388608,0
2300000,252856,55205752,36183036,0/8388608,0
2400000,252856,60427000,36183036,0/8388608,0
2500000,252856,65654160,36183036,0/8388608,0
2600000,252856,70880296,36183036,0/8388608,0
2700000,252856,76103656,36183036,0/8388608,0
2800000,252856,81327960,36183036,0/8388608,0
2900000,505632,21528072,72360804,0/8388608,0
3000000,505632,26758968,72360804,0/8388608,0
3100000,505632,31983328,72360804,0/8388608,0
3200000,505632,37215832,72360804,0/8388608,0
3300000,505632,42445288,72360804,0/8388608,0
3400000,505632,47672384,72360804,0/8388608,0
3500000,505632,52898888,72360804,0/8388608,0
3600000,505632,58121160,72360804,0/8388608,0
3700000,505632,63347328,72360804,0/8388608,0
3800000,505632,68575616,72360804,0/8388608,0
3900000,505632,73799656,72360804,0/8388608,0
4000000,505632,79026352,72360804,0/8388608,0
4100000,758408,19235960,108534824,0/8388608,0
4200000,758408,24461656,108534824,0/8388608,0
4300000,758408,29689760,108534824,0/8388608,0
4400000,758408,34912304,108534824,0/8388608,0
4500000,758408,40137272,108534824,0/8388608,0
4600000,758408,45362432,108534824,0/8388608,0
4700000,758408,50587976,108534824,0/8388608,0
4800000,758408,55815992,108534824,0/8388608,0
4900000,758408,61042528,108534824,0/8388608,0
5000000,758408,66274776,108534824,0/8388608,0
5100000,758408,71504000,108534824,0/8388608,0
5200000,758408,76729384,108534824,0/8388608,0
5300000,758408,81958872,108534824,0/8388608,0
5400000,1011232,22174568,144721529,16704/8388608,16704
5500000,1011232,27398040,144721529,16688/8388608,16688
5600000,1011232,32624936,144721529,16688/8388608,16688
5700000,1011232,37850616,144721529,12528/8388608,16688
5800000,1011232,43082912,144721529,16704/8388608,16704
5900000,1011232,48309088,144721529,16704/8388608,16704
6000000,1011232,53537176,144721529,16704/8388608,16704
6100000,1011232,58766720,144721529,16704/8388608,16704
6200000,1011232,63991984,144721529,16704/8388608,16704
6300000,1011232,69221592,144721529,0/8388608,0
6400000,998960,74443824,256943017,0/8388608,0
6500000,998960,79673360,256943017,0/8388608,0
6600000,1251704,19883304,148392957,0/8388608,0
6700000,1251704,25106744,148392957,0/8388608,0
6800000,1251704,30333488,148392957,0/8388608,0
6900000,1251704,35560376,148392957,0/8388608,0
7000000,1251704,40786264,148392957,0/8388608,0
7100000,1251704,46013664,148392957,0/8388608,0
7200000,1251704,51238600,148392957,0/8388608,0
7300000,1251704,56467480,148392957,0/8388608,0
7400000,1251704,61694096,148392957,0/8388608,0
7500000,1251704,66922024,148392957,0/8388608,0
7600000,1251704,72149936,148392957,0/8388608,0
7700000,1251704,77378816,148392957,0/8388608,0
7800000,1251704,82606488,148392957,0/8388608,0
7900000,1504528,22820184,184572820,0/8388608,0
8000000,1504528,28043824,184572820,0/8388608,0
8100000,1504528,33271376,184572820,0/8388608,0
8200000,1504528,38496888,184572820,0/8388608,0
8300000,1504528,43723024,184572820,0/8388608,0
8400000,1504528,48949760,184572820,0/8388608,0
8500000,1504528,54178104,184572820,0/8388608,0
8600000,1504528,59406688,184572820,0/8388608,0
8700000,1504528,64637120,184572820,0/8388608,0
8800000,1504528,69867808,184572820,0/8388608,0
8900000,1504528,75092192,184572820,0/8388608,0
9000000,1504528,80322400,184572820,0/8388608,0
9100000,1757352,20534200,220745727,0/8388608,0
9200000,1757352,25763256,220745727,0/8388608,0
9300000,1757352,30988640,220745727,0/8388608,0
9400000,1757352,36216776,220745727,0/8388608,0
9500000,1757352,41442824,220745727,0/8388608,0
9600000,1757352,46667048,220745727,0/8388608,0
9700000,1757352,51888632,220745727,0/8388608,0
9800000,1757352,57112200,220745727,0/8388608,0
9900000,1757352,62337984,220745727,0/8388608,0
10000000,1757352,67560288,220745727,0/8388608,0
10100000,1757352,72783632,220745727,0/8388608,0
10200000,1757352,78008584,220745727,0/8388608,0
10300000,1757352,83234440,220745727,0/8388608,0
10400000,2010176,23445224,256930943,20848/8388608,20848
10500000,2010176,28672752,256930943,20848/8388608,20848
10600000,2010176,33898240,256930943,20832/8388608,20832
10700000,2010176,39123488,256930943,20864/8388608,20864
10800000,2010176,44350976,256930943,20864/8388608,20864
10900000,2010176,49577448,256930943,20864/8388608,20864
11000000,2010176,54804856,256930943,20864/8388608,20864
11100000,2010176,60033504,256930943,16704/8388608,16704
11200000,2010176,65258968,256930943,16688/8388608,20848
11300000,2010176,70486008,256930943,20864/8388608,20864
11400000,2010176,75711720,256930943,16688/8388608,16688
11500000,2010176,80936464,256930943,20848/8388608,20848
11600000,2010176,86164384,256930943,20848/8388608,20848
11700000,2262872,26378464,293107992,20864/8388608,20864
11800000,2262872,31603104,293107992,16704/8388608,20864
11900000,2262872,36835296,293107992,20848/8388608,20848
12000000,2262872,42061936,293107992,20880/8388608,20880
12100000,2262872,47289576,293107992,20880/8388608,20880
12200000,2262872,52516336,293107992,20864/8388608,20864
12300000,2262872,57746704,293107992,20864/8388608,20864
12400000,2262872,62973848,293107992,0/8388608,0
12500000,2203832,68200544,512446078,0/8388608,0
12600000,2203832,73427072,512446078,0/8388608,0
12700000,2203832,78655872,512446078,0/8388608,0
12800000,2456528,18873160,291682212,0/8388608,0
12900000,2456528,24101480,291682212,0/8388608,0
13000000,2456528,29328144,291682212,0/8388608,0
13100000,2456528,34555416,291682212,0/8388608,0
13200000,2456528,39785264,291682212,0/8388608,0
13300000,2456528,45011104,291682212,0/8388608,0
13400000,2456528,50236960,291682212,0/8388608,0
13500000,2456528,55461216,291682212,0/8388608,0
13600000,2456528,60690920,291682212,0/8388608,0
13700000,2456528,65917760,291682212,0/8388608,0
13800000,2456528,71145040,291682212,0/8388608,0
13900000,2456528,76371008,291682212,0/8388608,0
14000000,2456528,81598344,291682212,0/8388608,0
14100000,2709320,21808632,327853559,0/8388608,0
14200000,2709320,27034656,327853559,0/8388608,0
14300000,2709320,32261936,327853559,0/8388608,0
14400000,2709320,37486088,327853559,0/8388608,0
14500000,2709320,42713880,327853559,0/8388608,0
14600000,2709320,47939136,327853559,0/8388608,0
14700000,2709320,53165944,327853559,0/8388608,0
14800000,2709320,58394064,327853559,0/8388608,0
14900000,2709320,63621904,327853559,0/8388608,0
15000000,2709320,68845776,327853559,0/8388608,0
15100000,2709320,74075368,327853559,0/8388608,0
15200000,2709320,79299392,327853559,0/8388608,0
15300000,2962176,19513592,364032997,20912/8388608,20912
15400000,2962176,24740152,364032997,20912/8388608,20912
15500000,2962176,29969056,364032997,20880/8388608,20880
15600000,2962176,35193552,364032997,20896/8388608,16704
15700000,2962176,40419864,364032997,20912/8388608,20912
15800000,2962176,45648400,364032997,20896/8388608,20896
15900000,2962176,50879096,364032997,20912/8388608,20912
16000000,2962176,56102904,364032997,16688/8388608,16688
16100000,2962176,61325520,364032997,20880/8388608,20880
16200000,2962176,66550656,364032997,20896/8388608,20896
16300000,2962176,71775536,364032997,16688/8388608,16688
16400000,2962176,77002816,364032997,20896/8388608,20896
16500000,2962176,82227128,364032997,20896/8388608,20896
16600000,2962176,87455384,364032997,20896/8388608,20896
16700000,3215048,27667968,400212275,20864/8388608,20864
16800000,3215048,32896176,400212275,20864/8388608,20864
16900000,3215048,38121248,400212275,20880/8388608,20880
17000000,3215048,43347520,400212275,16688/8388608,20864
17100000,3215048,48574136,400212275,20880/8388608,20880
17200000,3215048,53800800,400212275,20880/8388608,20880
17300000,3215048,59030080,400212275,20880/8388608,20880
17400000,3215048,64254960,400212275,20864/8388608,20864
17500000,3215048,69482568,400212275,20880/8388608,20880
17600000,3215048,74708576,400212275,20880/8388608,20880
17700000,3215048,79931376,400212275,20880/8388608,20880
17800000,3467920,20147408,436392167,20880/8388608,20880
17900000,3467920,25374672,436392167,20880/8388608,20880
18000000,3467920,30597472,436392167,20880/8388608,20880
18100000,3467920,35822184,436392167,20848/8388608,20848
18200000,3467920,41047752,436392167,20848/8388608,20848
18300000,3467920,46278688,436392167,20864/8388608,20864
18400000,3467920,51506808,436392167,0/8388608,0
18500000,3373144,56726536,394671890,0/8388608,0
18600000,3373144,61949840,394671890,0/8388608,0
18700000,3373144,67174736,394671890,0/8388608,0
18800000,3373144,72402728,394671890,0/8388608,0
18900000,3373144,77625328,394671890,0/8388608,0
19000000,3373144,82850880,394671890,0/8388608,0
19100000,3625968,23064320,430855964,0/8388608,0
19200000,3625968,28284576,430855964,0/8388608,0
19300000,3625968,33512992,430855964,0/8388608,0
19400000,3625968,38738024,430855964,0/8388608,0
19500000,3625968,43962880,430855964,0/8388608,0
19600000,3625968,49185984,430855964,0/8388608,0
19700000,3625968,54412232,430855964,0/8388608,0
19800000,3625968,59637944,430855964,0/8388608,0
19900000,3625968,64866512,430855964,0/8388608,0
20000000,3625968,70092856,430855964,0/8388608,0
20100000,3625968,75319168,430855964,0/8388608,0
20200000,3625968,80548984,430855964,0/8388608,0
20300000,3878856,20765720,467041702,20848/8388608,20848
20400000,3878856,25990688,467041702,20848/8388608,20848
20500000,3878856,31218488,467041702,20864/8388608,20864
20600000,3878856,36442872,467041702,20880/8388608,20880
20700000,3878856,41672344,467041702,20880/8388608,20880
20800000,3878856,46901840,467041702,20880/8388608,20880
20900000,3878856,52127416,467041702,20864/8388608,20864
21000000,3878856,57352872,467041702,20880/8388608,20880
21100000,3878856,62580960,467041702,20880/8388608,20880
21200000,3878856,67809288,467041702,20864/8388608,20864
21300000,3878856,73032112,467041702,20864/8388608,20864
21400000,3878856,78263992,467041702,20864/8388608,20864
21500000,3878856,83488592,467041702,20864/8388608,20864
21600000,4131632,23702712,503215992,20880/8388608,20880
21700000,4131632,28932448,503215992,20880/8388608,20880
21800000,4131632,34158424,503215992,20864/8388608,20864
21900000,4131632,39383928,503215992,20864/8388608,20864
22000000,4131632,44610992,503215992,20880/8388608,20880
22100000,4131632,49843248,503215992,20880/8388608,20880
22200000,4131632,55069352,503215992,20880/8388608,20880
22300000,4131632,60293472,503215992,20880/8388608,20880
22400000,4131632,65521440,503215992,20880/8388608,20880
22500000,4131632,70747264,503215992,20864/8388608,20864
22600000,4131632,75972208,503215992,20864/8388608,20864
22700000,4131632,81199480,503215992,20864/8388608,20864
22800000,4131632,86430632,503215992,20864/8388608,20864
22900000,4384328,26646344,539386983,20880/8388608,20880
23000000,4384328,31874288,539386983,20880/8388608,20880
23100000,4384328,37105208,539386983,20864/8388608,20864
23200000,4384328,42331392,539386983,20880/8388608,20880
23300000,4384328,47558368,539386983,20880/8388608,20880
23400000,4384328,52785160,539386983,20880/8388608,20880
23500000,4384328,58013912,539386983,20880/8388608,20880
23600000,4384328,63242320,539386983,20880/8388608,20880
23700000,4384328,68472080,539386983,20880/8388608,20880
23800000,4384328,73699864,539386983,20864/8388608,20864
23900000,4384328,78930448,539386983,0/8388608,0
24000000,4533568,19144872,558841028,0/8388608,0
24100000,4533568,24368248,558841028,0/8388608,0
24200000,4533568,29603592,558841028,0/8388608,0
24300000,4533568,34829080,558841028,0/8388608,0
24400000,4533568,40056824,558841028,0/8388608,0
24500000,4533568,45284720,558841028,0/8388608,0
24600000,4533568,50507728,558841028,0/8388608,0
24700000,4533568,55735560,558841028,0/8388608,0
24800000,4533568,60958592,558841028,0/8388608,0
24900000,4533568,66186144,558841028,0/8388608,0
25000000,4533568,71410848,558841028,0/8388608,0
25100000,4533568,76636096,558841028,0/8388608,0
25200000,4533568,81858200,558841028,0/8388608,0
25300000,4786248,22067704,595013016,20864/8388608,20864
25400000,4786248,27291936,595013016,20848/8388608,20848
25500000,4786248,32523640,595013016,20848/8388608,20848
25600000,4786248,37749240,595013016,20864/8388608,20864
25700000,4786248,42973632,595013016,20848/8388608,20848
25800000,4786248,48199864,595013016,16704/8388608,16704
25900000,4786248,53426232,595013016,20848/8388608,20848
26000000,4786248,58651800,595013016,20880/8388608,20880
26100000,4786248,63876768,595013016,20880/8388608,20880
26200000,4786248,69105360,595013016,20880/8388608,20880
26300000,4786248,74334632,595013016,20848/8388608,20848
26400000,4786248,79562016,595013016,20864/8388608,20864
26500000,5039104,19776008,631193060,16672/8388608,16672
26600000,5039104,25002096,631193060,20880/8388608,20880
26700000,5039104,30226984,631193060,20848/8388608,20848
26800000,5039104,35454056,631193060,20880/8388608,20880
26900000,5039104,40676664,631193060,20864/8388608,20864
27000000,5039104,45903872,631193060,20848/8388608,20848
27100000,5039104,51131960,631193060,16704/8388608,16704
27200000,5039104,56355352,631193060,20880/8388608,20880
27300000,5039104,61583136,631193060,20880/8388608,20880
27400000,5039104,66812208,631193060,20864/8388608,20864
27500000,5039104,72040832,631193060,20880/8388608,20880
27600000,5039104,77261056,631193060,20880/8388608,20880
27700000,5039104,82486048,631193060,20896/8388608,20896
27800000,5291896,22697896,667368744,20880/8388608,20880
27900000,5291896,27924240,667368744,20864/8388608,20864
28000000,5291896,33148544,667368744,16688/8388608,16688
28100000,5291896,38373240,667368744,20880/8388608,20880
28200000,5291896,43595712,667368744,20880/8388608,20880
28300000,5291896,48818816,667368744,20880/8388608,20880
28400000,5291896,54045040,667368744,20880/8388608,20880
28500000,5291896,59269824,667368744,20880/8388608,20880
28600000,5291896,64494864,667368744,0/8388608,0
28700000,5196840,69726480,1050416411,0/8388608,0
28800000,5196840,74951232,1050416411,0/8388608,0
28900000,5196840,80175624,1050416411,0/8388608,0
29000000,5449776,20395400,693909328,0/8388608,0
29100000,5449776,25622176,693909328,0/8388608,0
29200000,5449776,30849696,693909328,0/8388608,0
29300000,5449776,36076968,693909328,0/8388608,0
29400000,5449776,41300952,693909328,0/8388608,0
29500000,5449776,46526008,693909328,0/8388608,0
29600000,5449776,51752232,693909328,0/8388608,0
29700000,5449776,56981352,693909328,0/8388608,0
29800000,5449776,62205840,693909328,0/8388608,0
29900000,5449776,67432352,693909328,0/8388608,0
30000000,5449776,72659864,693909328,0/8388608,0
30100000,5449776,77884992,693909328,0/8388608,0
30200000,5449776,83113136,693909328,0/8388608,0
30300000,5702616,23324856,730081054,20896/8388608,20896
30400000,5702616,28547744,730081054,20880/8388608,20880
30500000,5702616,33772432,730081054,20896/8388608,20896
30600000,5702616,39004256,730081054,20864/8388608,20864
30700000,5702616,44231800,730081054,20896/8388608,20896
30800000,5702616,49458480,730081054,20848/8388608,20848
30900000,5702616,54684184,730081054,20880/8388608,20880
31000000,5702616,59915296,730081054,20880/8388608,20880
31100000,5702616,65143696,730081054,20880/8388608,20880
31200000,5702616,70369600,730081054,20864/8388608,20864
31300000,5702616,75594688,730081054,20864/8388608,20864
31400000,5702616,80815144,730081054,20880/8388608,20880
31500000,5955472,21029456,766255449,20880/8388608,20880
31600000,5955472,26256200,766255449,20864/8388608,20864
31700000,5955472,31483312,766255449,20864/8388608,20864
31800000,5955472,36708936,766255449,20864/8388608,20864
31900000,5955472,41935016,766255449,20864/8388608,20864
32000000,5955472,47156920,766255449,16704/8388608,20864
32100000,5955472,52383464,766255449,20864/8388608,20864
32200000,5955472,57605000,766255449,20880/8388608,20880
32300000,5955472,62830368,766255449,20880/8388608,20880
32400000,5955472,68056456,766255449,20864/8388608,20864
32500000,5955472,73280760,766255449,20880/8388608,20880
32600000,5955472,78507728,766255449,16704/8388608,16704
32700000,6208376,18720744,802442652,20864/8388608,20864
32800000,6208376,23947216,802442652,20880/8388608,20880
32900000,6208376,29176096,802442652,20880/8388608,20880
33000000,6208376,34405032,802442652,20864/8388608,16688
33100000,6208376,39631592,802442652,16672/8388608,16672
33200000,6208376,44856848,802442652,20880/8388608,20880
33300000,6208376,50081856,802442652,20864/8388608,20864
33400000,6208376,55306584,802442652,0/8388608,0
33500000,6118008,60533136,805178548,0/8388608,0
33600000,6118008,65763456,805178548,8368/8388608,8368
33700000,6118008,70991632,805178548,8368/8388608,8368
33800000,6118008,76218880,805178548,8368/8388608,8368
33900000,6118008,81444640,805178548,8368/8388608,8368
34000000,6370832,21656768,841358563,8368/8388608,8368
34100000,6370832,26886800,841358563,8368/8388608,8368
34200000,6370832,32109984,841358563,8336/8388608,8336
34300000,6370832,37334336,841358563,8368/8388608,8368
34400000,6370832,42563440,841358563,4176/8388608,0
34500000,6370832,47782080,841358563,4176/8388608,4176
34600000,6370832,53007808,841358563,0/8388608,0
34700000,6338640,58236120,820354021,8368/8388608,8368
34800000,6338640,63460816,820354021,8352/8388608,8352
34900000,6338640,68689336,820354021,8368/8388608,8368
35000000,6338640,73918360,820354021,8368/8388608,8368
35100000,6338640,79143128,820354021,8368/8388608,8368
35200000,6338640,84372400,820354021,8352/8388608,8352
35300000,6591528,24588000,856533405,8368/8388608,8368
35400000,6591528,29816576,856533405,8368/8388608,8368
35500000,6591528,35050856,856533405,8368/8388608,8368
35600000,6591528,40275656,856533405,4192/8388608,8368
35700000,6591528,45504240,856533405,4192/8388608,4192
35800000,6591528,50730264,856533405,4176/8388608,4176
35900000,6591528,55956456,856533405,4176/8388608,4176
36000000,6591528,61180856,856533405,4176/8388608,4176
36100000,6591528,66408384,856533405,0/8388608,0
36200000,6524360,71631088,1023737474,20864/8388608,20864
36300000,6524360,76854288,1023737474,20864/8388608,20864
36400000,6524360,82076952,1023737474,20880/8388608,20880
36500000,6777216,22286952,857712898,20880/8388608,20880
36600000,6777216,27511616,857712898,20880/8388608,20880
36700000,6777216,32739344,857712898,20896/8388608,20896
36800000,6777216,37966264,857712898,20896/8388608,20896
36900000,6777216,43192288,857712898,20880/8388608,20880
37000000,6777216,48424352,857712898,20832/8388608,20832
37100000,6777216,53652920,857712898,20896/8388608,20896
37200000,6777216,58878376,857712898,20864/8388608,20864
37300000,6777216,64104576,857712898,20880/8388608,20880
37400000,6777216,69329024,857712898,20896/8388608,16720
37500000,6777216,74553072,857712898,20880/8388608,20880
37600000,6777216,79782432,857712898,20864/8388608,20864
37700000,7030024,19992552,893896241,20880/8388608,20880
37800000,7030024,25216064,893896241,20864/8388608,20864
37900000,7030024,30440976,893896241,20848/8388608,20848
38000000,7030024,35664808,893896241,20864/8388608,20864
38100000,7030024,40892848,893896241,20864/8388608,20864
38200000,7030024,46120080,893896241,16704/8388608,16704
38300000,7030024,51348024,893896241,16688/8388608,16688
38400000,6977184,56576568,885524520,0/8388608,0
38500000,6977184,61801840,885524520,8368/8388608,8368
38600000,6977184,67029320,885524520,8368/8388608,8368
38700000,6977184,72259184,885524520,8368/8388608,8368
38800000,6977184,77483216,885524520,8352/8388608,8352
38900000,6977184,82713848,885524520,8368/8388608,8368
39000000,7229960,22927576,921705575,8352/8388608,8352
39100000,7229960,28152808,921705575,8368/8388608,8368
39200000,7229960,33375504,921705575,8352/8388608,8352
39300000,7229960,38600824,921705575,8352/8388608,8352
39400000,7229960,43826128,921705575,8368/8388608,8368
39500000,7229960,49051328,921705575,8336/8388608,8336
39600000,7229960,54273752,921705575,4176/8388608,4176
39700000,7229960,59502944,921705575,4176/8388608,4176
39800000,7229960,64731744,921705575,4176/8388608,4176
39900000,7229960,69960736,921705575,0/8388608,0
40000000,7229960,75185904,921705575,4176/8388608,4176
40100000,7229960,80405864,921705575,0/8388608,0
40200000,7412144,20615832,932290534,20880/8388608,20880
40300000,7412144,25842976,932290534,20864/8388608,20864
40400000,7412144,31071536,932290534,20864/8388608,20864
40500000,7412144,36296776,932290534,16688/8388608,20864
40600000,7412144,41522616,932290534,20864/8388608,20864
40700000,7412144,46750416,932290534,20864/8388608,20864
40800000,7412144,51977144,932290534,20864/8388608,20864
40900000,7412144,57204312,932290534,20864/8388608,20864
41000000,7412144,62431040,932290534,20896/8388608,20896
41100000,7412144,67657576,932290534,20864/8388608,20864
41200000,7412144,72887456,932290534,20864/8388608,20864
41300000,7412144,78111392,932290534,20864/8388608,20864
41400000,7412144,83343456,932290534,20864/8388608,20864
41500000,7665048,23550976,968476174,20864/8388608,20864
41600000,7665048,28779264,968476174,20864/8388608,20864
41700000,7665048,34008400,968476174,20880/8388608,20880
41800000,7665048,39233704,968476174,20880/8388608,20880
41900000,7665048,44464392,968476174,20864/8388608,20864
42000000,7665048,49690656,968476174,20880/8388608,20880
42100000,7665048,54917400,968476174,20880/8388608,20880
42200000,7665048,60144080,968476174,16704/8388608,20896
42300000,7665048,65370576,968476174,20864/8388608,20864
42400000,7665048,70603120,968476174,20896/8388608,20896
42500000,7665048,75831664,968476174,20896/8388608,20896
42600000,7665048,81059808,968476174,20896/8388608,20896
42700000,7917760,21274056,1004650338,20896/8388608,20896
42800000,7917760,26498208,1004650338,20896/8388608,20896
42900000,7917760,31722608,1004650338,20896/8388608,20896
43000000,7917760,36949216,1004650338,20864/8388608,20864
43100000,7917760,42179120,1004650338,0/8388608,0
43200000,7917760,47401408,1004650338,0/8388608,0
43300000,7843768,52628400,992913412,8368/8388608,8368
43400000,7843768,57857520,992913412,8368/8388608,8368
43500000,7843768,63084992,992913412,8368/8388608,8368
43600000,7843768,68315024,992913412,8368/8388608,8368
43700000,7843768,73546040,992913412,8368/8388608,8368
43800000,7843768,78773704,992913412,8368/8388608,8368
43900000,7843768,83997960,992913412,8368/8388608,8368
44000000,7843768,89225944,992913412,8368/8388608,8368
44100000,8096640,29436688,1029085561,8368/8388608,8368
44200000,8096640,34663384,1029085561,8336/8388608,8336
44300000,8096640,39888824,1029085561,8368/8388608,4192
44400000,8096640,45119088,1029085561,8368/8388608,8368
44500000,8096640,50344016,1029085561,8368/8388608,8368
44600000,8096640,55569072,1029085561,8368/8388608,8368
44700000,8096640,60796496,1029085561,8368/8388608,8368
44800000,8096640,66022736,1029085561,0/8388608,0
44900000,8008960,71252656,1180350039,8368/8388608,8368
45000000,8008960,76479592,1180350039,4192/8388608,4192
45100000,8008960,81704464,986943001,8368/8388608,8368
45200000,8261752,21915864,1023121904,8368/8388608,8368
45300000,8261752,27141712,1023121904,8368/8388608,8368
45400000,8261752,32372672,1023121904,8368/8388608,8368
45500000,8261752,37603512,1023121904,8368/8388608,8368
45600000,8261752,42829616,1023121904,8368/8388608,8368
45700000,8261752,48057008,1023121904,8368/8388608,8368
45800000,8261752,53277624,1023121904,4192/8388608,4192
45900000,8261752,58504904,1023121904,4192/8388608,4192
46000000,8261752,63732544,1023121904,4192/8388608,4192
46100000,8261752,68952768,1023121904,4192/8388608,4192
46200000,8261752,74176160,1023121904,0/8388608,0
46300000,8261752,79408024,1023121904,4192/8388608,4192
46400000,8514560,19620152,1059296995,4192/8388608,4192
46500000,8514560,24846200,1059296995,0/8388608,0
46600000,8449360,30080128,1031193222,25072/8388608,25072
46700000,8449360,35306664,1031193222,25072/8388608,25072
46800000,8449360,40535048,1031193222,25072/8388608,25072
46900000,8449360,45765328,1031193222,25072/8388608,25072
47000000,8449360,50992072,1031193222,25072/8388608,25072
47100000,8449360,56220376,1031193222,25072/8388608,25072
47200000,8449360,61448944,1031193222,25024/8388608,25024
47300000,8449360,66674584,1031193222,25072/8388608,25072
47400000,8449360,71904024,1031193222,25040/8388608,25040
47500000,8449360,77130152,1031193222,25040/8388608,25040
47600000,8449360,82352224,1031193222,25024/8388608,25024
47700000,8449360,87578992,1031193222,25024/8388608,25024
47800000,8702136,27790520,1067367058,25056/8388608,25056
47900000,8702136,33017648,1067367058,25056/8388608,25056
48000000,8702136,38239368,1067367058,25040/8388608,25040
48100000,8702136,43470208,1067367058,25056/8388608,25056
48200000,8702136,48692592,1067367058,25040/8388608,25040
48300000,8702136,53922760,1067367058,25040/8388608,25040
48400000,8702136,59151312,1067367058,25056/8388608,25056
48500000,8702136,64376952,1067367058,25072/8388608,25072
48600000,8702136,69605840,1067367058,25072/8388608,25072
48700000,8702136,74831696,1067367058,25072/8388608,25072
48800000,8702136,80058128,1067367058,25056/8388608,25056
48900000,8702136,85284648,1067367058,25056/8388608,25056
49000000,8954976,25494032,1103548956,25040/8388608,25040
49100000,8954976,30726224,1103548956,25056/8388608,25056
49200000,8954976,35957336,1103548956,25024/8388608,25024
49300000,8954976,41186824,1103548956,20880/8388608,20880
49400000,8954976,46413488,1103548956,20880/8388608,20880
49500000,8954976,51635352,1103548956,20880/8388608,20880
49600000,8954976,56860200,1103548956,20864/8388608,20864
49700000,8954976,62089256,1103548956,20864/8388608,20864
49800000,8954976,67318672,1103548956,0/8388608,0
49900000,8858944,72544504,1471188978,8352/8388608,8352
50000000,8858944,77771712,1471188978,8352/8388608,8352
50100000,8858944,83001800,1088183287,8352/8388608,8352
50200000,9111752,23212088,1124355797,8352/8388608,8352
50300000,9111752,28442320,1124355797,8352/8388608,8352
50400000,9111752,33665672,1124355797,8352/8388608,8352
50500000,9111752,38893168,1124355797,8352/8388608,8352
50600000,9111752,44119552,1124355797,8352/8388608,8352
50700000,9111752,49349720,1124355797,8352/8388608,8352
50800000,9111752,54571904,1124355797,8368/8388608,8368
50900000,9111752,59801200,1124355797,8368/8388608,8368
51000000,9111752,65026328,1124355797,8368/8388608,8368
51100000,9111752,70252136,1124355797,4176/8388608,4176
51200000,9111752,75476136,1124355797,4176/8388608,4176
51300000,9111752,80703448,1124355797,0/8388608,0
51400000,9032504,85930944,1102003512,8352/8388608,8352
51500000,9285296,26143128,1138181314,8368/8388608,8368
51600000,9285296,31368928,1138181314,8368/8388608,8368
51700000,9285296,36593736,1138181314,8368/8388608,8368
51800000,9285296,41824144,1138181314,8352/8388608,8352
51900000,9285296,47051680,1138181314,8368/8388608,8368
52000000,9285296,52276424,1138181314,8368/8388608,8368
52100000,9285296,57502424,1138181314,8368/8388608,8368
52200000,9285296,62728432,1138181314,8352/8388608,8352
52300000,9285296,67959544,1138181314,8352/8388608,8352
52400000,9285296,73194560,1138181314,8352/8388608,8352
52500000,9285296,78422440,1138181314,8368/8388608,8368
52600000,9285296,83646864,1138181314,8352/8388608,8352
52700000,9538072,23858528,1174356468,8368/8388608,8368
52800000,9538072,29086832,1174356468,4176/8388608,4176
52900000,9538072,34316104,1174356468,4176/8388608,4176
53000000,9538072,39547656,1174356468,0/8388608,0
53100000,9538072,44774320,1174356468,0/8388608,0
53200000,9437480,50005872,1149658529,25056/8388608,25056
53300000,9437480,55228880,1149658529,25056/8388608,25056
53400000,9437480,60458528,1149658529,25072/8388608,25072
53500000,9437480,65683600,1149658529,25072/8388608,25072
53600000,9437480,70908112,1149658529,25072/8388608,25072
53700000,9437480,76132784,1149658529,25024/8388608,25024
53800000,9437480,81359472,1149658529,25024/8388608,25024
53900000,9690288,21571608,1185826181,25040/8388608,25040
54000000,9690288,26797832,1185826181,25072/8388608,25072
54100000,9690288,32024352,1185826181,25056/8388608,25056
54200000,9690288,37253896,1185826181,25056/8388608,25056
54300000,9690288,42479168,1185826181,25040/8388608,25040
54400000,9690288,47709912,1185826181,25040/8388608,25040
54500000,9690288,52940472,1185826181,25056/8388608,25056
54600000,9690288,58169496,1185826181,25072/8388608,25072
54700000,9690288,63399440,1185826181,25072/8388608,20880
54800000,9690288,68626288,1185826181,20880/8388608,25072
54900000,9690288,73856824,1185826181,25056/8388608,25056
55000000,9690288,79081520,1185826181,25056/8388608,25056
55100000,9943048,19294568,1222002736,25056/8388608,25056
55200000,9943048,24519800,1222002736,25088/8388608,25088
55300000,9943048,29746840,1222002736,25072/8388608,25072
55400000,9943048,34973504,1222002736,25088/8388608,25088
55500000,9943048,40204360,1222002736,25088/8388608,25088
55600000,9943048,45428704,1222002736,25088/8388608,25088
55700000,9943048,50658456,1222002736,25072/8388608,25072
55800000,9943048,55883256,1222002736,25072/8388608,25072
55900000,9943048,61109648,1222002736,25040/8388608,25040
56000000,9943048,66337328,1222002736,25056/8388608,25056
56100000,9943048,71564800,1222002736,25024/8388608,25024
56200000,9943048,76790080,1222002736,25024/8388608,25024
56300000,9943048,82013432,1222002736,25056/8388608,25056
56400000,10195824,22226856,1258175635,25056/8388608,25056
56500000,10195824,27450576,1258175635,25040/8388608,20864
56600000,10195824,32679952,1258175635,25056/8388608,25056
56700000,10195824,37905752,1258175635,0/8388608,0
56800000,10088728,43135072,1241319211,8352/8388608,8352
56900000,10088728,48365504,1241319211,8352/8388608,8352
57000000,10088728,53597112,1241319211,8352/8388608,8352
57100000,10088728,58828672,1241319211,8352/8388608,8352
57200000,10088728,64053896,1241319211,8352/8388608,8352
57300000,10088728,69281728,1241319211,8352/8388608,8352
57400000,10088728,74504960,1241319211,8352/8388608,8352
57500000,10088728,79733672,1241319211,8352/8388608,8352
57600000,10341440,19947656,1277489135,8352/8388608,8352
57700000,10341440,25176592,1277489135,8352/8388608,8352
57800000,10341440,30402016,1277489135,8352/8388608,8352
57900000,10341440,35628520,1277489135,4176/8388608,4176
58000000,10341440,40855464,1277489135,0/8388608,0
58100000,10268360,46083024,1255793963,0/8388608,0
58200000,10268360,51313144,1255793963,8352/8388608,8352
58300000,10268360,56541896,1255793963,8352/8388608,8352
58400000,10268360,61765184,1255793963,8352/8388608,8352
58500000,10268360,66993552,1255793963,8352/8388608,8352
58600000,10268360,72222000,1255793963,8352/8388608,8352
58700000,10268360,77446040,1255793963,8352/8388608,8352
58800000,10268360,82672392,1255793963,8352/8388608,8352
58900000,10521168,22883000,1291969576,8352/8388608,8352
59000000,10521168,28105760,1291969576,8368/8388608,4192
59100000,10521168,33332208,1291969576,8352/8388608,8352
59200000,10521168,38560896,1291969576,8352/8388608,8352
59300000,10521168,43785296,1291969576,8352/8388608,8352
59400000,10521168,49009944,1291969576,4176/8388608,4176
59500000,10521168,54234280,1291969576,4176/8388608,4176
59600000,10521168,59461184,1291969576,4176/8388608,4176
59700000,10521168,64684760,1291969576,4176/8388608,4176
59800000,10521168,69910512,1291969576,4176/8388608,4176
59900000,10521168,75137984,1291969576,0/8388608,0
60000000,10415520,80369328,1469033968,25040/8388608,20864
60100000,10668360,20579256,1302949198,25040/8388608,25040
60200000,10668360,25804720,1302949198,25024/8388608,25024
60300000,10668360,31030192,1302949198,25040/8388608,25040
60400000,10668360,36255824,1302949198,25040/8388608,25040
60500000,10668360,41480952,1302949198,25040/8388608,25040
60600000,10668360,46706888,1302949198,25040/8388608,25040
60700000,10668360,51931944,1302949198,25040/8388608,25040
60800000,10668360,57159416,1302949198,25056/8388608,25056
60900000,10668360,62387208,1302949198,25056/8388608,25056
61000000,10668360,67616672,1302949198,25072/8388608,25072
61100000,10668360,72843640,1302949198,25056/8388608,25056
61200000,10668360,78075328,1302949198,25056/8388608,25056
61300000,10668360,83303144,1302949198,25072/8388608,25072
61400000,10921280,23514856,1339128920,25072/8388608,25072
61500000,10921280,28742304,1339128920,25040/8388608,25040
61600000,10921280,33970840,1339128920,25040/8388608,25040
61700000,10921280,39193880,1339128920,25056/8388608,25056
61800000,10921280,44418560,1339128920,25040/8388608,25040
61900000,10921280,49651240,1339128920,20880/8388608,20880
62000000,10921280,54877832,1339128920,25056/8388608,25056
62100000,10921280,60103632,1339128920,25072/8388608,25072
62200000,10921280,65328112,1339128920,25072/8388608,25072
62300000,10921280,70561376,1339128920,25072/8388608,25072
62400000,10921280,75788328,1339128920,25072/8388608,25072
62500000,10921280,81016048,1339128920,25040/8388608,25040
62600000,11174088,21230200,1375304176,25072/8388608,25072
62700000,11174088,26454080,1375304176,25072/8388608,25072
62800000,11174088,31684608,1375304176,25056/8388608,25056
62900000,11174088,36913432,1375304176,25056/8388608,25056
63000000,11174088,42141496,1375304176,25072/8388608,25072
63100000,11174088,47369488,1375304176,25056/8388608,25056
63200000,11174088,52594488,1375304176,20896/8388608,25072
63300000,11174088,57815744,1375304176,25072/8388608,25072
63400000,11174088,63043648,1375304176,25056/8388608,25056
63500000,11174088,68274176,1375304176,25072/8388608,25072
63600000,11174088,73498496,1375304176,0/8388608,0
63700000,11056968,78727072,1800003918,8368/8388608,8368
63800000,11309808,18942664,1393154367,8368/8388608,8368
63900000,11309808,24169944,1393154367,8352/8388608,8352
64000000,11309808,29398080,1393154367,8352/8388608,8352
64100000,11309808,34628400,1393154367,8352/8388608,8352
64200000,11309808,39855320,1393154367,8352/8388608,8352
64300000,11309808,45084096,1393154367,4176/8388608,8352
64400000,11309808,50311616,1393154367,8352/8388608,8352
64500000,11309808,55532240,1393154367,8352/8388608,8352
64600000,11309808,60760416,1393154367,8368/8388608,8368
64700000,11309808,65985064,1393154367,8352/8388608,8352
64800000,11309808,71213352,1393154367,4176/8388608,4176
64900000,11309808,76438568,1393154367,8352/8388608,8352
65000000,11309808,81664408,1393154367,8352/8388608,8352
65100000,11562616,21879592,1429328551,8368/8388608,8368
65200000,11562616,27110840,1429328551,8352/8388608,8352
65300000,11562616,32339984,1429328551,4176/8388608,4176
65400000,11562616,37563560,1429328551,0/8388608,0
65500000,11432872,42791456,1401411800,8352/8388608,8352
65600000,11432872,48019176,1401411800,8352/8388608,8352
65700000,11432872,53244536,1401411800,8352/8388608,4176
65800000,11432872,58468016,1401411800,8352/8388608,8352
65900000,11432872,63694960,1401411800,8368/8388608,8368
66000000,11432872,68921528,1401411800,8352/8388608,8352
66100000,11432872,74144632,1401411800,8352/8388608,8352
66200000,11432872,79372624,1401411800,8352/8388608,8352
66300000,11432872,84599424,1401411800,8352/8388608,8352
66400000,11685792,24810296,1437592726,8368/8388608,8368
66500000,11685792,30036944,1437592726,8352/8388608,8352
66600000,11685792,35267056,1437592726,8352/8388608,8352
66700000,11685792,40494840,1437592726,4176/8388608,8352
66800000,11685792,45723584,1437592726,8352/8388608,8352
66900000,11685792,50950960,1437592726,8352/8388608,8352
67000000,11685792,56173496,1437592726,8352/8388608,8352
67100000,11685792,61400496,1437592726,8368/8388608,8368
67200000,11685792,66625824,1437592726,4176/8388608,4176
67300000,11685792,71852768,1437592726,0/8388608,0
67400000,11556888,77080480,1623230626,29248/8388608,29248
67500000,11556888,82306728,1623230626,29248/8388608,29248
67600000,11809632,22520376,1445881375,29248/8388608,29248
67700000,11809632,27747536,1445881375,29248/8388608,29248
67800000,11809632,32970368,1445881375,29248/8388608,29248
67900000,11809632,38195288,1445881375,29248/8388608,29248
68000000,11809632,43419840,1445881375,29248/8388608,29248
68100000,11809632,48647568,1445881375,29248/8388608,29248
68200000,11809632,53871496,1445881375,29232/8388608,29232
68300000,11809632,59098784,1445881375,29248/8388608,29248
68400000,11809632,64326040,1445881375,29248/8388608,29248
68500000,11809632,69553376,1445881375,29248/8388608,29248
68600000,11809632,74782752,1445881375,29232/8388608,29232
68700000,11809632,80011568,1445881375,29248/8388608,29248
68800000,12062360,20221528,1482057906,29232/8388608,29232
68900000,12062360,25446496,1482057906,29216/8388608,29216
69000000,12062360,30675376,1482057906,29200/8388608,29200
69100000,12062360,35902368,1482057906,29216/8388608,29216
69200000,12062360,41129368,1482057906,29200/8388608,29200
69300000,12062360,46355024,1482057906,29216/8388608,29216
69400000,12062360,51581056,1482057906,29216/8388608,29216
69500000,12062360,56810872,1482057906,29232/8388608,29232
69600000,12062360,62038216,1482057906,29232/8388608,29232
69700000,12062360,67266216,1482057906,29216/8388608,29216
69800000,12062360,72493112,1482057906,29232/8388608,29232
69900000,12062360,77720984,1482057906,29216/8388608,29216
70000000,12315152,17928776,1518235075,29216/8388608,29216
70100000,12315152,23157448,1518235075,29232/8388608,29232
70200000,12315152,28382480,1518235075,29200/8388608,29200
70300000,12315152,33607624,1518235075,29200/8388608,29200
70400000,12315152,38838792,1518235075,29200/8388608,29200
70500000,12315152,44065784,1518235075,29216/8388608,29216
70600000,12315152,49289328,1518235075,25040/8388608,29216
70700000,12315152,54514384,1518235075,29248/8388608,29248
70800000,12315152,59737192,1518235075,29232/8388608,29232
70900000,12315152,64961872,1518235075,29248/8388608,29248
71000000,12315152,70193432,1518235075,29232/8388608,29232
71100000,12315152,75418064,1518235075,29248/8388608,29248
71200000,12315152,80648976,1518235075,29248/8388608,29248
71300000,12567944,20858904,1554417251,29248/8388608,29248
71400000,12567944,26084048,1554417251,29248/8388608,29248
71500000,12567944,31311472,1554417251,25056/8388608,29232
71600000,12410256,36535800,1529890315,8352/8388608,8352
71700000,12410256,41760408,1529890315,8352/8388608,8352
71800000,12410256,46987360,1529890315,0/8388608,0
71900000,12389672,52212632,1525389690,8352/8388608,8352
72000000,12389672,57436232,1525389690,8352/8388608,8352
72100000,12389672,62659472,1525389690,8352/8388608,8352
72200000,12389672,67889272,1525389690,8352/8388608,8352
72300000,12389672,73118144,1525389690,8352/8388608,8352
72400000,12389672,78345584,1525389690,8352/8388608,8352
72500000,12389672,83570320,1525389690,8352/8388608,8352
72600000,12389672,88799856,1525389690,8352/8388608,8352
72700000,12642560,29012928,1561571505,8352/8388608,8352
72800000,12642560,34242960,1561571505,8352/8388608,8352
72900000,12642560,39467640,1561571505,8352/8388608,8352
73000000,12642560,44696256,1561571505,8352/8388608,8352
73100000,12642560,49917056,1561571505,8368/8388608,8368
73200000,12642560,55140112,1561571505,8352/8388608,8352
73300000,12642560,60366864,1561571505,0/8388608,4176
73400000,12642560,65595336,1561571505,0/8388608,0
73500000,12535600,70822216,1713200554,4176/8388608,4176
73600000,12535600,76043752,1713200554,8352/8388608,8352
73700000,12535600,81269672,1713200554,8352/8388608,8352
73800000,12788328,21485824,1572380818,4176/8388608,4176
73900000,12788328,26710432,1572380818,8352/8388608,8352
74000000,12788328,31936112,1572380818,4176/8388608,4176
74100000,12788328,37157008,1572380818,8352/8388608,8352
74200000,12788328,42386096,1572380818,8352/8388608,8352
74300000,12788328,47612032,1572380818,8352/8388608,8352
74400000,12788328,52836272,1572380818,4176/8388608,4176
74500000,12788328,58061320,1572380818,8352/8388608,8352
74600000,12788328,63287800,1572380818,8352/8388608,8352
74700000,12788328,68517328,1572380818,8352/8388608,8352
74800000,12788328,73746944,1572380818,8352/8388608,8352
74900000,12788328,78970400,1572380818,8352/8388608,8352
75000000,13041168,19182904,1608564330,4176/8388608,4176
75100000,13041168,24406392,1608564330,4176/8388608,0
75200000,13041168,29636896,1608564330,0/8388608,0
75300000,12894832,34861152,1578670128,33424/8388608,33424
75400000,12894832,40089424,1578670128,33408/8388608,29232
75500000,12894832,45314896,1578670128,33376/8388608,29216
75600000,12894832,50540680,1578670128,33392/8388608,29232
75700000,12894832,55772312,1578670128,33408/8388608,33408
75800000,12894832,60999840,1578670128,33408/8388608,33408
75900000,12894832,66230704,1578670128,33408/8388608,33408
76000000,12894832,71453344,1578670128,33408/8388608,29232
76100000,12894832,76677816,1578670128,33408/8388608,33408
76200000,12894832,81901000,1578670128,33392/8388608,33392
76300000,13147608,22110304,1614843578,33392/8388608,33392
76400000,13147608,27339264,1614843578,33392/8388608,33392
76500000,13147608,32567088,1614843578,33408/8388608,33408
76600000,13147608,37795800,1614843578,33392/8388608,33392
76700000,13147608,43020784,1614843578,33424/8388608,33424
76800000,13147608,48245616,1614843578,33424/8388608,33424
76900000,13147608,53472232,1614843578,33424/8388608,33424
77000000,13147608,58699048,1614843578,33408/8388608,33408
77100000,13147608,63917120,1614843578,33424/8388608,33424
77200000,13147608,69148448,1614843578,33424/8388608,33424
77300000,13147608,74374576,1614843578,33392/8388608,33392
77400000,13147608,79608008,1614843578,33408/8388608,33408
77500000,13147608,84830904,1614843578,33392/8388608,33392
77600000,13400512,25041768,1651032204,33408/8388608,33408
77700000,13400512,30264032,1651032204,33408/8388608,33408
77800000,13400512,35491048,1651032204,33408/8388608,33408
77900000,13400512,40718408,1651032204,33408/8388608,33408
78000000,13400512,45944856,1651032204,33424/8388608,33424
78100000,13400512,51175208,1651032204,33424/8388608,33424
78200000,13400512,56401384,1651032204,33424/8388608,33424
78300000,13400512,61626360,1651032204,33408/8388608,33408
78400000,13400512,66853520,1651032204,33424/8388608,33424
78500000,13400512,72084576,1651032204,33408/8388608,33408
78600000,13400512,77309352,1651032204,33424/8388608,33424
78700000,13400512,82535560,1651032204,33424/8388608,33424
78800000,13400512,87763752,1651032204,33424/8388608,33424
78900000,13653304,27979840,1687203593,33408/8388608,33408
79000000,13653304,33205672,1687203593,33392/8388608,33392
79100000,13653304,38434336,1687203593,33376/8388608,33376
79200000,13653304,43661152,1687203593,33376/8388608,33376
79300000,13653304,48886816,1687203593,33424/8388608,33424
79400000,13653304,54112520,1687203593,33424/8388608,33424
79500000,13653304,59338144,1687203593,33376/8388608,33376
79600000,13653304,64564624,1687203593,33376/8388608,33376
79700000,13653304,69794232,1687203593,33392/8388608,33392
79800000,13653304,75023312,1687203593,33392/8388608,33392
79900000,13653304,80247464,1687203593,33392/8388608,33392
80000000,13653304,85477488,1687203593,33392/8388608,33392
80100000,13653304,90710184,1687203593,33408/8388608,33408
80200000,13906048,30922736,1723377041,29216/8388608,29216
80300000,13691496,36150048,1690496505,8352/8388608,8352
80400000,13691496,41374872,1690496505,8352/8388608,8352
80500000,13691496,46599240,1690496505,8352/8388608,8352
80600000,13691496,51821424,1690496505,8352/8388608,8352
80700000,13691496,57044792,1690496505,4176/8388608,8352
80800000,13691496,62272736,1690496505,8352/8388608,8352
80900000,13691496,67500528,1690496505,8352/8388608,8352
81000000,13691496,72727904,1690496505,8352/8388608,8352
81100000,13691496,77950736,1690496505,8352/8388608,8352
81200000,13944304,18161680,1726671564,8352/8388608,8352
81300000,13944304,23390136,1726671564,8352/8388608,8352
81400000,13944304,28618128,1726671564,8352/8388608,8352
81500000,13944304,33846520,1726671564,8352/8388608,8352
81600000,13944304,39073496,1726671564,8352/8388608,8352
81700000,13944304,44297360,1726671564,4176/8388608,4176
81800000,13798048,49526776,1696890708,8352/8388608,8352
81900000,13798048,54753960,1696890708,8352/8388608,8352
82000000,13798048,59979112,1696890708,8352/8388608,8352
82100000,13798048,65208592,1696890708,8352/8388608,8352
82200000,13798048,70439072,1696890708,8352/8388608,8352
82300000,13798048,75662112,1696890708,8352/8388608,8352
82400000,13798048,80891520,1696890708,8352/8388608,8352
82500000,13798048,86119872,1696890708,8352/8388608,8352
82600000,14050840,26332320,1733066940,4176/8388608,4176
82700000,14050840,31556432,1733066940,8352/8388608,8352
82800000,14050840,36783472,1733066940,8352/8388608,8352
82900000,14050840,42010272,1733066940,8352/8388608,8352
83000000,14050840,47235824,1733066940,4176/8388608,4176
83100000,14050840,52462376,1733066940,0/8388608,0
83200000,13937288,57686648,1706809735,8368/8388608,8368
83300000,13937288,62912656,1706809735,8368/8388608,8368
83400000,13937288,68139968,1706809735,8368/8388608,8368
83500000,13937288,73367984,1706809735,4192/8388608,4192
83600000,13937288,78595888,1706809735,8368/8388608,8368
83700000,13937288,83821640,1706809735,8368/8388608,8368
83800000,14190128,24034680,1742989950,8368/8388608,8368
83900000,14190128,29260984,1742989950,8368/8388608,8368
84000000,14190128,34491424,1742989950,8368/8388608,8368
84100000,14190128,39717544,1742989950,8368/8388608,8368
84200000,14190128,44942912,1742989950,8368/8388608,8368
84300000,14190128,50168768,1742989950,8368/8388608,8368
84400000,14190128,55393496,1742989950,4192/8388608,4192
84500000,14190128,60624608,1742989950,4192/8388608,4192
84600000,14190128,65849760,1742989950,4192/8388608,4192
84700000,14190128,71077936,1742989950,4192/8388608,4192
84800000,14190128,76302320,1742989950,4192/8388608,4192
84900000,14190128,81529312,1742989950,4192/8388608,4192
85000000,14442920,21743216,1779163538,4192/8388608,4192
85100000,14442920,26972496,1779163538,0/8388608,0
85200000,14331616,32198192,1753202396,37632/8388608,37632
85300000,14331616,37424056,1753202396,37664/8388608,37664
85400000,14331616,42652800,1753202396,37632/8388608,37632
85500000,14331616,47879192,1753202396,37664/8388608,37664
85600000,14331616,53106784,1753202396,37648/8388608,37648
85700000,14331616,58329480,1753202396,37616/8388608,37616
85800000,14331616,63554048,1753202396,37616/8388608,37616
85900000,14331616,68781984,1753202396,37616/8388608,37616
86000000,14331616,74007480,1753202396,37616/8388608,37616
86100000,14331616,79233240,1753202396,37632/8388608,37632
86200000,14331616,84457536,1753202396,37616/8388608,37616
86300000,14584472,24667864,1789379609,37616/8388608,37616
86400000,14584472,29893592,1789379609,37568/8388608,37568
86500000,14584472,35119800,1789379609,37600/8388608,37600
86600000,14584472,40347064,1789379609,37584/8388608,37584
86700000,14584472,45572752,1789379609,37600/8388608,37600
86800000,14584472,50796168,1789379609,37584/8388608,37584
86900000,14584472,56019640,1789379609,37600/8388608,37600
87000000,14584472,61245040,1789379609,37552/8388608,37552
87100000,14584472,66474624,1789379609,37568/8388608,37568
87200000,14584472,71700416,1789379609,37568/8388608,37568
87300000,14584472,76926040,1789379609,37552/8388608,37552
87400000,14584472,82151264,1789379609,37568/8388608,37568
87500000,14584472,87379312,1789379609,37568/8388608,37568
87600000,14837312,27589424,1825564449,37568/8388608,37568
87700000,14837312,32820688,1825564449,33392/8388608,37568
87800000,14837312,38046688,1825564449,37568/8388608,37568
87900000,14837312,43277152,1825564449,33376/8388608,37552
88000000,14837312,48503568,1825564449,37552/8388608,37552
88100000,14837312,53724680,1825564449,37552/8388608,37552
88200000,14837312,58948704,1825564449,37568/8388608,37568
88300000,14837312,64176448,1825564449,37568/8388608,37568
88400000,14837312,69400432,1825564449,37584/8388608,37584
88500000,14837312,74623496,1825564449,37584/8388608,37584
88600000,14837312,79848632,1825564449,37584/8388608,37584
88700000,14837312,85073432,1825564449,37584/8388608,37584
88800000,15090104,25288848,1861741311,37584/8388608,37584
88900000,15090104,30514160,1861741311,37600/8388608,37600
89000000,15090104,35743064,1861741311,37600/8388608,37600
89100000,15090104,40971672,1861741311,37616/8388608,37616
89200000,15090104,46194880,1861741311,37600/8388608,37600
89300000,15090104,51422568,1861741311,37568/8388608,37568
89400000,15090104,56649880,1861741311,37568/8388608,33392
89500000,15090104,61875488,1861741311,37584/8388608,37584
89600000,15090104,67101472,1861741311,37584/8388608,37584
89700000,15090104,72323368,1861741311,37584/8388608,37584
89800000,15090104,77551728,1861741311,37568/8388608,37568
89900000,15090104,82780232,1861741311,37600/8388608,37600
90000000,15090104,88006648,1861741311,37600/8388608,37600
90100000,15342944,28221712,1897925647,37600/8388608,37600
90200000,15342944,33448488,1897925647,37600/8388608,37600
90300000,15342944,38673872,1897925647,37584/8388608,33408
90400000,15342944,43901976,1897925647,37584/8388608,37584
90500000,15342944,49127800,1897925647,0/8388608,0
90600000,15079256,54353952,1857702438,8352/8388608,8352
90700000,15079256,59582400,1857702438,8352/8388608,8352
90800000,15079256,64809664,1857702438,8352/8388608,8352
90900000,15079256,70034704,1857702438,8352/8388608,8352
91000000,15079256,75261344,1857702438,8352/8388608,8352
91100000,15079256,80490640,1857702438,8352/8388608,8352
91200000,15332032,20697160,1893878882,8352/8388608,8352
91300000,15332032,25923240,1893878882,8352/8388608,8352
91400000,15332032,31148576,1893878882,8352/8388608,8352
91500000,15332032,36376800,1893878882,8352/8388608,8352
91600000,15332032,41605064,1893878882,8352/8388608,8352
91700000,15332032,46830048,1893878882,8352/8388608,8352
91800000,15332032,52061784,1893878882,4176/8388608,4176
91900000,15332032,57288384,1893878882,4176/8388608,4176
92000000,15332032,62513488,1893878882,4176/8388608,4176
92100000,15332032,67742016,1893878882,4176/8388608,4176
92200000,15332032,72963888,1893878882,4176/8388608,4176
92300000,15332032,78189640,1893878882,0/8388608,0
92400000,15332032,83416744,1893878882,0/8388608,0
92500000,15451384,23632480,1901839156,4176/8388608,4176
92600000,15451384,28860016,1901839156,8352/8388608,8352
92700000,15451384,34086296,1901839156,8352/8388608,8352
92800000,15451384,39318152,1901839156,8352/8388608,8352
92900000,15451384,44540176,1901839156,8352/8388608,8352
93000000,15451384,49765920,1901839156,8352/8388608,8352
93100000,15451384,54995368,1901839156,8352/8388608,8352
93200000,15451384,60220512,1901839156,8352/8388608,8352
93300000,15451384,65444096,1901839156,8352/8388608,8352
93400000,15451384,70664944,1901839156,8352/8388608,8352
93500000,15451384,75891368,1901839156,8352/8388608,8352
93600000,15451384,81118168,1901839156,8352/8388608,8352
93700000,15704176,21331256,1938013311,8352/8388608,8352
93800000,15704176,26558160,1938013311,8352/8388608,8352
93900000,15704176,31782336,1938013311,8352/8388608,8352
94000000,15704176,37011488,1938013311,4176/8388608,4176
94100000,15704176,42239448,1938013311,0/8388608,0
94200000,15526480,47463176,1904786855,33440/8388608,33440
94300000,15526480,52690368,1904786855,33440/8388608,33440
94400000,15526480,57919848,1904786855,33472/8388608,29248
94500000,15526480,63146064,1904786855,33440/8388608,33440
94600000,15526480,68376944,1904786855,29248/8388608,33472
94700000,15526480,73607536,1904786855,33440/8388608,33440
94800000,15526480,78839928,1904786855,33424/8388608,33424
94900000,15779240,19053160,1940964155,33424/8388608,33424
95000000,15779240,24279880,1940964155,33392/8388608,33392
95100000,15779240,29504656,1940964155,33424/8388608,33424
95200000,15779240,34732240,1940964155,33424/8388608,33424
95300000,15779240,39960952,1940964155,33424/8388608,33424
95400000,15779240,45186560,1940964155,33456/8388608,33456
95500000,15779240,50409864,1940964155,33424/8388608,33424
95600000,15779240,55635624,1940964155,33392/8388608,33392
95700000,15779240,60861600,1940964155,33392/8388608,33392
95800000,15779240,66089840,1940964155,33424/8388608,33424
95900000,15779240,71316832,1940964155,33424/8388608,33424
96000000,15779240,76542080,1940964155,33440/8388608,33440
96100000,15779240,81771600,1940964155,33424/8388608,33424
96200000,16032032,21986248,1977139632,33408/8388608,33408
96300000,16032032,27208496,1977139632,33424/8388608,33424
96400000,16032032,32432656,1977139632,33424/8388608,33424
96500000,16032032,37662872,1977139632,33424/8388608,33424
96600000,16032032,42890344,1977139632,33424/8388608,33424
96700000,16032032,48118240,1977139632,33392/8388608,33392
96800000,16032032,53343720,1977139632,33392/8388608,33392
96900000,16032032,58567720,1977139632,33424/8388608,33424
97000000,16032032,63795408,1977139632,33408/8388608,33408
97100000,16032032,69018800,1977139632,33440/8388608,33440
97200000,16032032,74243392,1977139632,33424/8388608,33424
97300000,16032032,79468128,1977139632,33424/8388608,33424
97400000,16284840,19678432,2013316694,33440/8388608,33440
97500000,16284840,24907832,2013316694,33408/8388608,33408
97600000,16284840,30132792,2013316694,33424/8388608,33424
97700000,16284840,35363448,2013316694,33424/8388608,33424
97800000,16284840,40587160,2013316694,33392/8388608,33392
97900000,16284840,45813904,2013316694,33392/8388608,33392
98000000,16284840,51036224,2013316694,33392/8388608,33392
98100000,16284840,56262328,2013316694,33408/8388608,33408
98200000,16284840,61488368,2013316694,33424/8388608,33424
98300000,16284840,66712768,2013316694,29216/8388608,33392
98400000,16284840,71941432,2013316694,33424/8388608,33424
98500000,16284840,77166208,2013316694,33408/8388608,33408
98600000,16284840,82391312,2013316694,33376/8388608,33376
98700000,16537712,22607224,2049501916,33424/8388608,33424
98800000,16537712,27835184,2049501916,33424/8388608,33424
98900000,16537712,33060656,2049501916,33424/8388608,33424
99000000,16537712,38282760,2049501916,33424/8388608,33424
99100000,16537712,43511312,2049501916,33408/8388608,33408
99200000,16537712,48738696,2049501916,33424/8388608,33424
99300000,16537712,53961608,2049501916,33424/8388608,33424
99400000,16537712,59188176,2049501916,33408/8388608,33408
99500000,16537712,64412800,2049501916,33424/8388608,33424
99600000,16537712,69641992,2049501916,33408/8388608,33408
99700000,16537712,74867008,2049501916,33376/8388608,33376
99800000,16537712,80095104,2049501916,33424/8388608,33424
99900000,16537712,85321288,2049501916,33424/8388608,33424
100000000,16790584,25534048,2085683187,33424/8388608,33424
100100000,16513904,30763768,2043822214,4192/8388608,4192
100200000,16513904,35987944,2043822214,8368/8388608,8368
100300000,16513904,41212424,2043822214,8368/8388608,8368
100400000,16513904,46442448,2043822214,8368/8388608,4176
100500000,16513904,51669968,2043822214,8368/8388608,8368
100600000,16513904,56894536,2043822214,8368/8388608,8368
100700000,16513904,62118528,2043822214,8368/8388608,8368
100800000,16513904,67349992,2043822214,8368/8388608,4192
100900000,16513904,72573752,2043822214,8368/8388608,8368
101000000,16513904,77797880,2043822214,4176/8388608,8368
101100000,16513904,83024672,2043822214,8368/8388608,8368
101200000,16766680,23238472,2080002008,8368/8388608,8368
101300000,16766680,28466184,2080002008,8368/8388608,8368
101400000,16766680,33691608,2080002008,4176/8388608,4176
101500000,16766680,38920168,2080002008,4192/8388608,4192
101600000,16610400,44146680,2049212968,8352/8388608,8352
101700000,16610400,49371800,2049212968,8352/8388608,8352
101800000,16610400,54598760,2049212968,4176/8388608,4176
101900000,16610400,59828752,2049212968,8352/8388608,8352
102000000,16610400,65053120,2049212968,8352/8388608,8352
102100000,16610400,70277872,2049212968,8352/8388608,8352
102200000,16610400,75506048,2049212968,8352/8388608,8352
102300000,16610400,80733808,2049212968,8352/8388608,8352
102400000,16863176,20948648,2085390646,8352/8388608,8352
102500000,16863176,26174608,2085390646,8352/8388608,8352
102600000,16863176,31404552,2085390646,8352/8388608,8352
102700000,16863176,36632760,2085390646,8352/8388608,8352
102800000,16863176,41859240,2085390646,4176/8388608,4176
102900000,16863176,47084848,2085390646,4176/8388608,4176
103000000,16863176,52309936,2085390646,4176/8388608,4176
103100000,16863176,57540056,2085390646,0/8388608,0
103200000,16685192,62766624,2052207081,8352/8388608,8352
103300000,16685192,67992944,2052207081,8352/8388608,8352
103400000,16685192,73218032,2052207081,4176/8388608,4176
103500000,16685192,78447728,2052207081,8352/8388608,8352
103600000,16937904,18659144,2088374988,8352/8388608,8352
103700000,16937904,23884840,2088374988,8352/8388608,8352
103800000,16937904,29110856,2088374988,8352/8388608,8352
103900000,16937904,34336608,2088374988,4176/8388608,4176
104000000,16937904,39564152,2088374988,8352/8388608,8352
104100000,16937904,44788160,2088374988,8352/8388608,8352
104200000,16937904,50012776,2088374988,8352/8388608,8352
104300000,16937904,55240056,2088374988,8352/8388608,8352
104400000,16937904,60461512,2088374988,8352/8388608,8352
104500000,16937904,65691912,2088374988,8352/8388608,8352
104600000,16937904,70915928,2088374988,4176/8388608,4176
104700000,16937904,76143728,2088374988,4176/8388608,4176
104800000,16937904,81371736,2088374988,0/8388608,0
104900000,16937904,86597824,2088374988,0/8388608,0
105000000,16996024,26809248,2089492291,41744/8388608,41744
105100000,16996024,32032856,2089492291,41760/8388608,41760
105200000,16996024,37261368,2089492291,41760/8388608,41760
105300000,16996024,42488656,2089492291,41776/8388608,41776
105400000,16996024,47715360,2089492291,41776/8388608,41776
105500000,16996024,52941544,2089492291,41760/8388608,41760
105600000,16996024,58168024,2089492291,41760/8388608,41760
105700000,16996024,63396944,2089492291,41776/8388608,41776
105800000,16996024,68624568,2089492291,41760/8388608,41760
105900000,16996024,73851304,2089492291,41744/8388608,41744
106000000,16996024,79077744,2089492291,41728/8388608,41728
106100000,16996024,84306840,2089492291,41728/8388608,41728
106200000,17248880,24518048,2125671578,41760/8388608,41760
106300000,17248880,29747696,2125671578,41760/8388608,41760
106400000,17248880,34974936,2125671578,41760/8388608,41760
106500000,17248880,40199160,2125671578,41760/8388608,41760
106600000,17248880,45426384,2125671578,41744/8388608,41744
106700000,17248880,50654168,2125671578,41760/8388608,41760
106800000,17248880,55880440,2125671578,41760/8388608,41760
106900000,17248880,61106112,2125671578,41776/8388608,41776
107000000,17248880,66332792,2125671578,41728/8388608,41728
107100000,17248880,71555816,2125671578,41760/8388608,41760
107200000,17248880,76782216,2125671578,41744/8388608,41744
107300000,17248880,82006672,2125671578,41760/8388608,41760
107400000,17248880,87236368,2125671578,41760/8388608,41760
107500000,17501672,27452672,2161849107,41760/8388608,41760
107600000,17501672,32678784,2161849107,41760/8388608,41760
107700000,17501672,37906760,2161849107,41728/8388608,41728
107800000,17501672,43129216,2161849107,41744/8388608,41744
107900000,17501672,48358736,2161849107,41760/8388608,41760
108000000,17501672,53585384,2161849107,41728/8388608,41728
108100000,17501672,58811016,2161849107,41760/8388608,41760
108200000,17501672,64038496,2161849107,41760/8388608,41760
108300000,17501672,69263712,2161849107,41744/8388608,41744
108400000,17501672,74492608,2161849107,41744/8388608,41744
108500000,17501672,79722768,2161849107,41728/8388608,41728
108600000,17501672,84949456,2161849107,41728/8388608,41728
108700000,17754480,25166440,2198029999,41744/8388608,41744
108800000,17754480,30395264,2198029999,41760/8388608,41760
108900000,17754480,35621192,2198029999,41760/8388608,41760
109000000,17754480,40844040,2198029999,41744/8388608,41744
109100000,17754480,46074200,2198029999,41760/8388608,41760
109200000,17754480,51296096,2198029999,41744/8388608,41744
109300000,17754480,56524488,2198029999,41744/8388608,41744
109400000,17754480,61753296,2198029999,41744/8388608,41744
109500000,17754480,66981200,2198029999,41760/8388608,41760
109600000,17754480,72209136,2198029999,41760/8388608,41760
109700000,17754480,77437520,2198029999,41744/8388608,41744
109800000,17754480,82664536,2198029999,41744/8388608,41744
109900000,18007240,22879048,2234204130,41744/8388608,41744
110000000,18007240,28106576,2234204130,41744/8388608,41744
110100000,18007240,33331472,2234204130,41760/8388608,41760
110200000,18007240,38557080,2234204130,41744/8388608,41744
110300000,18007240,43782168,2234204130,41728/8388608,41728
110400000,18007240,49004656,2234204130,41744/8388608,41744
110500000,18007240,54231992,2234204130,41728/8388608,41728
110600000,18007240,59455808,2234204130,41728/8388608,41728
110700000,18007240,64683312,2234204130,41760/8388608,41760
110800000,18007240,69916320,2234204130,41744/8388608,41744
110900000,18007240,75144920,2234204130,41792/8388608,41792
111000000,18007240,80374776,2234204130,41792/8388608,41792
111100000,18260016,20584840,2270384866,41696/8388608,41696
111200000,18260016,25810144,2270384866,41760/8388608,41760
111300000,18260016,31034240,2270384866,41776/8388608,41776
111400000,18260016,36262416,2270384866,41728/8388608,41728
111500000,18260016,41492616,2270384866,41744/8388608,41744
111600000,18260016,46721328,2270384866,41744/8388608,41744
111700000,18260016,51948920,2270384866,0/8388608,0
111800000,17878472,57172248,2213128596,4176/8388608,8352
111900000,17878472,62399184,2213128596,8352/8388608,8352
112000000,17878472,67623088,2213128596,8352/8388608,8352
112100000,17878472,72847136,2213128596,8352/8388608,8352
112200000,17878472,78076336,2213128596,8352/8388608,8352
112300000,17878472,83307352,2213128596,4176/8388608,4176
112400000,17878472,88532872,2213128596,8352/8388608,8352
112500000,18131200,28741472,2249300700,8352/8388608,8352
112600000,18131200,33965304,2249300700,8352/8388608,8352
112700000,18131200,39190480,2249300700,8352/8388608,8352
112800000,18131200,44412000,2249300700,4176/8388608,4176
112900000,18131200,49637408,2249300700,0/8388608,0
113000000,18131200,54866776,2249300700,4176/8388608,4176
113100000,18131200,60095440,2249300700,4176/8388608,4176
113200000,18131200,65319632,2249300700,0/8388608,0
113300000,17976416,70553016,2391048499,8368/8388608,8368
113400000,17959496,75778880,2403258254,8368/8388608,8368
113500000,17959496,81006864,2403258254,8368/8388608,8368
113600000,18212320,21222992,2251818612,8368/8388608,8368
113700000,18212320,26452080,2251818612,8368/8388608,8368
113800000,18212320,31678512,2251818612,8368/8388608,8368
113900000,18212320,36906120,2251818612,8368/8388608,8368
114000000,18212320,42133920,2251818612,8368/8388608,8368
114100000,18212320,47361216,2251818612,8368/8388608,8368
114200000,18212320,52587568,2251818612,8368/8388608,8368
114300000,18212320,57814984,2251818612,8368/8388608,8368
114400000,18212320,63041296,2251818612,8368/8388608,8368
114500000,18212320,68270288,2251818612,8368/8388608,8368
114600000,18212320,73494944,2251818612,8368/8388608,8368
114700000,18212320,78724816,2251818612,8368/8388608,8368
114800000,18212320,83950344,2251818612,8368/8388608,8368
114900000,18269912,24160664,2252905317,8368/8388608,8368
115000000,18269912,29385616,2252905317,8368/8388608,8368
115100000,18269912,34616504,2252905317,8368/8388608,8368
115200000,18269912,39842712,2252905317,8368/8388608,8368
115300000,18269912,45071104,2252905317,8368/8388608,8368
115400000,18269912,50302064,2252905317,8368/8388608,8368
115500000,18269912,55529648,2252905317,8368/8388608,8368
115600000,18269912,60754704,2252905317,8368/8388608,8368
115700000,18269912,65979648,2252905317,8368/8388608,8368
115800000,18269912,71209216,2252905317,8368/8388608,8368
115900000,18269912,76437360,2252905317,8368/8388608,8368
116000000,18269912,81662432,2252905317,4192/8388608,8368
116100000,18522624,21875736,2289079365,8368/8388608,8368
116200000,18522624,27103024,2289079365,8368/8388608,8368
116300000,18522624,32331344,2289079365,8368/8388608,4192
116400000,18522624,37555656,2289079365,8368/8388608,8368
116500000,18522624,42782416,2289079365,0/8388608,0
116600000,18314848,48010424,2252562118,41808/8388608,41808
116700000,18314848,53235992,2252562118,41744/8388608,41744
116800000,18314848,58458904,2252562118,41776/8388608,41776
116900000,18314848,63682832,2252562118,41808/8388608,41808
117000000,18314848,68906816,2252562118,41792/8388608,41792
117100000,18314848,74129448,2252562118,41792/8388608,41792
117200000,18314848,79356160,2252562118,41760/8388608,41760
117300000,18567656,19575840,2288740878,41760/8388608,41760
117400000,18567656,24795848,2288740878,41728/8388608,41728
117500000,18567656,30021120,2288740878,41744/8388608,41744
117600000,18567656,35253576,2288740878,41760/8388608,41760
117700000,18567656,40485352,2288740878,41760/8388608,41760
117800000,18567656,45713008,2288740878,41760/8388608,41760
117900000,18567656,50941544,2288740878,41760/8388608,41760
118000000,18567656,56168168,2288740878,41728/8388608,41728
118100000,18567656,61397296,2288740878,41776/8388608,41776
118200000,18567656,66628576,2288740878,41760/8388608,41760
118300000,18567656,71854464,2288740878,41760/8388608,41760
118400000,18567656,77078200,2288740878,41792/8388608,41792
118500000,18567656,82305896,2288740878,41744/8388608,41744
118600000,18820384,22518168,2324914082,41776/8388608,41776
118700000,18820384,27745264,2324914082,41776/8388608,41776
118800000,18820384,32975928,2324914082,41760/8388608,41760
118900000,18820384,38202976,2324914082,41760/8388608,41760
119000000,18820384,43429464,2324914082,41792/8388608,41792
119100000,18820384,48657840,2324914082,41776/8388608,41776
119200000,18820384,53883560,2324914082,41712/8388608,41712
119300000,18820384,59109248,2324914082,41776/8388608,41776
119400000,18820384,64332408,2324914082,41776/8388608,41776
119500000,18820384,69558672,2324914082,41744/8388608,41744
119600000,18820384,74787680,2324914082,41776/8388608,41776
119700000,18820384,80018016,2324914082,41744/8388608,41744
119800000,19073208,20234120,2361091062,41776/8388608,41776
119900000,19073208,25459056,2361091062,41728/8388608,41728
120000000,19073208,30685144,2361091062,41776/8388608,41776
120100000,19073208,35909064,2361091062,41744/8388608,41744
120200000,19073208,41135736,2361091062,41792/8388608,41792
120300000,19073208,46364728,2361091062,41760/8388608,41760
120400000,19073208,51591912,2361091062,41792/8388608,41792
120500000,19073208,56817464,2361091062,41760/8388608,41760
120600000,19073208,62040632,2361091062,41760/8388608,41760
120700000,19073208,67273168,2361091062,41776/8388608,41776
120800000,19073208,72502480,2361091062,41744/8388608,41744
120900000,19073208,77726888,2361091062,41760/8388608,41760
121000000,19073208,82951832,2361091062,37584/8388608,41760
121100000,19326048,23161256,2397264817,41760/8388608,41760
121200000,19326048,28386024,2397264817,41744/8388608,41744
121300000,19326048,33613080,2397264817,41760/8388608,41760
121400000,19326048,38836872,2397264817,41776/8388608,41776
121500000,19326048,44065056,2397264817,41744/8388608,41744
121600000,19326048,49295360,2397264817,41776/8388608,41776
121700000,19326048,54523072,2397264817,41776/8388608,41776
121800000,19326048,59751944,2397264817,41776/8388608,41776
121900000,19326048,64978600,2397264817,41744/8388608,41744
122000000,19326048,70205632,2397264817,41760/8388608,41760
122100000,19326048,75438432,2397264817,41776/8388608,41776
122200000,19326048,80666640,2397264817,41728/8388608,41728
122300000,19578872,20882840,2433444811,41776/8388608,41776
122400000,19578872,26110688,2433444811,41760/8388608,41760
122500000,19578872,31339008,2433444811,41776/8388608,41776
122600000,19578872,36563664,2433444811,41776/8388608,41776
122700000,19578872,41791272,2433444811,41776/8388608,41776
122800000,19578872,47019072,2433444811,41776/8388608,41776
122900000,19578872,52245944,2433444811,41744/8388608,41744
123000000,19578872,57469064,2433444811,41744/8388608,41744
123100000,19578872,62697088,2433444811,41776/8388608,41776
123200000,19578872,67927328,2433444811,41776/8388608,41776
123300000,19578872,73156056,2433444811,41760/8388608,41760
123400000,19578872,78377488,2433444811,41776/8388608,41776
123500000,19578872,83605624,2433444811,0/8388608,0
123600000,19578872,88832232,2433444811,0/8388608,0
123700000,19414872,29045424,2407218464,8368/8388608,8368
123800000,19414872,34268600,2407218464,8368/8388608,8368
123900000,19414872,39496280,2407218464,8368/8388608,8368
124000000,19414872,44725632,2407218464,8368/8388608,8368
124100000,19414872,49953488,2407218464,8368/8388608,8368
124200000,19414872,55179768,2407218464,8368/8388608,8368
124300000,19414872,60408624,2407218464,8368/8388608,8368
124400000,19414872,65635712,2407218464,8368/8388608,8368
124500000,19414872,70860208,2407218464,8368/8388608,8368
124600000,19414872,76088248,2407218464,8368/8388608,8368
124700000,19414872,81313648,2407218464,4192/8388608,8368
124800000,19667664,21525232,2443393610,8368/8388608,8368
124900000,19667664,26750832,2443393610,4192/8388608,4192
125000000,19667664,31975808,2443393610,4192/8388608,4192
