opseq,index_size,memtable_size,sst_size,block_cache/block_cache_capacity,block_cache_pinned_usage
100,0,112400,0,0/8388608,0
200,0,219664,0,0/8388608,0
300,0,326928,0,0/8388608,0
400,0,434232,0,0/8388608,0
500,0,541600,0,0/8388608,0
600,0,648968,0,0/8388608,0
700,0,756320,0,0/8388608,0
800,0,863632,0,0/8388608,0
900,0,970880,0,0/8388608,0
1000,0,1078192,0,0/8388608,0
1500,0,1614752,0,0/8388608,0
2000,0,2151400,0,0/8388608,0
2500,0,2687848,0,0/8388608,0
3000,0,3224208,0,0/8388608,0
3500,0,3760784,0,0/8388608,0
4000,0,4297280,0,0/8388608,0
4500,0,4833816,0,0/8388608,0
5000,0,5370288,0,0/8388608,0
6000,0,6443264,0,0/8388608,0
7000,0,7516064,0,0/8388608,0
8000,0,8594264,0,0/8388608,0
9000,0,9667304,0,0/8388608,0
10000,0,10740472,0,0/8388608,0
15000,0,16105880,0,0/8388608,0
20000,0,21475944,0,0/8388608,0
25000,0,26846760,0,0/8388608,0
30000,0,32212456,0,0/8388608,0
35000,0,37583160,0,0/8388608,0
40000,0,42952768,0,0/8388608,0
45000,0,48317912,0,0/8388608,0
50000,0,53687688,0,0/8388608,0
60000,0,64423016,0,0/8388608,0
70000,0,75163376,0,0/8388608,0
80000,0,85898696,0,0/8388608,0
90000,0,96633840,0,0/8388608,0
100000,0,107374504,0,0/8388608,0
150000,45416,95991888,3294261,0/8388608,0
200000,53712,84604096,3891525,0/8388608,0
250000,59080,73245592,4265268,0/8388608,0
300000,63040,61888776,4538422,8576/8388608,8576
350000,63040,115546920,4538422,0/8388608,0
400000,65712,104191792,4732828,0/8388608,0
450000,68536,92834560,4915234,0/8388608,0
500000,71104,81478128,5074924,0/8388608,0
600000,73304,123778400,5214800,0/8388608,0
700000,76008,101064696,5444292,0/8388608,0
800000,79528,78350480,5647596,0/8388608,0
900000,81040,120648312,5738523,0/8388608,0
1000000,82920,97934392,5897080,0/8388608,0
1100000,84216,75222304,6037352,0/8388608,0
1200000,86696,52506144,6171791,0/8388608,0
1300000,87872,94804384,6234347,0/8388608,0
1400000,88720,72089880,6343614,0/8388608,0
1500000,90928,49376040,6454445,17152/8388608,12864
1600000,90456,91678496,6499242,0/8388608,0
1700000,92552,68964672,6599605,0/8388608,0
1800000,93096,46250184,6686302,0/8388608,0
1900000,94096,88549896,6732095,0/8388608,0
2000000,96032,65837216,6819266,0/8388608,0
2100000,95256,108135992,6854378,0/8388608,0
2200000,97128,85422744,6935108,0/8388608,0
2300000,97400,62709096,7004647,0/8388608,0
2400000,98288,105009864,7042429,0/8388608,0
2500000,100064,82296064,7115031,0/8388608,0
2600000,100128,59583008,7178038,0/8388608,0
2700000,101872,36869600,7246468,17152/8388608,21440
2800000,101000,79171560,7272899,0/8388608,0
2900000,102424,56456576,7337101,0/8388608,0
3000000,103152,98755912,7368731,0/8388608,0
3100000,103200,76043864,7423697,0/8388608,0
3200000,104608,53327824,7484648,21440/8388608,21440
3300000,104072,95628632,7507174,0/8388608,0
3400000,105432,72914680,7564860,0/8388608,0
3500000,106112,115212576,7593386,0/8388608,0
3600000,106192,92500992,7641914,0/8388608,0
3700000,107488,69788488,7696529,0/8388608,0
3800000,107520,47073400,7742984,0/8388608,0
3900000,108168,89372048,7769108,0/8388608,0
4000000,108264,66662960,7813605,0/8388608,0
4100000,109528,43950808,7863418,0/8388608,0
4200000,110160,86249992,7888312,0/8388608,0
4300000,110128,63534200,7931418,0/8388608,0
4400000,110760,105834296,7955162,0/8388608,0
4500000,110824,83121768,7995703,0/8388608,0
4600000,112056,60405208,8041583,0/8388608,0
4700000,112656,102703800,8064601,0/8388608,0
4800000,112576,79989600,8104054,0/8388608,0
4900000,113176,122288360,8125798,0/8388608,0
5000000,113808,34559920,8185219,0/8388608,0
5100000,114408,76859496,8207076,0/8388608,0
5200000,115008,119160688,8229011,0/8388608,0
5300000,114896,96446000,8264848,0/8388608,0
5400000,116064,73733632,8306832,0/8388608,0
5500000,115872,51019696,8341377,0/8388608,0
5600000,116440,93318784,8362062,0/8388608,0
5700000,116312,70603560,8395533,0/8388608,0
5800000,117448,47888184,8434911,0/8388608,0
5900000,118016,90186768,8454827,0/8388608,0
6000000,118016,67470880,8487013,0/8388608,0
6100000,119152,44754568,8525670,21456/8388608,21456
6200000,118408,87055016,8538478,0/8388608,0
6300000,119544,64337544,8576675,0/8388608,0
6400000,120112,106638280,8595524,0/8388608,0
6500000,119920,83926280,8625710,0/8388608,0
6600000,121024,61209832,8662707,0/8388608,0
6700000,120264,103506104,8674348,0/8388608,0
6800000,121368,80793184,8710506,0/8388608,0
6900000,121904,123092040,8728781,0/8388608,0
7000000,121728,100378336,8758672,0/8388608,0
7100000,122800,77660560,8793514,0/8388608,0
7200000,122624,54944944,8822050,0/8388608,0
7300000,123160,97246672,8839621,0/8388608,0
7400000,122968,74532720,8867707,0/8388608,0
7500000,124040,51818976,8901559,0/8388608,0
7600000,124576,94115608,8918340,0/8388608,0
7700000,124352,71400224,8945738,0/8388608,0
7800000,125424,48688840,8979613,21440/8388608,21440
7900000,124664,90991248,8989612,0/8388608,0
8000000,125736,68278056,9023156,0/8388608,0
8100000,126272,110577568,9039539,0/8388608,0
8200000,126032,87860888,9065645,0/8388608,0
8300000,127104,65146760,9097967,21440/8388608,17152
8400000,126296,107445808,9106956,0/8388608,0
8500000,127368,84731928,9139686,0/8388608,0
8600000,127888,127030448,9155292,0/8388608,0
8700000,128184,39302096,9196584,0/8388608,0
8800000,128704,81600320,9212239,0/8388608,0
8900000,128448,58888840,9236383,0/8388608,0
9000000,128968,101184968,9251963,0/8388608,0
9100000,128712,78468064,9276118,0/8388608,0
9200000,129752,55751552,9306743,0/8388608,0
9300000,130272,98050256,9321727,0/8388608,0
9400000,129872,75335992,9345852,0/8388608,0
9500000,130912,52621648,9376018,21440/8388608,21440
9600000,130120,94922400,9384041,0/8388608,0
9700000,131160,72208480,9414152,0/8388608,0
9800000,131680,114508056,9429149,0/8388608,0
9900000,131408,91792256,9452092,0/8388608,0
10000000,132448,69078344,9481653,0/8388608,0
10100000,132144,46364280,9504027,0/8388608,0
10200000,132664,88665480,9518897,0/8388608,0
10300000,132392,65949712,9541279,0/8388608,0
10400000,133432,43235272,9570347,0/8388608,0
10500000,133952,85534752,9584813,0/8388608,0
10600000,133648,62820528,9606678,0/8388608,0
10700000,134168,105119816,9621082,0/8388608,0
10800000,135208,82408344,9649340,0/8388608,0
10900000,134760,59692456,9670933,0/8388608,0
11000000,135280,101991592,9684747,0/8388608,0
11100000,134960,79278552,9706512,0/8388608,0
11200000,136000,56562112,9734200,21456/8388608,21456
11300000,135144,98860168,9740929,0/8388608,0
11400000,136184,76144656,9769155,0/8388608,0
11500000,136704,118446168,9783065,0/8388608,0
11600000,136352,95732176,9804172,0/8388608,0
11700000,137392,73017096,9830692,0/8388608,0
11800000,137056,50304264,9851366,0/8388608,0
11900000,137576,92606536,9865124,0/8388608,0
12000000,138584,69890456,9892236,0/8388608,0
12100000,138120,47177960,9912740,0/8388608,0
12200000,138640,89477888,9926671,0/8388608,0
12300000,138320,66762672,9947244,0/8388608,0
12400000,138808,109060448,9960404,0/8388608,0
12500000,138472,86345840,14411300,0/8388608,0
12600000,139480,63629480,10006916,0/8388608,0
12700000,139968,105928648,10020091,0/8388608,0
12800000,139664,83217920,10040194,0/8388608,0
12900000,140640,60502720,10066542,21440/8388608,21440
13000000,140240,37788464,10086530,0/8388608,0
13100000,140728,80086816,10099735,0/8388608,0
13200000,141216,122385688,10112875,0/8388608,0
13300000,140896,99675240,10132229,0/8388608,0
13400000,141872,76962048,10158529,0/8388608,0
13500000,141552,54248104,10177970,0/8388608,0
13600000,142040,96549232,10191220,0/8388608,0
13700000,143016,73838376,10217118,0/8388608,0
13800000,142712,51124880,10236631,0/8388608,0
13900000,143200,93425088,10249267,0/8388608,0
14000000,142752,70708608,10268670,0/8388608,0
14100000,143728,47994072,10294377,21440/8388608,21440
14200000,142936,90293664,10300642,0/8388608,0
14300000,143912,67577600,10326292,0/8388608,0
14400000,144400,109876992,10338903,0/8388608,0
14500000,144080,87165088,10357626,0/8388608,0
14600000,145056,64448600,10383404,21440/8388608,21440
14700000,144120,106749560,10389502,0/8388608,0
14800000,145112,84036136,10414954,0/8388608,0
14900000,145600,126334784,10427598,0/8388608,0
15000000,145736,38602208,10458962,0/8388608,0
15100000,146224,80902576,10471577,0/8388608,0
15200000,145904,58188008,10490380,0/8388608,0
15300000,146392,100490392,10502361,0/8388608,0
15400000,145928,77775392,10520978,0/8388608,0
15500000,146904,55057216,10546097,0/8388608,0
15600000,147392,97354552,10558149,0/8388608,0
15700000,147072,74640400,10577044,0/8388608,0
15800000,148048,51923040,10601545,21440/8388608,21440
15900000,147240,94221360,10607706,0/8388608,0
16000000,148216,71505736,10632213,0/8388608,0
16100000,148704,113804096,10644843,0/8388608,0
16200000,148352,91091520,10663048,0/8388608,0
16300000,149328,68378288,10687686,21456/8388608,21456
16400000,148376,110677344,10693772,0/8388608,0
16500000,149352,87963192,10718427,0/8388608,0
16600000,150328,65251192,10742919,0/8388608,0
16700000,150008,42534344,10761144,0/8388608,0
16800000,150496,84834008,10773750,0/8388608,0
16900000,150144,62117768,10791968,0/8388608,0
17000000,150632,104416904,10803932,0/8388608,0
17100000,151608,81703800,10828769,0/8388608,0
17200000,151160,58988560,10846750,0/8388608,0
17300000,151648,101287992,10858751,0/8388608,0
17400000,151280,78574656,10876775,0/8388608,0
17500000,152256,55862368,10900900,21440/8388608,21440
17600000,151416,98161920,16265909,0/8388608,0
17700000,152392,75446696,10931193,0/8388608,0
17800000,152880,117746360,10943813,0/8388608,0
17900000,152416,95030168,10961290,0/8388608,0
18000000,153392,72316512,10985966,0/8388608,0
18100000,153040,49601616,11003530,0/8388608,0
18200000,153528,91899608,11016116,0/8388608,0
18300000,154504,69186528,11040113,0/8388608,0
18400000,153664,111484488,11045231,0/8388608,0
18500000,154640,88769200,11069785,0/8388608,0
18600000,154176,66054088,11087296,0/8388608,0
18700000,154664,108352728,11099261,0/8388608,0
18800000,154328,85638480,16687255,0/8388608,0
18900000,155304,62924800,11141517,0/8388608,0
19000000,155792,105225048,11153531,0/8388608,0
19100000,155424,82509512,11171764,0/8388608,0
19200000,156400,59792280,11195684,21472/8388608,21472
19300000,155432,102091808,11201099,0/8388608,0
19400000,156408,79372608,11225205,0/8388608,0
19500000,156896,121675056,11237811,0/8388608,0
19600000,157032,33946232,11267495,0/8388608,0
19700000,157520,76248128,11280056,0/8388608,0
19800000,157168,53531536,11297475,0/8388608,0
19900000,157656,95830720,11309493,0/8388608,0
20000000,158632,73116192,11333924,0/8388608,0
20100000,158152,50399344,11351389,0/8388608,0
20200000,158640,92701232,11363415,0/8388608,0
20300000,158304,69986000,11381571,0/8388608,0
20400000,159280,47271952,11405510,21440/8388608,21440
20500000,158456,89570912,11410953,0/8388608,0
20600000,159432,66857712,11435582,0/8388608,0
20700000,159920,109158112,11447659,0/8388608,0
20800000,159424,86442736,11465677,0/8388608,0
20900000,160400,63728096,11489751,21440/8388608,21440
21000000,159560,106025928,11495209,0/8388608,0
21100000,160536,83310088,11519922,0/8388608,0
21200000,161024,125608464,11531973,0/8388608,0
21300000,161176,37880976,11562084,0/8388608,0
21400000,161664,80179776,11574077,0/8388608,0
21500000,161184,57464848,11591474,0/8388608,0
21600000,161672,99765608,11603465,0/8388608,0
21700000,162648,77051904,11627985,0/8388608,0
21800000,161808,119352872,11634059,0/8388608,0
21900000,162784,96637344,11658745,0/8388608,0
22000000,162464,73921392,11676300,0/8388608,0
22100000,163456,51207528,11700927,17152/8388608,17152
22200000,162456,93508384,17865830,0/8388608,0
22300000,163432,70792176,11731677,0/8388608,0
22400000,163920,113089592,11743839,0/8388608,0
22500000,163568,90376944,11762176,0/8388608,0
22600000,164544,67663256,11786709,21440/8388608,17152
22700000,163736,109960560,11792327,0/8388608,0
22800000,164712,87246040,11817012,0/8388608,0
22900000,165200,129545040,11829621,0/8388608,0
23000000,165336,41814792,11860620,0/8388608,0
23100000,165824,84117008,11872673,0/8388608,0
23200000,164872,126417152,11878742,0/8388608,0
23300000,166336,38689824,11916112,21440/8388608,21440
23400000,165528,80989976,18296293,0/8388608,0
23500000,166504,58274192,11946338,0/8388608,0
23600000,166992,100574240,11959040,0/8388608,0
23700000,166640,77859880,11977130,0/8388608,0
23800000,167616,55143384,12002522,21440/8388608,21440
23900000,166664,97446128,18468997,0/8388608,0
24000000,167640,74731856,12033982,0/8388608,0
24100000,168128,117031320,12046716,0/8388608,0
24200000,167824,94313840,12065018,0/8388608,0
24300000,168800,71598616,12090243,21440/8388608,21440
24400000,168464,48883872,12109788,0/8388608,0
24500000,168952,91184576,12122440,0/8388608,0
24600000,169928,68467776,12147537,0/8388608,0
24700000,169464,45756936,12166318,0/8388608,0
24800000,169952,88058280,12178880,0/8388608,0
24900000,169632,65345784,12198203,0/8388608,0
25000000,170608,42632040,12223387,21456/8388608,21456
25100000,169800,84930424,18911456,0/8388608,0
25200000,170776,62218472,12255374,0/8388608,0
25300000,171264,104518056,12268576,0/8388608,0
25400000,170960,81801944,12287895,0/8388608,0
25500000,171936,59087560,12313616,21440/8388608,21440
25600000,170984,101384976,12319762,0/8388608,0
25700000,171960,78672896,12346173,0/8388608,0
25800000,172448,120974520,12358795,0/8388608,0
25900000,172160,98261864,12378697,0/8388608,0
26000000,173136,75547224,12404544,21456/8388608,21456
26100000,172344,117847336,12411364,0/8388608,0
26200000,173320,95133856,12437870,0/8388608,0
26300000,174296,72421984,12463803,0/8388608,0
26400000,173912,49707976,12484315,0/8388608,0
26500000,174400,92011080,12497446,0/8388608,0
26600000,174064,69296992,12517525,0/8388608,0
26700000,174552,111597072,12530765,0/8388608,0
26800000,175560,88879536,12557729,0/8388608,0
26900000,175272,66166256,12577721,0/8388608,0
27000000,175760,108465616,12590933,0/8388608,0
27100000,175456,85751592,12611130,0/8388608,0
27200000,176464,63037248,12638119,21440/8388608,21440
27300000,175528,105336848,12645864,0/8388608,0
27400000,176536,82622432,12672787,0/8388608,0
27500000,177056,124921944,12686607,0/8388608,0
27600000,176752,102209352,12707769,0/8388608,0
27700000,177760,79496048,12734812,0/8388608,0
27800000,177456,56782256,12755921,0/8388608,0
27900000,177976,99084304,12770387,0/8388608,0
28000000,179016,76369248,12798194,0/8388608,0
28100000,178680,53655040,12819617,0/8388608,0
28200000,179200,95955168,12834101,0/8388608,0
28300000,178880,73241208,12855151,0/8388608,0
28400000,179920,50527088,12883442,17168/8388608,21472
28500000,178968,92826192,12891337,0/8388608,0
28600000,180008,70112272,12920280,0/8388608,0
28700000,180528,112414248,12934004,0/8388608,0
28800000,180192,89701424,12956329,0/8388608,0
28900000,181232,66988128,12985271,21440/8388608,21440
29000000,180408,109288720,20436347,0/8388608,0
29100000,181464,86572168,13022636,0/8388608,0
29200000,181984,128871856,13037064,0/8388608,0
29300000,181696,106157320,13059517,0/8388608,0
29400000,182736,83446496,13089551,21472/8388608,21472
29500000,183256,125745800,13103921,0/8388608,0
29600000,183112,38016328,13141049,0/8388608,0
29700000,183632,80316000,13156141,21440/8388608,21440
29800000,183344,57601344,13178897,0/8388608,0
29900000,183864,99901680,13194633,0/8388608,0
30000000,184904,77185632,13224785,0/8388608,0
30100000,184632,54470224,13249085,0/8388608,0
30200000,185152,96769592,13264826,21472/8388608,21472
30300000,184768,74052128,13289025,0/8388608,0
30400000,185808,51338176,13320491,21456/8388608,21456
30500000,185048,93639456,13329742,0/8388608,0
30600000,186088,70923936,13361006,0/8388608,0
30700000,187144,48206176,13392954,0/8388608,0
30800000,186384,90507104,13402641,0/8388608,0
30900000,187440,67793984,13434464,17152/8388608,21440
31000000,186648,110093072,21336570,0/8388608,0
31100000,187720,87378936,13477069,0/8388608,0
31200000,188792,64666200,13509790,0/8388608,0
31300000,188208,41951696,13534959,0/8388608,0
31400000,188744,84251624,13551797,0/8388608,0
31500000,189280,126550400,13568071,0/8388608,0
31600000,189576,38818832,13612253,0/8388608,0
31700000,190128,81122720,13629116,21456/8388608,21456
31800000,189888,58410896,13657075,0/8388608,0
31900000,190424,100713320,13674671,0/8388608,0
32000000,191496,77999680,13709049,0/8388608,0
32100000,191336,55284992,13737399,0/8388608,0
32200000,191872,97585744,13755393,0/8388608,0
32300000,191664,74873336,13784549,0/8388608,0
32400000,192200,117173176,13802553,0/8388608,0
32500000,193272,94457856,13838805,0/8388608,0
32600000,193080,71743352,13868396,0/8388608,0
32700000,193616,114041272,13886582,0/8388608,0
32800000,193520,91324832,13917427,0/8388608,0
32900000,194656,68609960,13955160,21440/8388608,21440
33000000,193880,110911432,13967905,0/8388608,0
33100000,195016,88198208,14005879,0/8388608,0
33200000,196152,65484544,14044705,0/8388608,0
33300000,196120,42769416,14077438,0/8388608,0
33400000,196688,85068480,14097027,0/8388608,0
33500000,196544,62351424,14130330,0/8388608,0
33600000,197680,39636448,14170842,21456/8388608,21456
33700000,198248,81935736,14191005,0/8388608,0
33800000,198152,59218200,14226141,0/8388608,0
33900000,198720,101518664,14246711,0/8388608,0
34000000,198640,78805280,14282645,0/8388608,0
34100000,199840,56092216,14325091,21440/8388608,21440
34200000,199096,98393184,14340103,0/8388608,0
34300000,200296,75677752,14384536,0/8388608,0
34400000,201496,52963936,14428819,0/8388608,0
34500000,200912,95262864,14444607,0/8388608,0
34600000,202112,72547664,14490631,21440/8388608,21440
34700000,202712,114847928,14513725,0/8388608,0
34800000,202712,92136744,14554546,0/8388608,0
34900000,203992,69423360,14602560,0/8388608,0
35000000,203280,111725392,14620610,0/8388608,0
35100000,204544,89010664,14669788,21440/8388608,21440
35200000,204624,66296832,14713559,0/8388608,0
35300000,205904,43580816,14765111,17152/8388608,21456
35400000,206552,85880624,14791337,0/8388608,0
35500000,206552,63168216,14838204,0/8388608,0
35600000,207216,105468096,14864830,0/8388608,0
35700000,207360,82752984,14913501,0/8388608,0
35800000,208704,60038984,14969551,21440/8388608,21440
35900000,209384,102337360,14998062,0/8388608,0
36000000,209608,79621744,15050893,0/8388608,0
36100000,210288,121920280,15080752,0/8388608,0
36200000,210384,99206136,15135075,0/8388608,0
36300000,211824,76493408,15198175,21440/8388608,21440
36400000,212192,53780608,15256585,0/8388608,0
36500000,213080,96081408,15290191,0/8388608,0
36600000,214824,73368656,15358786,0/8388608,0
36700000,214112,115669688,15387152,0/8388608,0
36800000,215888,92956896,15459879,21440/8388608,21440
36900000,216192,70245024,15526585,0/8388608,0
37000000,218032,47529728,15604683,21456/8388608,21456
37100000,218952,89826832,15644939,0/8388608,0
37200000,219208,67114136,15721063,0/8388608,0
37300000,220192,109415272,15764568,0/8388608,0
37400000,220512,86702384,15847831,0/8388608,0
37500000,222560,63988600,15943138,21440/8388608,21440
37600000,223592,106290856,15993223,0/8388608,0
37700000,224184,83576704,16089597,0/8388608,0
37800000,226392,60858664,16200889,0/8388608,0
37900000,226032,103159736,16251380,0/8388608,0
38000000,228416,80444056,16376533,21440/8388608,17152
38100000,228296,122742360,16435423,0/8388608,0
38200000,230872,100027672,16578013,0/8388608,0
38300000,233608,77310448,16734355,0/8388608,0
38400000,235416,54594488,16907927,0/8388608,0
38500000,237136,96891728,17007293,17152/8388608,17152
38600000,239520,74177920,17221347,0/8388608,0
38700000,243824,51464720,17494213,21456/8388608,21456
38800000,246424,93765920,17657826,0/8388608,0
38900000,251592,71051312,18069341,0/8388608,0
39000000,261656,48337528,18769308,0/8388608,0
