opseq,index_size,memtable_size,sst_size,block_cache/block_cache_capacity,block_cache_pinned_usage
100,0,60024,0,0/8388608,0
200,0,114856,0,0/8388608,0
300,0,169896,0,0/8388608,0
400,0,224784,0,0/8388608,0
500,0,279624,0,0/8388608,0
600,0,334416,0,0/8388608,0
700,0,389368,0,0/8388608,0
800,0,444200,0,0/8388608,0
900,0,499112,0,0/8388608,0
1000,0,553936,0,0/8388608,0
1500,0,828296,0,0/8388608,0
2000,0,1102544,0,0/8388608,0
2500,0,1376536,0,0/8388608,0
3000,0,1650424,0,0/8388608,0
3500,0,1924432,0,0/8388608,0
4000,0,2198888,0,0/8388608,0
4500,0,2472952,0,0/8388608,0
5000,0,2747104,0,0/8388608,0
6000,0,3295192,0,0/8388608,0
7000,0,3843736,0,0/8388608,0
8000,0,4392088,0,0/8388608,0
9000,0,4940136,0,0/8388608,0
10000,0,5488872,0,0/8388608,0
15000,0,8230552,0,0/8388608,0
20000,0,10976808,0,0/8388608,0
25000,0,13717728,0,0/8388608,0
30000,0,16458608,0,0/8388608,0
35000,0,19203440,0,0/8388608,0
40000,0,21944448,0,0/8388608,0
45000,0,24685952,0,0/8388608,0
50000,0,27431984,0,0/8388608,0
60000,0,32915232,0,0/8388608,0
70000,0,38402576,0,0/8388608,0
80000,0,43889856,0,0/8388608,0
90000,0,49372512,0,0/8388608,0
100000,0,54859928,0,0/8388608,0
150000,0,82290864,0,0/8388608,0
200000,0,109715512,0,0/8388608,0
250000,480648,72092960,37844091,0/8388608,0
300000,480648,99507928,37844091,0/8388608,0
350000,480648,126925216,37844091,0/8388608,0
400000,961808,89292536,75770324,0/8388608,0
450000,961808,116709352,75770324,0/8388608,0
500000,1442776,79107904,113669794,0/8388608,0
600000,1923984,68922008,151598555,15168/8388608,15168
700000,1923984,123752536,151598555,15168/8388608,15168
800000,2404984,113562488,189507268,11376/8388608,11376
900000,2886256,103378224,227436630,15168/8388608,15168
1000000,3367240,93193504,265341663,15168/8388608,15168
1100000,3848416,83007456,303280281,0/8388608,0
1200000,4251120,72821040,333034447,18960/8388608,18960
1300000,4251120,127649560,333034447,18960/8388608,18960
1400000,4732104,117463280,370934313,18960/8388608,18960
1500000,5213040,107283792,408831445,18960/8388608,18960
1600000,5693864,97093848,446731695,18960/8388608,18960
1700000,6174768,86904864,484638800,18960/8388608,15168
1800000,6655752,76723904,522555011,18960/8388608,15168
1900000,7136768,66537216,560465918,0/8388608,0
2000000,6850352,121365160,830901400,30352/8388608,30352
2100000,7331208,111179328,573655167,30336/8388608,30336
2200000,7812128,100994256,611564937,30336/8388608,30336
2300000,8293080,90810936,649471644,30336/8388608,30336
2400000,8773904,80625168,687373931,30336/8388608,30336
2500000,9255128,70442608,725299754,30336/8388608,30336
2600000,9255128,125268080,725299754,30336/8388608,30336
2700000,9735984,115084080,763185146,30336/8388608,26544
2800000,10216616,104899816,801072541,30336/8388608,30336
2900000,10697520,94713296,838980698,30336/8388608,30336
3000000,11178344,84529880,876891176,30336/8388608,30336
3100000,11659088,74345576,914780730,30336/8388608,30336
3200000,11659088,129173928,914780730,30336/8388608,30336
3300000,12139976,118984648,952680061,30336/8388608,30336
3400000,12620672,108799024,990564106,0/8388608,0
3500000,12165184,98614680,951658744,45504/8388608,49296
3600000,12646072,88427880,989572912,49296/8388608,49296
3700000,13127040,78246024,1027483708,49296/8388608,49296
3800000,13607784,68062264,1065374863,49296/8388608,49296
3900000,13607784,122889848,1065374863,45504/8388608,49296
