opseq,index_size,memtable_size,sst_size,block_cache/block_cache_capacity,block_cache_pinned_usage
100,0,112400,0,0/8388608,0
200,0,219736,0,0/8388608,0
300,0,326992,0,0/8388608,0
400,0,434304,0,0/8388608,0
500,0,541680,0,0/8388608,0
600,0,648992,0,0/8388608,0
700,0,756272,0,0/8388608,0
800,0,863568,0,0/8388608,0
900,0,970832,0,0/8388608,0
1000,0,1078224,0,0/8388608,0
1500,0,1614880,0,0/8388608,0
2000,0,2151440,0,0/8388608,0
2500,0,2687984,0,0/8388608,0
3000,0,3224608,0,0/8388608,0
3500,0,3761088,0,0/8388608,0
4000,0,4297632,0,0/8388608,0
4500,0,4834240,0,0/8388608,0
5000,0,5370704,0,0/8388608,0
6000,0,6443664,0,0/8388608,0
7000,0,7516816,0,0/8388608,0
8000,0,8594264,0,0/8388608,0
9000,0,9667288,0,0/8388608,0
10000,0,10740136,0,0/8388608,0
15000,0,16105640,0,0/8388608,0
20000,0,21475096,0,0/8388608,0
25000,0,26844616,0,0/8388608,0
30000,0,32210504,0,0/8388608,0
35000,0,37580192,0,0/8388608,0
40000,0,42950424,0,0/8388608,0
45000,0,48315560,0,0/8388608,0
50000,0,53685800,0,0/8388608,0
60000,0,64421304,0,0/8388608,0
70000,0,75161896,0,0/8388608,0
80000,0,85896864,0,0/8388608,0
90000,0,96632400,0,0/8388608,0
100000,0,107372032,0,0/8388608,0
150000,45416,95991168,3294242,0/8388608,0
200000,53712,84600920,3891475,0/8388608,0
250000,59080,73243064,4265194,0/8388608,0
300000,63040,61885928,4538379,0/8388608,0
350000,63040,115542680,4538379,0/8388608,0
400000,65712,104186840,4732881,0/8388608,0
450000,68520,92830544,4915249,0/8388608,0
500000,71088,81472608,5074930,0/8388608,0
600000,73288,123772896,5214777,0/8388608,0
700000,75976,101055592,5444226,0/8388608,0
800000,79496,78341800,5648145,0/8388608,0
900000,79632,120641016,5730295,0/8388608,0
1000000,83848,32911088,5971872,21440/8388608,21440
1100000,84032,75210424,6036432,0/8388608,0
1200000,86512,52496064,6170873,0/8388608,0
1300000,87720,94797216,6234091,0/8388608,0
1400000,88616,72081032,6343972,0/8388608,0
1500000,90856,49365000,6455385,17152/8388608,21440
1600000,90448,91663600,12955598,0/8388608,0
1700000,92544,68949888,6600636,0/8388608,0
1800000,93560,111247432,6648326,0/8388608,0
1900000,94056,88533576,6733151,0/8388608,0
2000000,95992,65819200,6820308,21440/8388608,17152
2100000,96328,43105176,6896085,0/8388608,0
2200000,97248,85404056,6936332,0/8388608,0
2300000,98168,127703688,6975433,0/8388608,0
2400000,98504,104987784,7043617,0/8388608,0
2500000,100280,82275656,7116251,0/8388608,0
2600000,99520,124576560,14260674,0/8388608,0
2700000,102136,36848416,7247623,21440/8388608,21440
2800000,103008,79149120,7281336,0/8388608,0
2900000,102768,56436640,7337680,0/8388608,0
3000000,103480,98738200,7369305,0/8388608,0
3100000,103560,76024144,7424261,0/8388608,0
3200000,104952,53312784,7485210,21440/8388608,21440
3300000,104496,95611088,14993056,0/8388608,0
3400000,105856,72897848,7565576,0/8388608,0
3500000,106536,115200224,7594080,0/8388608,0
3600000,106648,92485960,7642579,0/8388608,0
3700000,107944,69768520,7697180,21440/8388608,21440
3800000,107360,112065712,7717330,0/8388608,0
3900000,108656,89352880,7769755,0/8388608,0
4000000,109936,66639152,7820902,0/8388608,0
4100000,110032,43926312,7864055,0/8388608,0
4200000,110664,86227784,7888953,0/8388608,0
4300000,110632,63514208,7931481,0/8388608,0
4400000,111264,105813584,7955247,0/8388608,0
4500000,112528,83097264,8002328,0/8388608,0
4600000,112560,60381832,8041581,0/8388608,0
4700000,113160,102680856,8064598,0/8388608,0
4800000,113032,79964208,8103911,0/8388608,0
4900000,114232,57248864,8147978,21440/8388608,21440
5000000,113680,99551624,16311262,0/8388608,0
5100000,114880,76836736,8206982,0/8388608,0
5200000,116080,54120888,8250119,0/8388608,0
5300000,115368,96418976,8264682,0/8388608,0
5400000,116536,73703328,8306643,21440/8388608,21440
5500000,115776,116004496,8320521,0/8388608,0
5600000,116912,93293312,8361948,0/8388608,0
5700000,118048,70580456,8401838,0/8388608,0
5800000,117952,47863952,8434737,0/8388608,0
5900000,118520,90168272,8454657,21440/8388608,21440
6000000,118376,67454776,8486826,0/8388608,0
6100000,119512,44737288,8525501,21440/8388608,21440
6200000,118912,87037112,17063941,0/8388608,0
6300000,120048,64320752,8576628,0/8388608,0
6400000,120616,106616960,8595516,0/8388608,0
6500000,120376,83902760,8625634,0/8388608,0
6600000,121480,61184840,8662647,21440/8388608,21440
6700000,120752,103486568,8674266,0/8388608,0
6800000,121856,80770424,8711047,0/8388608,0
6900000,122392,123072296,8728715,0/8388608,0
7000000,122200,100356240,8758612,0/8388608,0
7100000,123272,77641680,8793451,21456/8388608,21456
7200000,122544,119939144,8804368,0/8388608,0
7300000,124152,32210520,8857052,21440/8388608,17152
7400000,123424,74509600,8867551,0/8388608,0
7500000,124496,51792368,8901397,0/8388608,0
7600000,125032,94090464,8918178,0/8388608,0
7700000,124840,71376368,8945735,0/8388608,0
7800000,125928,48662808,8979603,21440/8388608,17152
7900000,125152,90962008,17969145,0/8388608,0
8000000,126224,68248536,9023030,0/8388608,0
8100000,126760,110547944,9039378,0/8388608,0
8200000,126520,87832168,9065518,0/8388608,0
8300000,127624,65117648,9097799,21440/8388608,21440
8400000,128160,107414792,9114013,0/8388608,0
8500000,127856,84699592,9139672,0/8388608,0
8600000,128376,126999744,9155279,0/8388608,0
8700000,128120,104286416,9180903,0/8388608,0
8800000,129160,81569664,9212211,21440/8388608,21440
8900000,128416,123869944,9220752,0/8388608,0
9000000,129456,101155424,9251881,0/8388608,0
9100000,130512,78442216,9282412,0/8388608,0
9200000,130112,55726896,9306492,0/8388608,0
9300000,130632,98025440,9321436,0/8388608,0
9400000,130360,75309000,9345785,0/8388608,0
9500000,131400,52592576,9375933,21440/8388608,21440
9600000,131920,94894912,9390460,0/8388608,0
9700000,131648,72180976,9414059,0/8388608,0
9800000,132168,114479720,9429056,0/8388608,0
9900000,131896,91764488,9451553,0/8388608,0
10000000,132936,69049072,9481114,21440/8388608,21440
10100000,133456,111348752,9495568,0/8388608,0
10200000,133152,88634288,9518424,0/8388608,0
10300000,134192,65923016,9547220,0/8388608,0
10400000,133888,43205160,9569785,0/8388608,0
10500000,134408,85506920,9584250,21440/8388608,21440
10600000,133976,62793480,9605975,0/8388608,0
10700000,135016,40077408,9634805,21440/8388608,21440
10800000,135536,82377216,9648587,0/8388608,0
10900000,135248,59663544,9670330,0/8388608,0
11000000,135768,101964104,9684178,21440/8388608,21440
11100000,135416,79249224,9705965,0/8388608,0
11200000,136456,56532880,9733602,21440/8388608,21440
11300000,136976,98834312,9746823,0/8388608,0
11400000,136672,76119456,9768568,0/8388608,0
11500000,137192,118417672,9782523,0/8388608,0
11600000,136824,95706608,9803067,0/8388608,0
11700000,137864,72991760,9829537,21440/8388608,21440
11800000,138384,115290112,9843366,0/8388608,0
11900000,137936,92576496,9863705,0/8388608,0
12000000,138944,69861888,9890836,0/8388608,0
12100000,138576,47145272,9911558,0/8388608,0
12200000,139096,89444504,9925453,17152/8388608,21440
12300000,138824,66731808,9946029,0/8388608,0
12400000,139832,44015304,9972389,21440/8388608,21440
12500000,140320,86314376,9985577,0/8388608,0
12600000,139968,63601400,10005672,0/8388608,0
12700000,140456,105902200,10018850,21440/8388608,21440
12800000,139992,83188184,10038852,0/8388608,0
12900000,140984,60472280,10065262,21440/8388608,21440
13000000,141472,102770360,10078484,0/8388608,0
13100000,141168,80052496,10098512,0/8388608,0
13200000,142144,57339000,10124812,0/8388608,0
13300000,141840,34625440,10144217,0/8388608,0
13400000,142344,76925288,10157402,21440/8388608,21440
13500000,141536,119224840,10164177,0/8388608,0
13600000,142512,96507456,10190133,0/8388608,0
13700000,143488,73791040,10216039,0/8388608,0
13800000,143072,51077504,10235386,0/8388608,0
13900000,143576,93374256,10248016,0/8388608,0
14000000,143224,70660752,10267569,0/8388608,0
14100000,144216,47944856,10293251,21440/8388608,21440
14200000,144704,90244136,10305901,0/8388608,0
14300000,144400,67527232,10325259,0/8388608,0
14400000,145376,44812392,10350508,0/8388608,0
14500000,144552,87112024,10357135,0/8388608,0
14600000,145528,64394536,10382303,21440/8388608,21440
14700000,146016,106693864,10394852,0/8388608,0
14800000,145584,83980600,10413752,0/8388608,0
14900000,146560,61265904,10439001,0/8388608,0
15000000,146224,38552880,10457751,0/8388608,0
15100000,146712,80854064,10470387,21440/8388608,21440
15200000,146376,58140416,10489198,0/8388608,0
15300000,146864,100440496,10501197,0/8388608,0
15400000,147840,77725568,10526343,0/8388608,0
15500000,147392,55010768,10544921,0/8388608,0
15600000,147896,97312344,10556931,21440/8388608,17152
15700000,147560,74599296,10575792,0/8388608,0
15800000,148552,51886984,10600270,21440/8388608,21440
15900000,149040,94186776,10612816,0/8388608,0
16000000,148656,71472232,10631034,0/8388608,0
16100000,149632,48756600,10656226,0/8388608,0
16200000,148696,91056528,10661777,0/8388608,0
16300000,149672,68341568,10686405,21440/8388608,21440
16400000,148848,110640320,10692639,0/8388608,0
16500000,149824,87926024,10717297,0/8388608,0
16600000,150800,65213928,10741797,0/8388608,0
16700000,150464,42498880,10759958,0/8388608,0
16800000,150952,84799864,10772536,21456/8388608,21456
16900000,151456,127097936,10784648,0/8388608,0
17000000,151624,39368696,10815505,21440/8388608,21440
17100000,152128,81669960,10827579,0/8388608,0
17200000,151616,58954296,10845566,0/8388608,0
17300000,152120,101254312,10857559,21440/8388608,21440
17400000,151752,78542088,10875627,0/8388608,0
17500000,152744,55828704,10899749,21440/8388608,21440
17600000,153232,98129880,10912404,0/8388608,0
17700000,152864,75414632,10930102,0/8388608,0
17800000,153840,52702376,10954742,0/8388608,0
17900000,152872,95006296,10960151,0/8388608,0
18000000,153848,72290976,10984852,21456/8388608,21456
18100000,154336,114591384,10996941,0/8388608,0
18200000,154000,91873920,11015050,0/8388608,0
18300000,154976,69159504,11039066,0/8388608,0
18400000,154624,46445752,11056561,0/8388608,0
18500000,155112,88751912,11069142,21440/8388608,21440
18600000,154632,66037472,11086704,0/8388608,0
18700000,155608,43321064,11111231,21440/8388608,21440
18800000,156096,85618904,11123341,0/8388608,0
18900000,155744,62903816,11140831,0/8388608,0
19000000,156232,105202616,11152846,21440/8388608,21440
19100000,155880,82488320,11171089,0/8388608,0
19200000,156856,59773192,11195021,21440/8388608,21440
19300000,157344,102075896,11206998,0/8388608,0
19400000,156880,79361680,11224551,0/8388608,0
19500000,157872,56646536,11249149,0/8388608,0
19600000,157016,98947488,11254846,0/8388608,0
19700000,158008,76234648,11279433,21440/8388608,21440
19800000,158496,118534056,11291406,0/8388608,0
19900000,158128,95819128,11308928,0/8388608,0
20000000,159120,73103312,11333344,0/8388608,0
20100000,158624,50389648,11350851,0/8388608,0
20200000,159112,92688624,11362866,21456/8388608,21456
20300000,158744,69974832,11381011,0/8388608,0
20400000,159720,47261752,11404919,21440/8388608,21440
20500000,160224,89565032,11416900,0/8388608,0
20600000,159904,66851304,11434580,0/8388608,0
20700000,160880,44136344,11458595,0/8388608,0
20800000,159896,86435032,11464699,0/8388608,0
20900000,160384,128732304,11476651,0/8388608,0
21000000,161360,106018448,11500727,0/8388608,0
21100000,161024,83305768,11518925,0/8388608,0
21200000,162000,60591688,11542991,0/8388608,0
21300000,161128,102891952,11549201,0/8388608,0
21400000,162120,80178984,11573142,21440/8388608,21440
21500000,162608,122479896,11585122,0/8388608,0
21600000,162144,99764056,11602525,0/8388608,0
21700000,163120,77050624,11627094,0/8388608,0
21800000,162768,54336512,11645201,0/8388608,0
21900000,163256,96635728,11657835,21440/8388608,17152
22000000,162904,73922544,11675318,0/8388608,0
22100000,163880,51208320,11699921,21456/8388608,21456
22200000,164368,93508488,11712556,0/8388608,0
22300000,163904,70794648,11730680,0/8388608,0
22400000,164880,48075600,11754897,0/8388608,0
22500000,164040,90376520,11761255,0/8388608,0
22600000,165016,67660528,11785779,21440/8388608,21440
22700000,165504,109960576,11797826,0/8388608,0
22800000,165184,87246072,11816067,0/8388608,0
22900000,165672,129547736,11828676,0/8388608,0
23000000,165176,106833304,11846854,0/8388608,0
23100000,166152,84120368,11871597,21456/8388608,21456
23200000,166640,126420152,11884178,0/8388608,0
23300000,166336,103707104,11902470,0/8388608,0
23400000,167312,80991928,11927614,0/8388608,0
23500000,166944,58278208,11945261,0/8388608,0
23600000,167432,100578480,11957963,21456/8388608,21456
23700000,166968,77866352,11976408,0/8388608,0
23800000,167944,55150992,12001843,17152/8388608,21440
23900000,168432,97452880,12014455,0/8388608,0
24000000,168112,74738408,12033331,0/8388608,0
24100000,169088,52023840,12058730,0/8388608,0
24200000,168280,94323584,12064306,0/8388608,0
24300000,169256,71609608,12089530,21456/8388608,21456
24400000,169760,113908312,12102200,0/8388608,0
24500000,169424,91193520,12121687,0/8388608,0
24600000,170400,68478784,12146821,0/8388608,0
24700000,169936,45764088,12165603,0/8388608,0
24800000,170424,88066344,12178155,21440/8388608,17152
24900000,170104,65353256,12197382,0/8388608,0
25000000,171080,42637288,12222521,21456/8388608,21456
25100000,171568,84937928,12235741,0/8388608,0
25200000,171248,62222608,12254571,0/8388608,0
25300000,172240,39507872,12280239,21440/8388608,21440
25400000,171320,81807008,12286998,0/8388608,0
25500000,172296,59094968,12312717,21440/8388608,21440
25600000,172784,101392928,12325413,0/8388608,0
25700000,172432,78678568,12345491,0/8388608,0
25800000,173408,55964344,12371209,0/8388608,0
25900000,172632,98263040,12377977,0/8388608,0
26000000,173608,75550328,12403772,21456/8388608,21456
26100000,174096,117848696,12417013,0/8388608,0
26200000,173760,95133888,12437191,0/8388608,0
26300000,174736,72419480,12463115,0/8388608,0
26400000,174352,49706152,12483591,0/8388608,0
26500000,174840,92005008,12496752,21440/8388608,21440
26600000,174520,69289456,12516831,0/8388608,0
26700000,175496,46575224,12543224,21456/8388608,21456
26800000,176016,88876328,12556993,0/8388608,0
26900000,175696,66162256,12577062,0/8388608,0
27000000,176704,43448680,12603758,21440/8388608,21440
27100000,175928,85750608,12610570,0/8388608,0
27200000,176952,63035400,12637583,21440/8388608,21440
27300000,177472,105333808,12651356,0/8388608,0
27400000,176992,82616320,12671617,0/8388608,0
27500000,178032,59901512,12699163,0/8388608,0
27600000,177696,37186920,12718693,0/8388608,0
27700000,178216,79487712,12732520,17152/8388608,21440
27800000,178736,121785528,12746289,0/8388608,0
27900000,178448,99072576,12767624,0/8388608,0
28000000,179520,76358864,12795425,0/8388608,0
28100000,179168,53642064,12816812,0/8388608,0
28200000,179704,95943424,12831309,17152/8388608,21440
28300000,179208,73228040,12852300,0/8388608,0
28400000,179728,115528808,12866777,0/8388608,0
28500000,180768,92815848,12894990,0/8388608,0
28600000,180432,70103624,12917382,0/8388608,0
28700000,181472,47391064,12945579,21456/8388608,21456
28800000,180648,89687280,12953637,0/8388608,0
28900000,181688,66974320,12982579,21440/8388608,21440
29000000,182208,109277024,12997017,0/8388608,0
29100000,181904,86561384,13019890,0/8388608,0
29200000,182976,63846384,13048767,0/8388608,0
29300000,182656,41129904,13071767,0/8388608,0
29400000,183192,83429392,13086727,21440/8388608,21440
29500000,183712,125728288,13101092,0/8388608,0
29600000,183928,38002128,13139910,21456/8388608,21456
29700000,184448,80303184,13155042,0/8388608,0
29800000,184048,57586096,13177777,0/8388608,0
29900000,184568,99887480,13193498,21440/8388608,21440
30000000,184296,77172912,13217139,0/8388608,0
30100000,185336,54458416,13247890,21440/8388608,21440
30200000,185856,96759552,13263652,0/8388608,0
30300000,185584,74044472,13287971,0/8388608,0
30400000,186624,51328496,13319377,21440/8388608,21440
30500000,185848,93630576,13328595,0/8388608,0
30600000,186904,70918320,13359823,21440/8388608,21440
30700000,187440,113216504,13376070,0/8388608,0
30800000,187200,90502560,13401600,0/8388608,0
30900000,188256,67789800,13433426,0/8388608,0
31000000,188016,45076328,13459632,0/8388608,0
31100000,188552,87375648,13475995,21440/8388608,17152
31200000,189088,129675288,13492362,0/8388608,0
31300000,189368,41947408,13535540,21440/8388608,21440
31400000,189904,84247896,13552400,0/8388608,0
31500000,189680,61535232,13579031,0/8388608,0
31600000,190216,103836368,13596087,21440/8388608,21440
31700000,189976,81121320,13623306,0/8388608,0
31800000,191048,58407680,13657828,21456/8388608,21456
31900000,191584,100709672,13675433,0/8388608,0
32000000,191360,77996208,13703177,0/8388608,0
32100000,192432,55278448,13738053,21440/8388608,21440
32200000,191704,97578904,13749550,0/8388608,0
32300000,192776,74865504,13785243,21440/8388608,21440
32400000,193312,117166232,13803241,0/8388608,0
32500000,193152,94454000,13832876,0/8388608,0
32600000,194224,71739808,13868995,0/8388608,0
32700000,194096,49028648,13899395,0/8388608,0
32800000,194664,91330264,13918105,21440/8388608,21440
32900000,194504,68614800,13949229,0/8388608,0
33000000,195640,45899640,13987343,21440/8388608,21440
33100000,196224,88199776,14006612,0/8388608,0
33200000,196032,65486424,14038795,0/8388608,0
33300000,196600,107786944,14058122,21440/8388608,17152
33400000,196408,85072992,14091049,0/8388608,0
33500000,197544,62360272,14130916,17152/8388608,21440
33600000,198112,104660480,14150815,0/8388608,0
33700000,198000,81943032,14185429,0/8388608,0
33800000,199168,59228952,14227163,0/8388608,0
33900000,199072,36512744,14262436,0/8388608,0
34000000,199672,78812832,14283677,21440/8388608,21440
34100000,200272,121112248,14304880,0/8388608,0
34200000,200288,98399352,14341311,0/8388608,0
34300000,201488,75683776,14385736,0/8388608,0
34400000,200744,117984936,14400818,0/8388608,0
34500000,201944,95270216,14445757,21440/8388608,21440
34600000,203144,72555696,14491802,0/8388608,0
34700000,203080,49841864,14531912,17168/8388608,17168
34800000,203712,92147192,14555529,0/8388608,0
34900000,203824,69432216,14596889,0/8388608,0
35000000,205088,46720280,14645916,21440/8388608,21440
35100000,204392,89019976,14664126,0/8388608,0
35200000,205656,66305296,14714535,17152/8388608,17152
35300000,206304,108606296,14740072,0/8388608,0
35400000,206432,85890648,14785192,0/8388608,0
35500000,207728,63175328,14838842,0/8388608,0
35600000,207712,40460304,14886025,0/8388608,0
35700000,208360,82761104,14913979,21440/8388608,17152
35800000,209008,125058560,14941423,0/8388608,0
35900000,209248,102343272,14991883,0/8388608,0
36000000,210608,79628880,15050873,0/8388608,0
36100000,210704,56919040,15104392,0/8388608,0
36200000,211416,99220968,15135215,17152/8388608,17152
36300000,212840,76505432,15198313,0/8388608,0
36400000,213208,53791712,15256747,21456/8388608,21456
36500000,214080,96092552,15290362,0/8388608,0
36600000,214560,73379320,15352041,0/8388608,0
36700000,216304,50666624,15423229,21440/8388608,21440
36800000,215496,92963416,30840151,0/8388608,0
36900000,217304,70249984,15527448,21440/8388608,21440
37000000,218224,112548336,15566419,0/8388608,0
37100000,218560,89834896,15637453,0/8388608,0
37200000,220464,67120544,15721046,0/8388608,0
37300000,220768,44407136,15801277,0/8388608,0
37400000,221768,86707784,15847278,21456/8388608,21456
37500000,222768,129009776,15894384,0/8388608,0
37600000,224360,41279688,16036608,21456/8388608,21456
37700000,225424,83579456,16089206,0/8388608,0
37800000,226160,60866504,16192926,0/8388608,0
37900000,227304,103166856,16251704,21440/8388608,21440
38000000,228200,80451448,32620650,0/8388608,0
38100000,229424,122752664,16435722,0/8388608,0
38200000,232000,100037560,16578306,0/8388608,0
38300000,233392,77325600,16726846,0/8388608,0
38400000,236384,54612176,16905650,21440/8388608,21440
38500000,236920,96911008,33810526,0/8388608,0
38600000,240632,74195056,17219856,21456/8388608,17152
38700000,242688,116493608,17348536,0/8388608,0
38800000,246272,93779488,17647038,0/8388608,0
38900000,252624,71062992,18067294,21440/8388608,21440
39000000,261504,48348488,18756561,0/8388608,0
