opseq,index_size,memtable_size,sst_size,block_cache/block_cache_capacity,block_cache_pinned_usage
100,0,112352,0,0/8388608,0
200,0,219680,0,0/8388608,0
300,0,326968,0,0/8388608,0
400,0,434288,0,0/8388608,0
500,0,541568,0,0/8388608,0
600,0,648864,0,0/8388608,0
700,0,756272,0,0/8388608,0
800,0,863584,0,0/8388608,0
900,0,970904,0,0/8388608,0
1000,0,1078192,0,0/8388608,0
1500,0,1614664,0,0/8388608,0
2000,0,2151248,0,0/8388608,0
2500,0,2687696,0,0/8388608,0
3000,0,3224192,0,0/8388608,0
3500,0,3760664,0,0/8388608,0
4000,0,4297112,0,0/8388608,0
4500,0,4833632,0,0/8388608,0
5000,0,5370152,0,0/8388608,0
6000,0,6443136,0,0/8388608,0
7000,0,7516160,0,0/8388608,0
8000,0,8594208,0,0/8388608,0
9000,0,9667392,0,0/8388608,0
10000,0,10740472,0,0/8388608,0
15000,0,16105864,0,0/8388608,0
20000,0,21475784,0,0/8388608,0
25000,0,26845560,0,0/8388608,0
30000,0,32211216,0,0/8388608,0
35000,0,37580888,0,0/8388608,0
40000,0,42950456,0,0/8388608,0
45000,0,48316376,0,0/8388608,0
50000,0,53686272,0,0/8388608,0
60000,0,64421608,0,0/8388608,0
70000,0,75161872,0,0/8388608,0
80000,0,85897128,0,0/8388608,0
90000,0,96632288,0,0/8388608,0
100000,0,107371984,0,0/8388608,0
150000,62344,95989696,4507385,0/8388608,0
200000,74560,84600760,5392354,0/8388608,0
250000,82264,73244328,5937012,0/8388608,0
300000,87920,61885016,6334902,17152/8388608,17152
350000,87920,115543384,6334902,0/8388608,0
400000,92488,104187176,6649659,0/8388608,0
450000,95976,92830928,6883079,0/8388608,0
500000,99440,81473056,7110934,0/8388608,0
600000,102440,123772736,7311027,0/8388608,0
700000,106776,101057656,7639554,0/8388608,0
800000,111272,78343768,7926249,21440/8388608,21440
900000,112080,120643176,8043853,0/8388608,0
1000000,115968,97928944,8274904,0/8388608,0
1100000,119520,75218776,8480661,0/8388608,0
1200000,121264,52503600,8657305,0/8388608,0
1300000,122728,94801120,8743640,0/8388608,0
1400000,124232,72090488,8897665,0/8388608,0
1500000,125600,114392632,8975249,0/8388608,0
1600000,128208,91678768,9119756,0/8388608,0
1700000,129456,68964280,9248031,0/8388608,0
1800000,130664,111262992,9313027,0/8388608,0
1900000,131736,88547000,9430254,0/8388608,0
2000000,134024,65835664,9548243,21440/8388608,21440
2100000,135136,108136712,9605652,0/8388608,0
2200000,135952,85422632,9706723,0/8388608,0
2300000,137016,127719664,9759248,0/8388608,0
2400000,138704,39992976,9902444,0/8388608,0
2500000,139736,82296608,9951374,21440/8388608,21440
2600000,140216,59580816,10037479,0/8388608,0
2700000,141232,101880056,10083569,0/8388608,0
2800000,143200,79165088,10172034,0/8388608,0
2900000,143616,56450048,10249983,0/8388608,0
3000000,144568,98749048,10291480,21440/8388608,21440
3100000,144888,76031728,10365041,0/8388608,0
3200000,146728,53314704,10442740,21456/8388608,21456
3300000,147648,95614040,10481089,0/8388608,0
3400000,147776,72897392,10547031,0/8388608,0
3500000,149552,50184216,10620507,0/8388608,0
3600000,148952,92486080,10648098,0/8388608,0
3700000,150696,69770656,10717537,21456/8388608,21456
3800000,151568,112067136,10752514,0/8388608,0
3900000,151632,89350552,10813024,0/8388608,0
4000000,153312,66636088,10879147,0/8388608,0
4100000,152344,108933440,10904140,0/8388608,0
4200000,153768,86220376,10967467,21456/8388608,21456
4300000,154480,128519072,10999034,0/8388608,0
4400000,155240,40788400,11083668,21456/8388608,21456
4500000,155920,83088008,11113269,0/8388608,0
4600000,156144,60374072,11164660,0/8388608,0
4700000,156824,102673832,11193904,8576/8388608,8576
4800000,156936,79960640,11243508,0/8388608,0
4900000,158232,57248280,11298531,21456/8388608,21456
5000000,158880,99547592,11325926,0/8388608,0
5100000,159024,76834288,11373510,0/8388608,0
5200000,160320,54119616,11426801,0/8388608,0
5300000,159848,96419448,11446780,0/8388608,0
5400000,161128,73706000,11498494,21440/8388608,21440
5500000,161760,116004768,11523933,0/8388608,0
5600000,161744,93290496,11568205,0/8388608,0
5700000,163024,70576208,11618551,0/8388608,0
5800000,163120,47863368,11660614,0/8388608,0
5900000,163752,90161016,11684779,21440/8388608,21440
6000000,163688,67445800,11726611,0/8388608,0
6100000,164952,44730096,11773734,21440/8388608,21440
6200000,165552,87031016,11796729,0/8388608,0
6300000,165552,64318632,11835976,0/8388608,0
6400000,166752,41604528,11881388,21440/8388608,21440
6500000,166104,83905912,11897712,0/8388608,0
6600000,167304,61188424,11941880,21440/8388608,21440
6700000,167904,103488400,11964307,0/8388608,0
6800000,167808,80773216,12001841,0/8388608,0
6900000,169008,58055200,12044929,0/8388608,0
7000000,168424,100357088,12059642,0/8388608,0
7100000,169624,77643536,12102204,21440/8388608,21440
7200000,170192,119939944,12122748,0/8388608,0
7300000,170016,97224728,12157615,0/8388608,0
7400000,171152,74511664,12198712,0/8388608,0
7500000,171008,51795560,12232692,0/8388608,0
7600000,171576,94097224,12252656,21440/8388608,17152
7700000,171464,71381592,12286096,0/8388608,0
7800000,172600,48663576,12326074,21440/8388608,21440
7900000,173168,90967328,12345287,0/8388608,0
8000000,173168,68253120,12378235,0/8388608,0
8100000,173736,110553848,12397633,21440/8388608,21440
8200000,173560,87841096,12427664,0/8388608,0
8300000,174696,65127712,12465322,17152/8388608,17152
8400000,175264,107428544,12484016,0/8388608,0
8500000,175088,84712864,12514917,0/8388608,0
8600000,176192,61998664,12551865,0/8388608,0
8700000,175952,39283584,12582099,0/8388608,0
8800000,176488,81581472,12600314,21440/8388608,21440
8900000,177024,123880912,12618508,0/8388608,0
9000000,176864,101168632,12648399,0/8388608,0
9100000,177936,78453968,12684013,0/8388608,0
9200000,177776,55739824,12712606,0/8388608,0
9300000,178312,98041768,12730077,21440/8388608,21440
9400000,178120,75326888,12758870,0/8388608,0
9500000,179192,52615376,12793437,17152/8388608,17152
9600000,179728,94914400,12810268,0/8388608,0
9700000,179520,72197832,12836900,0/8388608,0
9800000,180592,49483320,12870587,0/8388608,0
9900000,179816,91783008,12881507,0/8388608,0
10000000,180904,69069232,12915347,17152/8388608,21456
10100000,181440,111370760,12931581,0/8388608,0
10200000,181216,88656568,12957574,0/8388608,0
10300000,182288,65941448,12990248,0/8388608,0
10400000,182048,43226456,13016280,0/8388608,0
10500000,182584,85526352,13032479,21440/8388608,21440
10600000,183120,127825776,13048788,0/8388608,0
10700000,183400,40096528,13090142,21456/8388608,17152
10800000,183936,82396560,13106446,0/8388608,0
10900000,183648,59680880,13131173,0/8388608,0
11000000,184168,101982040,13146778,21440/8388608,21440
11100000,183912,79266688,13171067,0/8388608,0
11200000,184952,56552352,13201868,21440/8388608,21440
11300000,185488,98851760,13217516,0/8388608,0
11400000,185232,76136640,13241952,0/8388608,0
11500000,186272,53420768,13272022,0/8388608,0
11600000,185336,95719184,13280512,0/8388608,0
11700000,186376,73004896,13310605,21456/8388608,21456
11800000,186896,115302936,13325673,0/8388608,0
11900000,186624,92590520,13348744,0/8388608,0
12000000,187664,69878016,13378391,0/8388608,0
12100000,186872,112176304,13386910,0/8388608,0
12200000,187912,89463928,13416408,21440/8388608,21440
12300000,187608,66748896,13438878,0/8388608,0
12400000,188144,109048256,13453279,0/8388608,0
12500000,189184,86331656,13482161,0/8388608,0
12600000,188864,63615640,13504752,0/8388608,0
12700000,189904,40900696,13533099,21440/8388608,21440
12800000,189080,83199800,13541212,0/8388608,0
12900000,190120,60485496,13569524,21440/8388608,21440
13000000,190640,102786088,13583446,0/8388608,0
13100000,190208,80072672,13604535,0/8388608,0
13200000,191248,57358632,13632873,21440/8388608,21440
13300000,190408,99660072,13639724,0/8388608,0
13400000,191448,76945680,13667583,21440/8388608,21440
13500000,191968,119246744,13681341,0/8388608,0
13600000,191616,96532208,13702418,0/8388608,0
13700000,192656,73818384,13730124,0/8388608,0
13800000,192304,51104176,13750083,0/8388608,0
13900000,192792,93402552,13763296,21472/8388608,21472
14000000,192472,70690528,13783639,0/8388608,0
14100000,193480,47977592,13810647,21440/8388608,21440
14200000,193968,90277072,13823302,0/8388608,0
14300000,193504,67562440,13842705,0/8388608,0
14400000,194480,44849912,13869072,21456/8388608,21456
14500000,193704,87147856,13875934,0/8388608,0
14600000,194680,64435176,13901711,21440/8388608,21440
14700000,195168,106732472,13914932,0/8388608,0
14800000,194864,84019288,13934260,0/8388608,0
14900000,195840,61306464,13959946,0/8388608,0
15000000,194888,103608280,13966612,0/8388608,0
15100000,195864,80889744,13991923,21456/8388608,21456
15200000,196352,123191256,14005054,0/8388608,0
15300000,196064,100475152,14023929,0/8388608,0
15400000,197040,77759712,14049170,0/8388608,0
15500000,196704,55043768,14068582,0/8388608,0
15600000,197192,97343544,14080492,17152/8388608,17152
15700000,198168,74630720,14105669,0/8388608,0
15800000,197848,51914504,14124498,21440/8388608,21440
15900000,198336,94214224,14137110,0/8388608,0
16000000,197904,71500184,14155217,0/8388608,0
16100000,198408,113800784,14167826,21440/8388608,21440
16200000,198056,91086032,14185902,0/8388608,0
16300000,199032,68372608,14210446,21456/8388608,17152
16400000,199520,110672312,14222342,0/8388608,0
16500000,199152,87957896,14240583,0/8388608,0
16600000,200128,65240096,14265277,0/8388608,0
16700000,199160,107539160,14270730,0/8388608,0
16800000,200152,84824096,14294746,21472/8388608,21472
16900000,200640,127125376,14306728,0/8388608,0
17000000,200288,104408256,14324360,0/8388608,0
17100000,201264,81696296,14348306,0/8388608,0
17200000,200928,58978920,14366066,0/8388608,0
17300000,201416,101276992,14378095,21440/8388608,21440
17400000,202392,78562312,14401443,0/8388608,0
17500000,201912,55843648,14418884,21440/8388608,21440
17600000,202400,98142776,14430353,0/8388608,0
17700000,202000,75428216,14447314,0/8388608,0
17800000,202976,52712696,14471259,21440/8388608,21440
17900000,202136,95012240,14476209,0/8388608,0
18000000,203112,72298416,14499614,21440/8388608,21440
18100000,203600,114596032,14511048,0/8388608,0
18200000,203088,91883496,14527656,0/8388608,0
18300000,204064,69168384,14550488,21440/8388608,21440
18400000,203224,111469904,14555578,0/8388608,0
18500000,204200,88758056,14578952,21440/8388608,17152
18600000,203816,66046976,14595499,0/8388608,0
18700000,204320,108345968,14606870,0/8388608,0
18800000,205296,85632904,14629671,0/8388608,0
18900000,204280,127932688,14634479,0/8388608,0
19000000,205256,105217376,14657269,21440/8388608,21440
19100000,204856,82502784,14672805,0/8388608,0
19200000,205832,59789096,14695591,21440/8388608,21440
19300000,206320,102089608,14707017,0/8388608,0
19400000,205808,79376656,14722637,0/8388608,0
19500000,206752,56658656,14744817,21456/8388608,21456
19600000,205864,98960856,29483832,0/8388608,0
19700000,206808,76247944,14771979,21456/8388608,21456
19800000,207264,118548416,14782807,0/8388608,0
19900000,206912,95831736,14798514,0/8388608,0
20000000,207856,73119696,14820566,0/8388608,0
20100000,207344,50403624,14835625,0/8388608,0
20200000,207832,92701120,14846994,17152/8388608,17152
20300000,207448,69987640,14862124,0/8388608,0
20400000,208360,47273288,14883649,17152/8388608,21440
20500000,208816,89573320,14894406,0/8388608,0
20600000,208384,66859176,14909492,0/8388608,0
20700000,209296,44143976,14931033,21456/8388608,21456
20800000,208440,86443992,14935436,0/8388608,0
20900000,209368,63726784,14957010,21440/8388608,21440
21000000,209824,106025648,14967773,0/8388608,0
21100000,209472,83311168,14982393,0/8388608,0
21200000,210384,60596200,15003330,0/8388608,0
21300000,209448,102896760,15007724,0/8388608,0
21400000,210360,80182544,15028068,21440/8388608,21440
21500000,210832,122483112,15038742,0/8388608,0
21600000,210448,99771648,15053795,0/8388608,0
21700000,211360,77060312,15075359,0/8388608,0
21800000,210408,119361432,15078637,0/8388608,0
21900000,211336,96645568,15100142,17152/8388608,17152
22000000,210984,73932176,15114679,0/8388608,0
22100000,211912,51218040,15134886,21440/8388608,21440
22200000,212368,93519256,15145619,0/8388608,0
22300000,211840,70802880,15160058,0/8388608,0
22400000,212752,48090184,15181030,17152/8388608,17152
22500000,211944,90392688,15184835,0/8388608,0
22600000,212856,67676912,15205223,21456/8388608,21456
22700000,213312,109975280,15215971,0/8388608,0
22800000,212944,87261136,15229901,0/8388608,0
22900000,213856,64544456,15250731,0/8388608,0
23000000,212904,106847792,15254308,0/8388608,0
23100000,213816,84131208,15274670,21440/8388608,21440
23200000,214272,126430600,15284967,0/8388608,0
23300000,213872,103716360,15298980,0/8388608,0
23400000,214784,81002752,15319242,0/8388608,0
23500000,214288,58288008,15333124,0/8388608,0
23600000,214760,100589344,15343168,21456/8388608,21456
23700000,214360,77875504,15357206,0/8388608,0
23800000,215272,55160368,15377680,21440/8388608,21440
23900000,215728,97459664,15387851,0/8388608,0
24000000,215216,74745600,15401084,0/8388608,0
24100000,216128,52032600,15421449,21440/8388608,21440
24200000,215304,94332208,15425181,0/8388608,0
24300000,216216,71620384,15444900,17152/8388608,21440
24400000,216672,113921184,15455046,0/8388608,0
24500000,216160,91208344,15468237,0/8388608,0
24600000,217072,68495232,15488040,0/8388608,0
24700000,216248,110793136,15491836,0/8388608,0
24800000,217160,88079152,15511646,17152/8388608,21440
24900000,216744,65364976,15524993,0/8388608,0
25000000,217672,42650280,15544736,21440/8388608,17152
25100000,218128,84949968,15554907,0/8388608,0
25200000,217600,62237576,15568053,0/8388608,0
25300000,218512,39523760,15587724,21456/8388608,21456
25400000,217656,81824224,15590959,0/8388608,0
25500000,218568,59109944,15610561,21440/8388608,21440
25600000,219024,101409400,15620143,0/8388608,0
25700000,218512,78692672,15633411,0/8388608,0
25800000,219424,55977760,15652530,17152/8388608,21440
25900000,218568,98277840,15656258,0/8388608,0
26000000,219480,75565648,15675397,21440/8388608,21440
26100000,219936,117864120,15684939,0/8388608,0
26200000,219408,95149216,15697927,0/8388608,0
26300000,220320,72432320,15717043,0/8388608,0
26400000,219904,49718472,15729799,0/8388608,0
26500000,220360,92016160,15739369,21440/8388608,21440
26600000,219832,69302680,15752452,0/8388608,0
26700000,220744,46587704,15771529,21456/8388608,21456
26800000,221200,88887600,15781107,0/8388608,0
26900000,220816,66174368,15793938,0/8388608,0
27000000,221728,43459176,15813076,21440/8388608,21440
27100000,220744,85755416,15816126,0/8388608,0
27200000,221656,63038672,15834563,21440/8388608,21440
27300000,222112,105338968,15844167,0/8388608,0
27400000,221664,82625400,15856989,0/8388608,0
27500000,222576,59912640,15876102,21456/8388608,21456
27600000,222064,37198432,15888081,0/8388608,0
27700000,222536,79498080,15897574,21440/8388608,21440
27800000,222992,121799816,15907164,0/8388608,0
27900000,222544,99086480,15919203,0/8388608,0
28000000,223456,76373272,15938342,0/8388608,0
28100000,222472,118672392,15941504,0/8388608,0
28200000,223384,95958008,15960019,21456/8388608,21456
28300000,224296,73242320,15979047,0/8388608,0
28400000,223896,50527072,15991066,21440/8388608,21440
28500000,224352,92829952,16000042,0/8388608,0
28600000,223776,70114704,16012561,0/8388608,0
28700000,224688,47399864,16031092,21440/8388608,21440
28800000,223832,89697848,32055877,0/8388608,0
28900000,224744,66983072,16052828,21440/8388608,21440
29000000,225200,109282936,16061778,0/8388608,0
29100000,224656,86572200,16073742,0/8388608,0
29200000,225568,63856072,16092423,21440/8388608,21440
29300000,225136,41141312,16104443,0/8388608,0
29400000,225592,83439584,16113976,17152/8388608,21440
29500000,226048,125739840,16122939,0/8388608,0
29600000,225520,103024880,16134915,0/8388608,0
29700000,226432,80310536,16153328,0/8388608,0
29800000,226000,57594480,16165477,0/8388608,0
29900000,226456,99897336,16174348,21440/8388608,21440
30000000,225880,77183520,32360724,0/8388608,0
30100000,226792,54467792,16204255,21440/8388608,21440
30200000,227248,96765528,16213786,0/8388608,0
30300000,226848,74052856,16225496,0/8388608,0
30400000,227760,51338160,16243993,21456/8388608,21456
30500000,226744,93636464,32481621,0/8388608,0
30600000,227656,70920384,16264960,21440/8388608,21440
30700000,228112,113219984,16273831,0/8388608,0
30800000,227664,90506152,16285320,0/8388608,0
30900000,228576,67792080,16303184,21456/8388608,21456
31000000,227560,110090360,16306268,0/8388608,0
31100000,228472,87378000,16324129,21440/8388608,21440
31200000,228928,129679248,16333094,0/8388608,0
31300000,228856,41949560,16353895,17152/8388608,21440
31400000,229312,84249328,16362776,0/8388608,0
31500000,228864,61532568,16374290,0/8388608,0
31600000,229792,38818352,16392056,17184/8388608,17184
31700000,228776,81117208,32777004,0/8388608,0
31800000,229688,58404368,16411827,21440/8388608,21440
31900000,230144,100707248,16420812,0/8388608,0
32000000,229712,77991792,16432757,0/8388608,0
32100000,230624,55274080,16450734,21440/8388608,21440
32200000,229592,97576184,16453181,0/8388608,0
32300000,230504,74862848,16471059,21440/8388608,21440
32400000,230960,117162456,16479943,0/8388608,0
32500000,230496,94451280,16490836,0/8388608,0
32600000,231408,71737360,16508727,0/8388608,0
32700000,230408,114035584,16511183,0/8388608,0
32800000,231320,91322192,16529107,21440/8388608,21440
32900000,232232,68606240,16546917,0/8388608,0
33000000,231344,110906512,16549381,0/8388608,0
33100000,232240,88193000,16566622,0/8388608,0
33200000,231680,65481184,16578086,0/8388608,0
33300000,232120,107783000,16586413,21440/8388608,21440
33400000,231688,85070968,33184479,0/8388608,0
33500000,232600,62355840,16615930,21440/8388608,21440
33600000,233040,104656920,16624149,0/8388608,0
33700000,232464,81940232,16635469,0/8388608,0
33800000,233360,59226856,16652797,21456/8388608,21456
33900000,232488,101527552,33299735,0/8388608,0
34000000,233384,78811632,16672521,21440/8388608,21440
34100000,233840,121111976,16681469,0/8388608,0
34200000,233280,98396976,16692670,0/8388608,0
34300000,234176,75683464,16709913,0/8388608,0
34400000,233744,52969152,16720889,0/8388608,0
34500000,234200,95269944,16729836,21440/8388608,21440
34600000,235096,72553072,16746985,0/8388608,0
34700000,234536,49837048,16757790,21440/8388608,21440
34800000,234992,92136640,16766730,0/8388608,0
34900000,234400,69423360,16777656,0/8388608,0
35000000,235296,46710672,16794780,21440/8388608,21440
35100000,234424,89011640,16797294,0/8388608,0
35200000,235320,66298640,16814502,17152/8388608,17152
35300000,235776,108599920,16823411,0/8388608,0
35400000,235232,85888680,16834210,0/8388608,0
35500000,236128,63173800,16851404,21456/8388608,21456
35600000,235680,40458952,16862266,0/8388608,0
35700000,236120,82760200,16870543,21440/8388608,21440
35800000,236576,125058960,16879525,0/8388608,0
35900000,236032,102343304,16890472,0/8388608,0
36000000,236928,79628064,16907704,0/8388608,0
36100000,236024,121929016,16909719,0/8388608,0
36200000,236920,99214456,16926910,21440/8388608,21440
36300000,237816,76498208,16944257,0/8388608,0
36400000,237256,53783960,16955058,21440/8388608,21440
36500000,237696,96084328,16963398,0/8388608,0
36600000,237248,73369896,16974354,0/8388608,0
36700000,238144,50656936,16991535,21440/8388608,21440
36800000,237144,92954800,16993294,0/8388608,0
36900000,238056,70243104,17010374,17152/8388608,21472
37000000,238496,112542256,17018588,0/8388608,0
37100000,237920,89829472,17029400,0/8388608,0
37200000,238816,67116080,17046780,21440/8388608,17152
37300000,239256,109415448,17055073,0/8388608,0
37400000,238808,86699720,17065448,17152/8388608,21456
37500000,239264,128996480,17074444,0/8388608,0
37600000,239128,41268176,17092744,21440/8388608,21440
37700000,239584,83570000,17101651,0/8388608,0
37800000,238728,125868688,17103612,0/8388608,0
37900000,239624,103154320,17120817,21456/8388608,21456
38000000,239032,80439120,34251739,0/8388608,0
38100000,239928,57723264,17148117,21440/8388608,21440
38200000,240384,100024536,17156378,0/8388608,0
38300000,239920,77310592,17166705,0/8388608,0
38400000,240816,54597440,17183946,21456/8388608,21456
38500000,239816,96898304,17185899,0/8388608,0
38600000,240712,74184712,17203180,21440/8388608,21440
38700000,241152,116482880,17211469,0/8388608,0
38800000,240704,93767136,17221703,0/8388608,0
38900000,241600,71052960,17238857,21440/8388608,21440
39000000,240600,113351088,17240755,0/8388608,0
39100000,241480,90635536,17257364,21440/8388608,21440
39200000,242360,67918872,17273950,0/8388608,0
39300000,241360,110217472,17276459,0/8388608,0
39400000,242240,87503208,17293106,0/8388608,0
39500000,241792,64787104,17303446,0/8388608,0
39600000,242672,42071816,17320018,21440/8388608,21440
39700000,241688,84373088,34634310,0/8388608,0
39800000,242568,61657320,17339094,21440/8388608,21440
39900000,243008,103956744,17347493,0/8388608,0
40000000,242592,81241440,17357832,0/8388608,0
40100000,243472,58527168,17374504,17152/8388608,21440
40200000,242472,100828776,34742606,0/8388608,0
40300000,243368,78114048,17393730,21456/8388608,21456
40400000,243808,120414600,17402028,0/8388608,0
40500000,243376,97700080,17412100,0/8388608,0
40600000,244256,74987824,17428653,0/8388608,0
40700000,243664,52273072,17438908,0/8388608,0
40800000,244104,94573184,17447244,21456/8388608,17168
40900000,244984,71855240,17463819,0/8388608,0
41000000,244424,49140888,17474137,17152/8388608,21440
41100000,244864,91439800,17482491,0/8388608,0
41200000,244432,68724304,17492819,0/8388608,0
41300000,245312,46010408,17509472,21440/8388608,21440
41400000,244312,88310248,35012529,0/8388608,0
41500000,245192,65596232,17527957,21440/8388608,21440
41600000,245632,107896192,17536237,0/8388608,0
41700000,245200,85181984,17546642,0/8388608,0
41800000,246080,62465600,17563355,17152/8388608,21440
41900000,245080,104767312,17565220,0/8388608,0
42000000,245960,82054824,17581814,17152/8388608,21440
42100000,246416,124355000,17590137,0/8388608,0
42200000,245984,101640488,17600514,0/8388608,0
42300000,246880,78921776,17617193,0/8388608,0
42400000,245864,121221496,35227370,0/8388608,0
42500000,246744,98507712,17635150,21440/8388608,21440
42600000,247640,75795552,17651678,0/8388608,0
42700000,247064,53081792,17661865,21440/8388608,21440
42800000,247520,95381336,17670058,0/8388608,0
42900000,247072,72666256,17680308,0/8388608,0
43000000,247952,49951296,17696934,17152/8388608,21440
43100000,246936,92251600,35386917,0/8388608,0
43200000,247832,69536528,17714759,21440/8388608,21440
43300000,248272,111835536,17723048,0/8388608,0
43400000,247792,89120680,17733297,0/8388608,0
43500000,248672,66407120,17749831,21440/8388608,21440
43600000,247672,108708984,35492775,0/8388608,0
43700000,248552,85994984,17767700,21440/8388608,21440
43800000,248992,128295184,17776103,0/8388608,0
43900000,249000,40564720,17794766,21440/8388608,21440
44000000,249440,82867384,17803099,0/8388608,0
44100000,248880,60152824,17812755,0/8388608,0
44200000,249320,102450552,17820944,21440/8388608,21440
44300000,250200,79736912,17837489,0/8388608,0
44400000,249640,57023712,17847079,21456/8388608,21456
44500000,250080,99322680,17855408,0/8388608,0
44600000,249648,76609056,17865745,0/8388608,0
44700000,250528,53893248,17882364,21440/8388608,21440
44800000,249528,96193960,17883610,0/8388608,0
44900000,250408,73480128,17900199,17152/8388608,21440
45000000,250848,115779008,17908461,0/8388608,0
45100000,250384,93063552,17918710,0/8388608,0
45200000,251264,70348976,17934715,21440/8388608,21440
45300000,250720,47634936,17944948,0/8388608,0
45400000,251160,89938432,17953236,21440/8388608,21440
45500000,252040,67222192,17969173,0/8388608,0
45600000,251592,44505760,17979483,21440/8388608,17152
45700000,252032,86802304,17987797,0/8388608,0
45800000,251472,64085816,17997363,0/8388608,0
45900000,252352,41375104,18013890,21456/8388608,21456
46000000,252792,83680272,18022149,0/8388608,0
46100000,252216,60964328,18031761,21440/8388608,21440
46200000,252656,103263048,18040094,0/8388608,0
46300000,252208,80546736,18049842,0/8388608,0
46400000,253088,57830576,18065940,21440/8388608,21440
46500000,252088,100130384,18068367,0/8388608,0
46600000,252968,77414784,18084979,21440/8388608,21440
46700000,253408,119715632,18092664,0/8388608,0
46800000,252960,97001344,18103133,0/8388608,0
46900000,253840,74286464,18119191,21440/8388608,21440
47000000,252856,116586344,36232566,0/8388608,0
47100000,253736,93873896,18137688,21456/8388608,21456
47200000,254616,71157472,18153175,0/8388608,0
47300000,253728,113459504,18155149,0/8388608,0
47400000,254608,90745264,18171738,21472/8388608,17168
47500000,254016,68033368,18181795,0/8388608,0
47600000,254456,110333752,18190037,21440/8388608,21440
47700000,253896,87621208,36389152,0/8388608,0
47800000,254776,64906808,18215730,21440/8388608,21440
47900000,255216,107209440,18224022,0/8388608,0
48000000,254800,84495496,18234373,0/8388608,0
48100000,255680,61781848,18249848,17168/8388608,21456
48200000,256120,104083496,18258111,0/8388608,0
48300000,255544,81371224,18268382,21440/8388608,21440
48400000,255984,123670664,18276663,0/8388608,0
48500000,255536,100957704,18286319,0/8388608,0
48600000,256432,78241832,18302804,4288/8388608,8576
48700000,255416,120542832,18304068,0/8388608,0
48800000,256296,97828872,18320689,17152/8388608,21440
48900000,257176,75115216,18336677,0/8388608,0
49000000,256600,52401712,18346888,21440/8388608,17152
49100000,257040,94700256,18354556,0/8388608,0
49200000,256608,71989344,18364773,0/8388608,0
49300000,257488,49274328,18380758,21440/8388608,21440
49400000,256456,91576464,36755738,0/8388608,0
49500000,257336,68862176,18399237,21440/8388608,21440
49600000,257776,111160088,18406447,0/8388608,0
49700000,257344,88448248,18416781,0/8388608,0
49800000,258224,65735232,18432840,17152/8388608,17152
49900000,258664,108033240,18441188,0/8388608,0
50000000,258104,85315712,18451838,21440/8388608,21440
50100000,258544,127613872,18459529,0/8388608,0
50200000,258112,104898584,18469862,0/8388608,0
50300000,259008,82184888,18485923,0/8388608,0
50400000,258416,59468248,18495705,0/8388608,0
50500000,258856,101768184,18503952,21472/8388608,21472
50600000,259736,79050976,18519901,0/8388608,0
50700000,259160,56335680,18530071,21440/8388608,21440
50800000,259600,98639528,18537709,0/8388608,0
50900000,259168,75924784,18548197,0/8388608,0
51000000,260048,53210784,18564195,21440/8388608,21440
51100000,260488,95513184,18572533,0/8388608,0
51200000,259928,72800048,18582130,21440/8388608,21440
51300000,260368,115100792,18590448,0/8388608,0
51400000,259904,92385168,18600757,0/8388608,0
51500000,260784,69673952,18616724,17152/8388608,21440
51600000,261224,111975664,18624985,0/8388608,0
51700000,260680,89261472,18635258,21440/8388608,21440
51800000,261560,66550360,18651201,0/8388608,0
51900000,260984,43835704,18660739,21440/8388608,21440
52000000,261424,86134744,18669093,0/8388608,0
52100000,260960,63419016,18679460,0/8388608,0
52200000,261840,40705456,18695471,21440/8388608,21440
52300000,262280,83008808,18703762,0/8388608,0
52400000,261720,60295464,18713862,21440/8388608,21440
52500000,262160,102596344,18721575,0/8388608,0
52600000,261728,79881504,18731858,0/8388608,0
52700000,262608,57165632,18748508,21456/8388608,21456
52800000,263048,99470248,18756159,0/8388608,0
52900000,262504,76755512,18766318,21440/8388608,21440
53000000,262944,119054296,18774630,0/8388608,0
53100000,262496,96340112,18784475,0/8388608,0
53200000,263376,73623328,18801181,21440/8388608,17152
53300000,263816,115924800,18809496,0/8388608,0
53400000,263224,93208960,18819080,21440/8388608,21440
53500000,262664,70493184,18829278,0/8388608,0
53600000,263544,47777192,18845306,21456/8388608,21456
53700000,263984,90076728,18853603,0/8388608,0
53800000,263552,67366072,18863182,0/8388608,0
53900000,264432,44652832,18879776,21440/8388608,21440
54000000,264872,86951976,18888029,0/8388608,0
54100000,264312,64238200,18897730,21456/8388608,21456
54200000,264752,106535416,18905996,0/8388608,0
54300000,264288,83820256,18916288,0/8388608,0
54400000,265168,61105920,18932236,21440/8388608,21440
54500000,265608,103404672,18940460,0/8388608,0
54600000,265048,80689320,18950684,21440/8388608,21440
54700000,265488,122988840,18958293,0/8388608,0
54800000,265056,100275776,18968755,0/8388608,0
54900000,265936,77564752,18985427,21456/8388608,21456
55000000,265376,54851496,18995008,0/8388608,0
55100000,265832,97152928,19003384,17168/8388608,21456
55200000,266712,74437960,19020075,0/8388608,0
55300000,266136,51723840,19029651,21440/8388608,21440
55400000,266576,94021976,19037897,0/8388608,0
55500000,266128,71306728,19048241,0/8388608,0
55600000,267008,48594184,19064217,21456/8388608,21456
55700000,267448,90893120,19072446,0/8388608,0
55800000,266872,68176752,19082668,21456/8388608,21456
55900000,267752,45461400,19099330,0/8388608,0
56000000,266880,87761368,19101400,0/8388608,0
56100000,267760,65047296,19118024,21440/8388608,21440
56200000,268200,107349112,19125776,0/8388608,0
56300000,267640,84636096,19135912,21456/8388608,21456
56400000,268080,126933720,19144214,0/8388608,0
56500000,267648,104218576,19153950,0/8388608,0
56600000,268528,81502832,19170493,21456/8388608,21456
56700000,268968,123804912,19178765,0/8388608,0
56800000,268848,36073776,19196729,21456/8388608,21456
56900000,269288,78375768,19204997,0/8388608,0
57000000,268744,55660672,19215169,21456/8388608,21456
57100000,269184,97961712,19223411,0/8388608,0
57200000,268720,75247136,19233774,0/8388608,0
57300000,269616,52533872,19249922,17152/8388608,17152
57400000,270056,94835864,19258246,0/8388608,0
57500000,269480,72121696,19268534,21456/8388608,21456
57600000,269920,114421968,19276825,0/8388608,0
57700000,269472,91709592,19287210,0/8388608,0
57800000,270352,68996544,19303814,21456/8388608,21456
57900000,270792,111297416,19312133,0/8388608,0
58000000,270216,88582240,19322475,21456/8388608,21456
58100000,269656,65868176,19332745,0/8388608,0
58200000,270536,43153440,19349406,21456/8388608,21456
58300000,270976,85452760,19357664,0/8388608,0
58400000,270104,127752000,19359682,0/8388608,0
58500000,270984,105036280,19376212,21440/8388608,21440
58600000,271880,82322000,19392668,0/8388608,0
58700000,271320,59604352,19402892,21456/8388608,21456
58800000,271760,101901424,19411175,0/8388608,0
58900000,271312,79187200,19421596,0/8388608,0
59000000,272192,56472016,19438114,21440/8388608,21440
59100000,272632,98771824,19446406,0/8388608,0
59200000,272072,76058552,19456591,21456/8388608,21456
59300000,272512,118357464,19464953,0/8388608,0
59400000,272080,95645104,19475247,0/8388608,0
59500000,272960,72932408,19491928,21440/8388608,21440
59600000,271960,115233048,19493358,0/8388608,0
59700000,272840,92518576,19509934,21440/8388608,17152
59800000,273720,69805136,19526515,0/8388608,0
59900000,273160,47089768,19537418,21440/8388608,21440
60000000,273600,89386880,19545655,17152/8388608,21440
60100000,273184,66675056,19555941,0/8388608,0
60200000,274064,43959560,19572676,21472/8388608,21472
60300000,274504,86260840,19580952,0/8388608,0
60400000,273960,63545832,19591183,21456/8388608,21456
60500000,274400,105846232,19599479,0/8388608,0
60600000,273968,83132752,19609913,0/8388608,0
60700000,274864,60415848,19627130,17152/8388608,21440
60800000,273864,102715544,19629041,0/8388608,0
60900000,274744,79999960,19645657,21440/8388608,21440
61000000,275184,122299792,19653943,0/8388608,0
61100000,274736,99584528,19664956,0/8388608,0
61200000,275616,76869984,19681692,21456/8388608,21456
61300000,275040,54158296,19691823,0/8388608,0
61400000,275480,96457888,19700100,21440/8388608,21440
61500000,276376,73741880,19717365,0/8388608,0
61600000,275944,51030432,19727569,21440/8388608,21440
61700000,276384,93330408,19735822,21440/8388608,17152
61800000,275824,70616384,19746608,0/8388608,0
61900000,276704,47901848,19763167,21440/8388608,21440
62000000,277144,90205112,19771413,0/8388608,0
62100000,276616,67490512,19782291,21440/8388608,21440
62200000,277056,109788880,19790525,0/8388608,0
62300000,276640,87072912,19801505,0/8388608,0
62400000,277536,64360728,19818697,21456/8388608,21456
62500000,277976,106658832,19826968,0/8388608,0
62600000,277384,83946752,19837247,21440/8388608,21440
62700000,277856,126245464,19846180,0/8388608,0
62800000,277408,103535032,19856577,0/8388608,0
62900000,278304,80822456,19873863,21456/8388608,21456
63000000,277744,58104624,19883953,0/8388608,0
63100000,278200,100407992,19892924,21440/8388608,21440
63200000,277752,77691296,19903790,0/8388608,0
63300000,278632,54977456,19920313,21440/8388608,21440
63400000,279088,97276992,19929226,0/8388608,0
63500000,278512,74562376,19940065,0/8388608,0
63600000,279392,51847872,19956581,21456/8388608,21456
63700000,278536,94149016,19959286,0/8388608,0
63800000,279432,71435424,19976506,17168/8388608,17168
63900000,280328,48718696,19993057,0/8388608,0
64000000,279312,91017520,19995456,0/8388608,0
64100000,280208,68304520,20012656,17152/8388608,21440
64200000,279664,45590544,20023477,0/8388608,0
64300000,280104,87889368,20031742,21456/8388608,21456
64400000,281000,65175200,20048958,0/8388608,0
64500000,280552,42462600,20059981,21440/8388608,17152
64600000,281008,84762672,20068924,21440/8388608,21440
64700000,280008,127062680,20070693,0/8388608,0
64800000,280904,104346328,20087900,21456/8388608,21456
64900000,281800,81632832,20105139,0/8388608,0
65000000,281352,58918832,20116011,21440/8388608,21440
65100000,281808,101218808,20124850,0/8388608,0
65200000,281248,78503968,20135659,0/8388608,0
65300000,282144,55787328,20152849,21456/8388608,21456
65400000,282600,98084424,20161808,0/8388608,0
65500000,282136,75373824,20172777,21440/8388608,21440
65600000,282592,117674104,20181638,0/8388608,0
65700000,282048,94962656,20191795,0/8388608,0
65800000,282976,72248112,20209034,21456/8388608,21456
65900000,283432,114548160,20217974,0/8388608,0
66000000,283000,91834432,20228871,21440/8388608,21440
66100000,283896,69120560,20245972,0/8388608,0
66200000,283320,46404760,20257293,21440/8388608,21440
66300000,283760,88706104,20265646,0/8388608,0
66400000,283184,65992736,20277140,0/8388608,0
66500000,284080,43279000,20294382,21440/8388608,21440
66600000,284536,85578328,20303333,0/8388608,0
66700000,284120,62865048,20314912,21456/8388608,21456
66800000,285016,40150768,20332288,0/8388608,0
66900000,283984,82451640,20334594,0/8388608,0
67000000,284896,59737560,20352512,21440/8388608,21440
67100000,284480,37025472,20363357,0/8388608,0
67200000,284936,79324320,20372205,17152/8388608,17152
67300000,285392,121622840,20381190,0/8388608,0
67400000,284832,98908168,20392555,0/8388608,0
67500000,285744,76190944,20410480,21440/8388608,21440
67600000,284840,118489504,20412477,0/8388608,0
67700000,285752,95777208,20430286,21456/8388608,21456
67800000,286664,73065520,20448181,0/8388608,0
67900000,286104,50351040,20459599,21456/8388608,21456
68000000,286560,92652440,20468602,21456/8388608,21456
68100000,286128,69937168,20480103,0/8388608,0
68200000,287040,47224392,20497464,21472/8388608,21472
68300000,287496,89524104,20506466,0/8388608,0
68400000,286936,66810040,20517771,21456/8388608,17152
68500000,287848,44095624,20535706,0/8388608,0
68600000,286944,86398344,20538257,0/8388608,0
68700000,287856,63684400,20556655,21456/8388608,21456
68800000,288312,105981656,20565600,0/8388608,0
68900000,287752,83269672,20576916,21440/8388608,21440
69000000,288208,125570072,20585863,0/8388608,0
69100000,287776,102857176,20597378,0/8388608,0
69200000,288688,80144320,20615232,21456/8388608,21456
69300000,288128,57427816,20627168,0/8388608,0
69400000,288584,99728832,20636099,21456/8388608,21456
69500000,289496,77010872,20654048,0/8388608,0
69600000,289048,54295808,20666025,21440/8388608,21440
69700000,289504,96596832,20674950,0/8388608,0
69800000,288944,73880656,20687048,0/8388608,0
69900000,289856,51164672,20704917,21440/8388608,21440
70000000,290312,93464288,20713854,0/8388608,0
70100000,289784,70749136,20725865,21456/8388608,17152
70200000,290240,113047024,20734799,0/8388608,0
70300000,289792,90334176,20746807,0/8388608,0
70400000,290704,67617520,20765205,21440/8388608,21440
70500000,291160,109916528,20774184,0/8388608,0
70600000,290600,87202008,20786142,21440/8388608,21440
70700000,291056,129501728,20794996,0/8388608,0
70800000,291112,41773200,20816746,21472/8388608,21472
70900000,291568,84071752,20825723,21472/8388608,21472
71000000,292024,126376656,20834640,0/8388608,0
71100000,291448,103665224,20847244,21456/8388608,21456
71200000,292360,80950968,20865601,0/8388608,0
71300000,291960,58235712,20877727,21472/8388608,21472
71400000,292872,35524592,20896118,0/8388608,0
71500000,291856,77826240,20899231,0/8388608,0
71600000,292768,55111328,20917785,21440/8388608,17152
71700000,293224,97412736,20926689,0/8388608,0
71800000,292824,74698176,20939540,21440/8388608,21440
71900000,293280,116998344,20948435,0/8388608,0
72000000,292704,94285968,20960915,0/8388608,0
72100000,293616,71574272,20979336,21440/8388608,21440
72200000,294072,113873864,20988832,0/8388608,0
72300000,293672,91160608,21000916,21440/8388608,21440
72400000,294584,68443888,21020116,0/8388608,0
72500000,293584,110741248,21023263,0/8388608,0
72600000,294496,88024696,21041244,21456/8388608,21456
72700000,294096,65307968,21053874,0/8388608,0
72800000,295008,42591344,21072925,21440/8388608,17152
72900000,295464,84892232,21082566,0/8388608,0
73000000,294904,62177224,21095174,21440/8388608,21440
73100000,295360,104480040,21104764,0/8388608,0
73200000,294944,81768984,21117619,0/8388608,0
73300000,295856,59056152,21136835,21440/8388608,21440
73400000,296312,101353896,21146321,0/8388608,0
73500000,295784,78640112,21158900,21440/8388608,21440
73600000,296696,55925400,21177991,0/8388608,0
73700000,295824,98224080,21181192,0/8388608,0
73800000,296736,75509152,21200874,21440/8388608,21440
73900000,297208,117806176,21210550,0/8388608,0
74000000,296712,95090272,21223239,17152/8388608,21440
74100000,297624,72375888,21242904,0/8388608,0
74200000,297192,49662096,21255648,21456/8388608,21456
74300000,297648,91960800,21265208,21456/8388608,21456
74400000,297120,69242920,21278467,0/8388608,0
74500000,297576,111539784,21288042,21440/8388608,17152
74600000,298488,88827496,21307634,0/8388608,0
74700000,298072,66112960,21320537,21456/8388608,21456
74800000,298984,43400192,21339589,21456/8388608,21456
74900000,298016,85704136,21343305,0/8388608,0
75000000,298944,62991688,21362453,21440/8388608,21440
75100000,299400,105290296,21372524,0/8388608,0
75200000,298984,82575560,21385860,21440/8388608,21440
75300000,299912,59860040,21405463,0/8388608,0
75400000,299072,102161608,21408637,0/8388608,0
75500000,299984,79446416,21428861,21440/8388608,21440
75600000,300440,121748440,21437929,0/8388608,0
75700000,299912,99033760,21451192,21456/8388608,21456
75800000,300824,76319232,21471482,0/8388608,0
75900000,300408,53601768,21485525,21440/8388608,21440
76000000,300880,95904864,21495691,21440/8388608,21440
76100000,300368,73191696,21509621,0/8388608,0
76200000,301296,50477664,21529317,21440/8388608,21440
76300000,301752,92778280,21539501,0/8388608,0
76400000,301336,70062944,21553398,21456/8388608,21456
76500000,301792,112360984,21562944,0/8388608,0
76600000,301296,89646744,21576613,0/8388608,0
76700000,302208,66933752,21596992,21440/8388608,21440
76800000,302664,109235560,21607057,0/8388608,0
76900000,302280,86518264,21621026,21440/8388608,17152
77000000,302736,128814392,21631111,0/8388608,0
77100000,302696,41087424,21655710,21440/8388608,21440
77200000,303152,83391088,21665807,21440/8388608,21440
77300000,302312,125693112,21669542,0/8388608,0
77400000,303224,102981336,21690414,21440/8388608,21440
77500000,304136,80266624,21710676,0/8388608,0
77600000,303624,57553072,21725212,21456/8388608,21456
77700000,304080,99856264,21735378,0/8388608,0
77800000,303712,77146256,21749970,0/8388608,0
77900000,304624,54431832,21770825,21440/8388608,21440
78000000,305080,96730936,21780936,0/8388608,0
78100000,304728,74016192,21795523,17152/8388608,21456
78200000,305640,51300656,21816394,0/8388608,0
78300000,304672,93599960,21820622,0/8388608,0
78400000,305584,70883472,21841450,21440/8388608,21440
78500000,306040,113181560,21851650,0/8388608,0
78600000,305688,90464656,21866753,17152/8388608,17152
78700000,306600,67745904,21887557,0/8388608,0
78800000,306104,45030552,21902710,21456/8388608,17152
78900000,306560,87330384,21912290,21456/8388608,21456
79000000,307016,129630648,21922492,0/8388608,0
79100000,307136,41900880,21947834,21440/8388608,21440
79200000,307592,84200400,21958598,0/8388608,0
79300000,307096,61486424,21974183,21440/8388608,21440
79400000,308024,38772808,21995722,0/8388608,0
79500000,307216,81072808,22000617,0/8388608,0
79600000,308128,58359792,22021599,21440/8388608,21440
79700000,308584,100660024,22032343,0/8388608,0
79800000,308232,77945520,22047535,21456/8388608,21456
79900000,308720,120244512,22058968,0/8388608,0
80000000,308240,97530256,22074620,0/8388608,0
80100000,309184,74814096,22096722,21440/8388608,21440
80200000,309640,117112640,22107519,0/8388608,0
80300000,309288,94397280,22123272,21456/8388608,21456
80400000,310232,71687328,22145447,0/8388608,0
80500000,309264,113986040,22149667,0/8388608,0
80600000,310208,91271392,22171714,21440/8388608,21440
80700000,309824,68558400,22187498,0/8388608,0
80800000,310328,110856096,22198915,21440/8388608,21440
80900000,311272,88139816,22221048,0/8388608,0
81000000,310952,65425816,22237501,21440/8388608,21440
81100000,311440,107724680,22248901,0/8388608,0
81200000,310880,85012352,22264556,0/8388608,0
81300000,311856,62299336,22287420,21456/8388608,21456
81400000,312344,104599272,22298839,0/8388608,0
81500000,312008,81887528,22315263,21440/8388608,21440
81600000,312496,124184736,22326597,0/8388608,0
81700000,311968,101470024,22342836,0/8388608,0
81800000,312944,78754240,22365556,21440/8388608,21440
81900000,313432,121051592,22376855,0/8388608,0
82000000,313048,98335104,22393854,21440/8388608,21440
82100000,314024,75620064,22417279,0/8388608,0
82200000,313640,52906008,22433530,21440/8388608,17152
82300000,314144,95203280,22445533,21440/8388608,21440
82400000,313664,72487888,22462424,0/8388608,0
82500000,314672,49769824,22485874,21440/8388608,21440
82600000,315160,92068984,22497335,0/8388608,0
82700000,314744,69356912,22514787,21440/8388608,21440
82800000,315720,46644616,22538933,0/8388608,0
82900000,314864,88941216,22543993,0/8388608,0
83000000,315840,66226368,22568175,21440/8388608,21440
83100000,316328,108523256,22580212,0/8388608,0
83200000,315864,85809144,22597664,21440/8388608,21440
83300000,316840,63093768,22621618,0/8388608,0
83400000,316488,40382016,22639869,21440/8388608,21440
83500000,316976,82680104,22651873,17152/8388608,21440
83600000,317464,124979992,22663954,0/8388608,0
83700000,317080,102263352,22682116,21440/8388608,21440
83800000,318056,79549824,22706118,0/8388608,0
83900000,317592,56834448,22724099,21440/8388608,21440
84000000,318080,99133720,22736618,21440/8388608,21440
84100000,317712,76417464,22754786,0/8388608,0
84200000,318688,53706112,22779294,21456/8388608,21456
84300000,319176,96010904,22791888,0/8388608,0
84400000,318856,73299184,22810692,21440/8388608,21440
84500000,319832,50587160,22835160,0/8388608,0
84600000,318880,92884600,22841334,0/8388608,0
84700000,319872,70172464,22867069,21456/8388608,21456
84800000,320360,112470352,22879705,0/8388608,0
84900000,320040,89755952,22898424,21440/8388608,21440
85000000,321016,67040920,22924349,0/8388608,0
85100000,320680,44327656,22943185,21440/8388608,21440
85200000,321168,86626840,22956441,21440/8388608,21440
85300000,321656,128927184,22969045,0/8388608,0
85400000,321680,41194144,23001665,21456/8388608,21456
85500000,322168,83495464,23014869,0/8388608,0
85600000,321896,60779544,23034965,21456/8388608,21456
85700000,322888,38065400,23061346,21456/8388608,21456
85800000,322096,80365912,23067493,0/8388608,0
85900000,323072,57649280,23093905,21440/8388608,21440
86000000,323592,99949384,23107780,0/8388608,0
86100000,323240,77233288,23127290,17152/8388608,21440
86200000,324248,54519616,23154451,0/8388608,0
86300000,323328,96819712,23161150,0/8388608,0
86400000,324336,74104832,23187998,17152/8388608,21440
86500000,324856,116404856,23201890,0/8388608,0
86600000,324520,93691392,23221935,21440/8388608,21440
86700000,325560,70977992,23249211,0/8388608,0
86800000,325304,48264536,23270337,21440/8388608,21440
86900000,325824,90564992,23284154,21440/8388608,21440
87000000,325488,67848704,23305199,0/8388608,0
87100000,326544,45134632,23332986,21440/8388608,17152
87200000,327064,87434648,23347470,0/8388608,0
87300000,326584,64718312,23369270,21456/8388608,21456
87400000,327104,107017512,23383070,21456/8388608,21456
87500000,326768,84300392,23404822,0/8388608,0
87600000,327808,61585368,23433598,21440/8388608,21440
87700000,328328,103885920,23447433,0/8388608,0
87800000,328024,81172472,23469725,21472/8388608,21472
87900000,329064,58455968,23499191,0/8388608,0
88000000,328224,100755776,23507068,0/8388608,0
88100000,329264,78043312,23536537,21456/8388608,21456
88200000,329784,120341768,23550985,0/8388608,0
88300000,329512,97625128,23574218,21440/8388608,21440
88400000,330552,74914120,23604323,0/8388608,0
88500000,330264,52198960,23627902,21456/8388608,21456
88600000,330784,94499152,23642911,21456/8388608,21456
88700000,330352,71783408,23666327,0/8388608,0
88800000,331392,49068640,23697050,21440/8388608,21440
88900000,331912,91368952,23712094,0/8388608,0
89000000,331640,68655944,23736840,21456/8388608,21456
89100000,332160,110957728,23751929,21456/8388608,21456
89200000,331920,88245144,47513758,0/8388608,0
89300000,332992,65532416,23808962,21440/8388608,21440
89400000,333512,107833936,23824680,0/8388608,0
89500000,333288,85117736,23850275,21440/8388608,21440
89600000,334328,62402584,23881461,0/8388608,0
89700000,334056,39691040,23907504,21440/8388608,21440
89800000,334592,81991560,23923851,21440/8388608,21440
89900000,335128,124290944,23940089,0/8388608,0
90000000,334920,101576112,23965950,21440/8388608,21440
90100000,335992,78863520,23999073,0/8388608,0
90200000,335736,56147656,24025632,21456/8388608,21456
90300000,336272,98448640,24042462,21456/8388608,21456
90400000,336032,75733384,24069084,0/8388608,0
90500000,337104,53020768,24103460,21440/8388608,21440
90600000,337640,95318176,24120277,0/8388608,0
90700000,337416,72606928,24148001,21440/8388608,21440
90800000,338488,49892488,24182572,21440/8388608,21440
90900000,337744,92194224,24193682,0/8388608,0
91000000,338816,69478400,24229418,21440/8388608,21440
91100000,339352,111775288,24247074,0/8388608,0
91200000,339160,89061848,24276126,21456/8388608,21456
91300000,340232,66347584,24312188,0/8388608,0
91400000,340072,43630824,24342091,21440/8388608,21440
91500000,340608,85933896,24360310,21440/8388608,21440
91600000,341176,128230920,24379089,0/8388608,0
91700000,341048,105516520,24409730,17152/8388608,21440
91800000,342184,82802536,24447230,0/8388608,0
91900000,342008,60086456,24478079,21440/8388608,21440
92000000,342576,102389248,24497451,21440/8388608,21440
92100000,343712,79673904,24535594,0/8388608,0
92200000,343520,56959064,24567760,21440/8388608,21440
92300000,344088,99262072,24587194,0/8388608,0
92400000,343928,76549424,24619762,21440/8388608,21440
92500000,344512,118849032,24639087,21440/8388608,21440
92600000,344336,96133176,24671771,0/8388608,0
92700000,345472,73418968,24712393,21440/8388608,21440
92800000,346040,115717704,24733088,0/8388608,0
92900000,345928,93002832,24767844,21440/8388608,21440
93000000,347064,70288944,24808949,0/8388608,0
93100000,347112,47574200,24844842,21440/8388608,21440
93200000,347712,89875800,24866070,21440/8388608,21440
93300000,347632,67161088,24903293,0/8388608,0
93400000,348232,109459728,24924398,21456/8388608,17152
93500000,349432,86746992,24968610,0/8388608,0
93600000,349288,64030248,25005839,21440/8388608,21440
93700000,350488,41316456,25051231,21440/8388608,21440
93800000,349808,83616448,50072734,0/8388608,0
93900000,351008,60899944,25112990,21440/8388608,21440
94000000,351640,103201064,25136664,0/8388608,0
94100000,351704,80485832,25176683,21440/8388608,21440
94200000,352968,57771472,25224606,21440/8388608,21440
94300000,352304,100072584,25241987,0/8388608,0
94400000,353568,77356520,25290483,21456/8388608,21456
94500000,354200,119654856,25314641,0/8388608,0
94600000,354280,96942248,25357904,21440/8388608,21440
94700000,355544,74225328,25408353,8576/8388608,8576
94800000,354864,116521152,25427524,0/8388608,0
94900000,356144,93808104,25479353,21440/8388608,21440
95000000,357440,71093248,25532180,0/8388608,0
95100000,357568,48378712,25580088,21440/8388608,21440
95200000,358232,90680104,25607436,0/8388608,0
95300000,358264,67968808,25656675,21440/8388608,21440
95400000,358928,110267408,25684680,21440/8388608,21440
95500000,359168,87553320,51391639,0/8388608,0
95600000,360528,64839272,25793369,21440/8388608,21440
95700000,361208,107140496,25822502,0/8388608,0
95800000,361400,84428384,25875410,21440/8388608,21440
95900000,362840,61713184,25937521,0/8388608,0
96000000,362272,104016832,25961861,0/8388608,0
96100000,363712,81305376,26025934,21456/8388608,21456
96200000,364424,123606408,26058046,0/8388608,0
96300000,364920,100893816,26117195,21456/8388608,21456
96400000,366664,78178544,26185022,0/8388608,0
96500000,366112,120476920,26212761,0/8388608,0
96600000,367856,97764728,26283260,21440/8388608,21440
96700000,369616,75049952,26354233,0/8388608,0
96800000,369728,52334064,26419984,21456/8388608,21456
96900000,370648,94634808,26458057,0/8388608,0
97000000,371000,71922336,26528523,21440/8388608,21440
97100000,372856,49206744,26608836,21440/8388608,21440
97200000,372128,91509608,26644049,0/8388608,0
97300000,374032,68796824,26728540,21440/8388608,17152
97400000,375016,111097592,26772508,0/8388608,0
97500000,375352,88382208,26854595,21456/8388608,21456
97600000,377352,65669376,26947844,21456/8388608,21456
97700000,378352,107968392,26995512,0/8388608,0
97800000,378880,85255704,27086066,17152/8388608,17152
97900000,379944,127557424,27136888,0/8388608,0
98000000,381712,39828696,27288551,21456/8388608,21456
98100000,382824,82129216,27345458,21456/8388608,17168
98200000,383936,124430304,27402013,0/8388608,0
98300000,384720,101715368,27514378,21440/8388608,21440
98400000,387104,79000784,27639902,0/8388608,0
98500000,388240,56287408,27766596,21440/8388608,21440
98600000,389528,98590008,27837075,0/8388608,0
98700000,390792,75874000,27975726,21440/8388608,17152
98800000,393560,53158240,28134378,21440/8388608,17152
98900000,395008,95459256,28219445,0/8388608,0
99000000,396688,72743984,28392963,21440/8388608,21440
99100000,400160,50030256,28592995,0/8388608,0
99200000,400808,92330160,28693044,21440/8388608,17152
99300000,404744,69614224,28929536,17152/8388608,21440
99400000,407592,46896800,29195117,21456/8388608,17168
99500000,409952,89196952,29348470,21456/8388608,21456
99600000,415440,66484000,29703158,0/8388608,0
99700000,417272,108781456,29902025,21440/8388608,21440
99800000,424952,86068392,30424883,21440/8388608,21440
99900000,429824,128369024,30767730,0/8388608,0
