opseq,index_size,memtable_size,sst_size,block_cache/block_cache_capacity,block_cache_pinned_usage
100,0,61136,0,0/8388608,0
200,0,117168,0,0/8388608,0
300,0,173256,0,0/8388608,0
400,0,229312,0,0/8388608,0
500,0,285376,0,0/8388608,0
600,0,341448,0,0/8388608,0
700,0,397560,0,0/8388608,0
800,0,453664,0,0/8388608,0
900,0,509824,0,0/8388608,0
1000,0,565920,0,0/8388608,0
1500,0,846416,0,0/8388608,0
2000,0,1126880,0,0/8388608,0
2500,0,1407440,0,0/8388608,0
3000,0,1687984,0,0/8388608,0
3500,0,1968528,0,0/8388608,0
4000,0,2249056,0,0/8388608,0
4500,0,2529544,0,0/8388608,0
5000,0,2809968,0,0/8388608,0
6000,0,3371032,0,0/8388608,0
7000,0,3931984,0,0/8388608,0
8000,0,4492760,0,0/8388608,0
9000,0,5053744,0,0/8388608,0
10000,0,5614720,0,0/8388608,0
15000,0,8424136,0,0/8388608,0
20000,0,11229288,0,0/8388608,0
25000,0,14034568,0,0/8388608,0
30000,0,16844344,0,0/8388608,0
35000,0,19649688,0,0/8388608,0
40000,0,22455000,0,0/8388608,0
45000,0,25265000,0,0/8388608,0
50000,0,28070424,0,0/8388608,0
60000,0,33685768,0,0/8388608,0
70000,0,39296488,0,0/8388608,0
80000,0,44911296,0,0/8388608,0
90000,0,50525104,0,0/8388608,0
100000,0,56135496,0,0/8388608,0
150000,0,84208048,0,0/8388608,0
200000,46488,47228824,2826108,0/8388608,0
250000,46488,75286608,2826108,0/8388608,0
300000,54864,38300592,3326233,0/8388608,0
350000,54864,66356752,3326233,0/8388608,0
400000,60120,29397336,3632452,0/8388608,0
450000,60120,57451760,3632452,0/8388608,0
500000,60120,85508528,3632452,0/8388608,0
600000,63480,76602944,3822517,0/8388608,0
700000,66672,67698592,4002974,0/8388608,0
800000,69384,58794928,4154081,0/8388608,0
900000,71840,49890680,4285123,0/8388608,0
1000000,73976,40985776,4400543,0/8388608,0
1100000,74896,32081416,4492999,0/8388608,0
1200000,76776,23176976,4586975,0/8388608,0
1300000,76776,79286080,4586975,0/8388608,0
1400000,78544,70380176,4672626,0/8388608,0
1500000,80120,61474936,4752673,0/8388608,0
1600000,80320,52569720,4817303,0/8388608,0
1700000,81784,43666808,4887496,0/8388608,0
1800000,83200,34763632,4952764,0/8388608,0
1900000,84552,25861480,5015023,19200/8388608,19200
2000000,83224,81971384,10022252,0/8388608,0
2100000,84560,73066328,5066200,0/8388608,0
2200000,85864,64161624,5122660,0/8388608,0
2300000,87120,55256832,5176374,0/8388608,0
2400000,88344,46352360,5228203,0/8388608,0
2500000,87776,37447256,5269469,0/8388608,0
2600000,88840,28539432,5316611,0/8388608,0
2700000,88840,84649176,5316611,0/8388608,0
2800000,89872,75744776,5362365,0/8388608,0
2900000,90872,66839312,5406297,0/8388608,0
3000000,90784,57933552,5442163,0/8388608,0
3100000,91768,49025624,5482985,0/8388608,0
3200000,92720,40120336,5522383,0/8388608,0
3300000,93672,31215304,5561570,19200/8388608,19200
3400000,92248,87324360,5554188,0/8388608,0
3500000,93168,78417568,5591639,0/8388608,0
3600000,94088,69514344,5628264,0/8388608,0
3700000,95008,60609448,5664054,0/8388608,0
3800000,95896,51705616,5698997,0/8388608,0
3900000,95424,42800424,5726408,0/8388608,0
4000000,96312,33893832,5759814,0/8388608,0
4100000,97184,24990464,5792284,0/8388608,0
4200000,97184,81099384,5792284,0/8388608,0
4300000,98056,72192136,5824095,0/8388608,0
4400000,97520,63287704,5848872,0/8388608,0
4500000,98360,54382752,5879484,0/8388608,0
4600000,99200,45478296,5909197,0/8388608,0
4700000,99200,101589632,5909197,0/8388608,0
4800000,100040,92681248,5938133,0/8388608,0
4900000,99472,83775056,5960327,0/8388608,0
5000000,100280,74866960,5988333,0/8388608,0
5100000,101088,65962720,6016161,0/8388608,0
5200000,101896,57057664,6043529,0/8388608,0
5300000,101152,48154232,6063734,0/8388608,0
5400000,101928,39247560,6089628,0/8388608,0
5500000,102704,30345512,6115559,0/8388608,0
5600000,103480,21441312,6141038,19200/8388608,19200
5700000,101976,77552768,12275643,0/8388608,0
5800000,102752,68647752,6159901,0/8388608,0
5900000,103528,59741288,6184859,0/8388608,0
6000000,104304,50836352,6209218,0/8388608,0
6100000,105064,41929440,6233056,19216/8388608,19216
6200000,104208,33023464,6250365,0/8388608,0
6300000,104968,24119248,6273601,0/8388608,0
6400000,104968,80228976,6273601,0/8388608,0
6500000,105728,71324384,6296337,0/8388608,0
6600000,106488,62419384,6318953,0/8388608,0
6700000,105680,53516872,6335679,0/8388608,0
6800000,106440,44612792,6357517,0/8388608,0
6900000,107200,35707384,6379594,0/8388608,0
7000000,107928,26803496,6401132,19200/8388608,19200
7100000,106344,82914624,12796049,0/8388608,0
7200000,107072,74010280,6416039,0/8388608,0
7300000,107800,65105328,6437509,0/8388608,0
7400000,108528,56200440,6458381,0/8388608,0
7500000,109256,47296216,6479064,0/8388608,0
7600000,108304,38391872,6493436,0/8388608,0
7700000,109032,29490392,6513574,0/8388608,0
7800000,109032,85596984,6513574,0/8388608,0
7900000,109760,76691056,6533327,0/8388608,0
8000000,110488,67784760,6552464,0/8388608,0
8100000,109488,58877272,6565443,0/8388608,0
8200000,110184,49973000,6584618,0/8388608,0
8300000,110880,41067552,6604016,0/8388608,0
8400000,111576,32162064,6622543,15360/8388608,19200
8500000,109944,88271080,13238978,0/8388608,0
8600000,110640,79366800,6635328,0/8388608,0
8700000,111336,70461632,6654231,0/8388608,0
8800000,112032,61556032,6672698,0/8388608,0
8900000,112728,52650272,6691257,0/8388608,0
9000000,111776,43746520,6703178,0/8388608,0
9100000,112344,34844120,6720603,0/8388608,0
9200000,112912,25939736,6738068,0/8388608,0
9300000,112912,82048632,6738068,0/8388608,0
9400000,113480,73144160,6755600,0/8388608,0
9500000,112704,64236456,6767184,0/8388608,0
9600000,113272,55331664,6784427,0/8388608,0
9700000,113808,46424736,6801415,0/8388608,0
9800000,114344,37520912,6818257,19200/8388608,19200
9900000,114344,93629808,6818257,0/8388608,0
10000000,113744,84725416,6829388,0/8388608,0
10100000,114280,75819816,6846125,0/8388608,0
10200000,114816,66913344,6862890,0/8388608,0
10300000,115352,58006944,6879413,0/8388608,0
10400000,114784,49103112,6890063,0/8388608,0
10500000,115320,40196416,6906054,0/8388608,0
10600000,115856,31290936,6922369,0/8388608,0
10700000,116392,22385232,6938086,19200/8388608,19200
10800000,116392,78493392,6938086,0/8388608,0
10900000,115792,69588832,6948497,0/8388608,0
11000000,116328,60681872,6964159,0/8388608,0
11100000,116864,51776832,6979541,0/8388608,0
11200000,117400,42873352,6995274,19200/8388608,19200
11300000,116120,98981640,13984884,0/8388608,0
11400000,117192,25063136,7020119,0/8388608,0
11500000,117192,81172816,7020119,0/8388608,0
11600000,117728,72268888,7035511,0/8388608,0
11700000,118264,63362968,7050563,0/8388608,0
11800000,117600,54455400,7059738,0/8388608,0
11900000,118120,45552248,7074266,0/8388608,0
12000000,118640,36646784,7089046,0/8388608,0
12100000,119160,27742576,7103544,15360/8388608,19200
12200000,119160,83852680,7103544,0/8388608,0
12300000,118560,74947576,7112808,0/8388608,0
12400000,119080,66044832,7127060,0/8388608,0
12500000,119600,57137680,7141581,0/8388608,0
12600000,120120,48232952,7155925,0/8388608,0
12700000,119328,39327160,7164415,0/8388608,0
12800000,119848,30422168,7178761,0/8388608,0
12900000,119848,86532152,7178761,0/8388608,0
13000000,120384,77627784,7192783,0/8388608,0
13100000,120904,68724024,7206449,0/8388608,0
13200000,120224,59818040,7215313,0/8388608,0
13300000,120744,50913824,7229506,0/8388608,0
13400000,121264,42010288,7243216,0/8388608,0
13500000,121784,33104888,7256945,19200/8388608,19200
13600000,121784,89214280,7256945,0/8388608,0
13700000,120992,80310288,7265052,0/8388608,0
13800000,121512,71404848,7278401,0/8388608,0
13900000,122032,62500136,7292093,0/8388608,0
14000000,122568,53597696,7305342,0/8388608,0
14100000,121856,44690712,7313451,0/8388608,0
14200000,122376,35785184,7326298,0/8388608,0
14300000,122896,26881208,7339457,0/8388608,0
14400000,122896,82990232,7339457,0/8388608,0
14500000,123416,74087712,7352858,0/8388608,0
14600000,122592,65182400,7360305,0/8388608,0
14700000,123112,56275856,7373405,0/8388608,0
14800000,123632,47369040,7386234,0/8388608,0
14900000,124152,38463568,7399317,19216/8388608,19216
15000000,122952,94574760,7393942,0/8388608,0
15100000,123472,85666952,7406620,0/8388608,0
15200000,123992,76761512,7419347,0/8388608,0
15300000,124512,67854016,7432231,0/8388608,0
15400000,125032,58949736,7444806,0/8388608,0
15500000,124128,50044336,7451648,0/8388608,0
15600000,124648,41137568,7464342,0/8388608,0
15700000,125136,32230504,7476510,0/8388608,0
15800000,125136,88341928,7476510,0/8388608,0
15900000,125624,79435424,7488924,0/8388608,0
16000000,124816,70532632,7495878,0/8388608,0
16100000,125304,61626856,7508233,0/8388608,0
16200000,125792,52723584,7520360,0/8388608,0
16300000,126280,43817584,7532874,0/8388608,0
16400000,125648,34912752,7539734,0/8388608,0
16500000,126136,26007832,7551673,0/8388608,0
16600000,126136,82117344,7551673,0/8388608,0
16700000,126624,73211808,7563889,0/8388608,0
16800000,127112,64309320,7575767,0/8388608,0
16900000,126304,55407960,7582450,0/8388608,0
17000000,126792,46502880,7593965,0/8388608,0
17100000,127280,37597672,7606114,0/8388608,0
17200000,127768,28692360,7617770,15360/8388608,19200
17300000,127768,84802848,7617770,0/8388608,0
17400000,126976,75898136,7624447,0/8388608,0
17500000,127480,66994864,7636129,0/8388608,0
17600000,127968,58090200,7647785,0/8388608,0
17700000,128456,49184216,7659579,19216/8388608,19216
17800000,127632,40279392,7665115,0/8388608,0
17900000,128120,31374584,7676814,0/8388608,0
18000000,128608,22468184,7688198,0/8388608,0
18100000,128608,78576496,7688198,0/8388608,0
18200000,129096,69670416,7699768,0/8388608,0
18300000,128400,60763336,7705861,0/8388608,0
18400000,128888,51857264,7717423,0/8388608,0
18500000,129376,42950376,7728894,0/8388608,0
18600000,129864,34044880,7740288,19200/8388608,19200
18700000,129864,90154392,7740288,0/8388608,0
18800000,129072,81250576,7746096,0/8388608,0
18900000,129560,72345344,7757285,0/8388608,0
19000000,130048,63438656,7768868,0/8388608,0
19100000,130536,54532336,7779965,0/8388608,0
19200000,129680,45625040,7785591,0/8388608,0
19300000,130168,36720848,7796802,0/8388608,0
19400000,130656,27818008,7808185,0/8388608,0
19500000,130656,83929216,7808185,0/8388608,0
19600000,131144,75023888,7819176,0/8388608,0
19700000,130304,66120448,7824795,0/8388608,0
19800000,130792,57213024,7835545,0/8388608,0
19900000,131280,48309248,7846539,0/8388608,0
20000000,131768,39405696,7857178,19216/8388608,19216
20100000,131768,95516848,7857178,0/8388608,0
20200000,130912,86613272,7862249,0/8388608,0
20300000,131400,77708272,7873331,0/8388608,0
20400000,131888,68806376,7884148,0/8388608,0
20500000,132376,59898088,7894944,0/8388608,0
20600000,131664,50992544,7900301,0/8388608,0
20700000,132152,42088312,7910721,0/8388608,0
20800000,132640,33183192,7921432,0/8388608,0
20900000,133128,24281384,7932156,19216/8388608,19216
21000000,133128,80388648,7932156,0/8388608,0
21100000,132256,71483440,7936779,0/8388608,0
21200000,132744,62575608,7947244,0/8388608,0
21300000,133248,53669800,7957590,0/8388608,0
21400000,133736,44766760,7967839,19200/8388608,19200
21500000,133736,100877016,7967839,0/8388608,0
21600000,133384,26958696,7982868,0/8388608,0
21700000,133384,83068520,7982868,0/8388608,0
21800000,133872,74161280,7993400,0/8388608,0
21900000,134360,65256688,8003813,0/8388608,0
22000000,133472,56348896,8008784,0/8388608,0
22100000,133960,47443504,8019244,0/8388608,0
22200000,134416,38538784,8029236,0/8388608,0
22300000,134904,29631816,8039714,19216/8388608,19216
22400000,134904,85741208,8039714,0/8388608,0
22500000,134000,76838608,8044172,0/8388608,0
22600000,134488,67933984,8054651,0/8388608,0
22700000,134944,59032808,8064816,0/8388608,0
22800000,135400,50131096,8074887,0/8388608,0
22900000,135400,106240568,8074887,0/8388608,0
23000000,135080,32321432,8090024,0/8388608,0
23100000,135536,23416408,8099831,0/8388608,0
23200000,135536,79527648,8099831,0/8388608,0
23300000,135992,70625120,8109916,0/8388608,0
23400000,135152,61720488,8114639,0/8388608,0
23500000,135608,52815248,8124748,0/8388608,0
23600000,136064,43912344,8134889,0/8388608,0
23700000,136520,35007616,8144595,19200/8388608,19200
23800000,136520,91117840,8144595,0/8388608,0
23900000,135744,82214600,8149363,0/8388608,0
24000000,136200,73309144,8159028,0/8388608,0
24100000,136656,64404616,8169096,0/8388608,0
24200000,137112,55501968,8179081,0/8388608,0
24300000,136320,46598200,8183486,0/8388608,0
24400000,136776,37693008,8193524,0/8388608,0
24500000,137232,28784280,8203280,0/8388608,0
24600000,137232,84894440,8203280,0/8388608,0
24700000,137688,75991656,8213097,0/8388608,0
24800000,136880,67085656,8217397,0/8388608,0
24900000,137336,58180192,8227223,0/8388608,0
25000000,137792,49278488,8237009,0/8388608,0
25100000,138248,40377328,8246452,19200/8388608,19200
25200000,138248,96487152,8246452,0/8388608,0
25300000,137440,87582384,8250863,0/8388608,0
25400000,137896,78676624,8260608,0/8388608,0
25500000,138352,69773008,8270399,0/8388608,0
25600000,138808,60867608,8279856,0/8388608,0
25700000,137968,51964448,8284196,0/8388608,0
25800000,138440,43061224,8293550,0/8388608,0
25900000,138896,34156704,8303067,0/8388608,0
26000000,139352,25252808,8312767,19200/8388608,19200
26100000,139352,81361272,8312767,0/8388608,0
26200000,138528,72457792,8316698,0/8388608,0
26300000,138984,63551336,8326102,0/8388608,0
26400000,139440,54645672,8335497,0/8388608,0
26500000,139896,45739176,8344957,15360/8388608,15360
26600000,138616,101847968,8339596,0/8388608,0
26700000,139528,27926488,8358293,0/8388608,0
26800000,139528,84035368,8358293,0/8388608,0
26900000,139984,75131352,8367840,0/8388608,0
27000000,140440,66223616,8377225,0/8388608,0
27100000,139600,57317408,8381268,0/8388608,0
27200000,140056,48413160,8390559,0/8388608,0
27300000,140512,39508640,8399569,0/8388608,0
27400000,140968,30604360,8409123,15360/8388608,19200
27500000,140968,86712504,8409123,0/8388608,0
27600000,140160,77808208,8413356,0/8388608,0
27700000,140616,68901280,8422436,0/8388608,0
27800000,141072,59994216,8431633,0/8388608,0
27900000,141528,51088560,8441187,19216/8388608,19216
28000000,141528,107201392,8441187,0/8388608,0
28100000,141160,33280688,8453935,0/8388608,0
28200000,141616,24375464,8463447,0/8388608,0
28300000,141616,80486384,8463447,0/8388608,0
28400000,142072,71581664,8472594,0/8388608,0
28500000,141200,62675048,8476348,0/8388608,0
28600000,141656,53770016,8485533,0/8388608,0
28700000,142112,44864616,8495074,0/8388608,0
28800000,142568,35961408,8504175,19200/8388608,19200
28900000,142568,92069992,8504175,0/8388608,0
29000000,141760,83164656,8507508,0/8388608,0
29100000,142232,74260760,8516638,0/8388608,0
29200000,142688,65356528,8525775,0/8388608,0
29300000,143144,56450688,8534930,0/8388608,0
29400000,142272,47546456,8538553,0/8388608,0
29500000,142728,38644400,8547806,0/8388608,0
29600000,143184,29739016,8556813,0/8388608,0
29700000,143640,20835168,8565663,19200/8388608,19200
29800000,143640,76943600,8565663,0/8388608,0
29900000,142784,68037176,8569294,0/8388608,0
30000000,143240,59132640,8578517,0/8388608,0
30100000,143696,50226768,8587267,0/8388608,0
30200000,144152,41319824,8596522,19200/8388608,19200
30300000,144152,97429200,8596522,0/8388608,0
30400000,143328,88523896,8599934,0/8388608,0
30500000,143784,79618624,8609130,0/8388608,0
30600000,144240,70715024,8618003,0/8388608,0
30700000,144696,61808424,8626989,0/8388608,0
30800000,143824,52905632,8630238,0/8388608,0
30900000,144280,44000888,8639090,0/8388608,0
31000000,144736,35097032,8648277,0/8388608,0
31100000,145192,26191480,8657113,19200/8388608,19200
31200000,145192,82300288,8657113,0/8388608,0
31300000,144352,73395712,8660427,0/8388608,0
31400000,144808,64491696,8669278,0/8388608,0
31500000,145264,55589480,8677741,0/8388608,0
31600000,145720,46684632,8686625,19200/8388608,19200
31700000,144280,102794216,8681375,0/8388608,0
31800000,145208,28875528,8698907,0/8388608,0
31900000,145208,84984352,8698907,0/8388608,0
32000000,145664,76076896,8707675,0/8388608,0
32100000,146120,67173008,8716377,0/8388608,0
32200000,145232,58263912,8719917,0/8388608,0
32300000,145688,49359176,8728621,0/8388608,0
32400000,146144,40451936,8737526,0/8388608,0
32500000,146600,31547528,8746299,15360/8388608,15360
32600000,146600,87658648,8746299,0/8388608,0
32700000,145744,78754096,8749423,0/8388608,0
32800000,146200,69849448,8758277,0/8388608,0
32900000,146656,60942856,8767102,0/8388608,0
33000000,147112,52037920,8775950,19200/8388608,19200
33100000,147112,108146080,8775950,0/8388608,0
33200000,146696,34226992,8787814,0/8388608,0
33300000,147152,25324400,8795908,0/8388608,0
33400000,147152,81434536,8795908,0/8388608,0
33500000,147608,72529520,8804687,0/8388608,0
33600000,146752,63622296,8807513,0/8388608,0
33700000,147208,54718608,8816050,0/8388608,0
33800000,147664,45814616,8824479,0/8388608,0
33900000,148120,36910480,8833463,19200/8388608,19200
34000000,148120,93019232,8833463,0/8388608,0
34100000,147248,84116648,8837085,0/8388608,0
34200000,147704,75211120,8845670,0/8388608,0
34300000,148160,66307904,8854378,0/8388608,0
34400000,148616,57404112,8862830,0/8388608,0
34500000,147304,113511632,8857468,0/8388608,0
34600000,148216,39593072,8874437,0/8388608,0
34700000,148672,30688600,8883122,0/8388608,0
34800000,148672,86798480,8883122,0/8388608,0
34900000,149128,77891048,8891741,0/8388608,0
35000000,148240,68990840,8894773,0/8388608,0
35100000,148696,60083336,8903404,0/8388608,0
35200000,149152,51179648,8911939,0/8388608,0
35300000,149608,42278632,8920453,19216/8388608,19216
35400000,149608,98388240,8920453,0/8388608,0
35500000,149192,24468320,8932495,0/8388608,0
35600000,149192,80579072,8932495,0/8388608,0
35700000,149648,71676032,8940959,0/8388608,0
35800000,150104,62768744,8949376,0/8388608,0
35900000,149120,53862576,8952477,0/8388608,0
36000000,149592,44955304,8960716,0/8388608,0
36100000,150048,36052096,8969196,0/8388608,0
36200000,150504,27147904,8977713,19200/8388608,19200
36300000,150504,83257296,8977713,0/8388608,0
36400000,149584,74352064,8980748,0/8388608,0
36500000,150040,65448384,8989272,0/8388608,0
36600000,150496,56544160,8997764,0/8388608,0
36700000,150968,47639400,9006239,15360/8388608,19200
36800000,149640,103749528,9000883,0/8388608,0
36900000,150552,29832856,9017337,0/8388608,0
37000000,151008,20928496,9025857,0/8388608,0
37100000,151008,77035408,9025857,0/8388608,0
37200000,151464,68133040,9034388,0/8388608,0
37300000,150576,59229640,9037301,0/8388608,0
37400000,151032,50323432,9045905,0/8388608,0
37500000,151504,41418368,9054290,0/8388608,0
37600000,151960,32515096,9062786,19200/8388608,19200
37700000,151960,88625096,9062786,0/8388608,0
37800000,151056,79717344,9065448,0/8388608,0
37900000,151512,70813632,9073873,0/8388608,0
38000000,151984,61908400,9082222,0/8388608,0
38100000,152440,53003632,9090680,19200/8388608,19200
38200000,151096,109111384,9085331,0/8388608,0
38300000,152008,35191912,9102116,0/8388608,0
38400000,152464,26285496,9110518,0/8388608,0
38500000,152464,82396040,9110518,0/8388608,0
38600000,152920,73489648,9118601,0/8388608,0
38700000,151904,64583288,9121616,0/8388608,0
38800000,152360,55680048,9129788,0/8388608,0
38900000,152816,46774008,9137897,0/8388608,0
39000000,153272,37867104,9146522,15360/8388608,15360
39100000,153272,93977936,9146522,0/8388608,0
39200000,152384,85074504,9149551,0/8388608,0
39300000,152840,76171632,9157814,0/8388608,0
39400000,153296,67265776,9166428,0/8388608,0
39500000,153752,58361296,9174604,19216/8388608,19216
39600000,152392,114468464,9168770,0/8388608,0
39700000,153304,40551568,9185441,0/8388608,0
39800000,153760,31646224,9193504,0/8388608,0
39900000,154216,22742432,9201728,19200/8388608,19200
40000000,154216,78850576,9201728,0/8388608,0
40100000,153328,69946624,9204191,0/8388608,0
40200000,153784,61039752,9212711,0/8388608,0
40300000,154240,52133520,9220942,0/8388608,0
40400000,154696,43230824,9229114,19200/8388608,19200
40500000,154696,99338632,9229114,0/8388608,0
40600000,154296,25418680,9239816,0/8388608,0
40700000,154296,81525856,9239816,0/8388608,0
40800000,154768,72622176,9248005,0/8388608,0
40900000,155224,63715880,9256207,0/8388608,0
41000000,154304,54810288,9259120,0/8388608,0
41100000,154760,45905680,9267553,0/8388608,0
41200000,155216,37003360,9275688,0/8388608,0
41300000,155672,28099976,9283916,19216/8388608,19216
41400000,155672,84207504,9283916,0/8388608,0
41500000,154656,75304192,9286526,0/8388608,0
41600000,155112,66401480,9294678,0/8388608,0
41700000,155568,57495864,9302959,0/8388608,0
41800000,156024,48591512,9311032,19200/8388608,19200
41900000,154680,104701632,9305612,0/8388608,0
42000000,155592,30783752,9321696,0/8388608,0
42100000,155592,86895720,9321696,0/8388608,0
42200000,156048,77989960,9329873,0/8388608,0
42300000,156504,69084336,9338098,0/8388608,0
42400000,155600,60182472,9340679,0/8388608,0
42500000,156056,51278432,9348757,0/8388608,0
42600000,156512,42374616,9356929,0/8388608,0
42700000,156968,33469152,9365136,19200/8388608,19200
42800000,156968,89580472,9365136,0/8388608,0
42900000,156080,80677816,9367801,0/8388608,0
43000000,156536,71773600,9375920,0/8388608,0
43100000,156992,62865112,9384050,0/8388608,0
43200000,157448,53959424,9392131,0/8388608,0
43300000,156544,45055464,9394569,0/8388608,0
43400000,157000,36150192,9402752,0/8388608,0
43500000,157456,27246072,9410901,0/8388608,0
43600000,157456,83357400,9410901,0/8388608,0
43700000,157912,74452832,9419017,0/8388608,0
43800000,157008,65551440,9421770,0/8388608,0
43900000,157448,56645400,9429575,0/8388608,0
44000000,157904,47740680,9437815,0/8388608,0
44100000,158360,38837008,9446079,19200/8388608,19200
44200000,158360,94947128,9446079,0/8388608,0
44300000,157800,21028560,9456326,0/8388608,0
44400000,157800,77136592,9456326,0/8388608,0
44500000,158256,68230600,9464682,0/8388608,0
44600000,158712,59326816,9472827,0/8388608,0
44700000,157840,50421360,9475773,0/8388608,0
44800000,158296,41516448,9483990,0/8388608,0
44900000,158752,32611992,9492345,0/8388608,0
45000000,159208,23703984,9500522,19200/8388608,19200
45100000,159208,79814112,9500522,0/8388608,0
45200000,158288,70911536,9502834,0/8388608,0
45300000,158744,62008744,9511217,0/8388608,0
45400000,159200,53103048,9519463,0/8388608,0
45500000,159656,44196728,9527591,19200/8388608,19200
45600000,159656,100306312,9527591,0/8388608,0
45700000,159240,26387864,9538138,0/8388608,0
45800000,159240,82500312,9538138,0/8388608,0
45900000,159680,73595088,9545972,0/8388608,0
46000000,160136,64690048,9554116,0/8388608,0
46100000,159264,55785936,9556926,0/8388608,0
46200000,159704,46880136,9564802,0/8388608,0
46300000,160160,37976176,9572954,0/8388608,0
46400000,160616,29071080,9581111,19200/8388608,19200
46500000,160616,85180320,9581111,0/8388608,0
46600000,159568,76276000,9583391,0/8388608,0
46700000,160024,67370360,9591533,0/8388608,0
46800000,160464,58463464,9599235,0/8388608,0
46900000,160920,49557720,9607536,15360/8388608,19200
47000000,159592,105668232,9602209,0/8388608,0
47100000,160488,31749016,9618308,0/8388608,0
47200000,160488,87856848,9618308,0/8388608,0
47300000,160944,78952128,9626489,0/8388608,0
47400000,161384,70048840,9634371,0/8388608,0
47500000,160528,61142888,9637189,0/8388608,0
47600000,160984,52237856,9644897,0/8388608,0
47700000,161456,43331944,9653000,0/8388608,0
47800000,161912,34427536,9661243,19200/8388608,19200
47900000,161912,90536624,9661243,0/8388608,0
48000000,160992,81632432,9663735,0/8388608,0
48100000,161448,72728912,9671809,0/8388608,0
48200000,161888,63823944,9679636,0/8388608,0
48300000,162344,54916528,9687731,19200/8388608,19200
48400000,161440,46013592,9690216,0/8388608,0
48500000,161912,37109120,9698346,0/8388608,0
48600000,162368,28204760,9706360,0/8388608,0
48700000,162368,84315872,9706360,0/8388608,0
48800000,162808,75412184,9714151,0/8388608,0
48900000,161808,66510928,9716860,0/8388608,0
49000000,162264,57602496,9724647,0/8388608,0
49100000,162720,48700120,9732773,0/8388608,0
49200000,163160,39793568,9740519,19216/8388608,15360
49300000,161816,95904656,9735266,0/8388608,0
49400000,162272,86999536,9743411,0/8388608,0
49500000,162712,78095056,9751300,0/8388608,0
49600000,163168,69189968,9759480,0/8388608,0
49700000,163608,60284272,9767417,0/8388608,0
49800000,162752,51380336,9770317,0/8388608,0
49900000,163208,42475976,9778587,0/8388608,0
50000000,163648,33571264,9786250,0/8388608,0
50100000,164104,24667312,9794286,19200/8388608,19200
50200000,164104,80777384,9794286,0/8388608,0
50300000,163200,71874288,9796614,0/8388608,0
50400000,163656,62966680,9804800,0/8388608,0
50500000,164096,54061600,9812595,0/8388608,0
50600000,164552,45157568,9820677,19200/8388608,19200
50700000,164552,101267512,9820677,0/8388608,0
50800000,164120,27347944,9831354,0/8388608,0
50900000,164120,83457312,9831354,0/8388608,0
51000000,164576,74549512,9839501,0/8388608,0
51100000,165016,65644208,9847354,0/8388608,0
51200000,164016,56737392,9849707,0/8388608,0
51300000,164472,47834520,9857757,0/8388608,0
51400000,164928,38932288,9865929,0/8388608,0
51500000,165368,30026736,9873723,19200/8388608,15360
51600000,165368,86138368,9873723,0/8388608,0
51700000,164496,77233184,9876599,0/8388608,0
51800000,164936,68327016,9884369,0/8388608,0
51900000,165392,59423400,9892695,0/8388608,0
52000000,165848,50515632,9900785,19216/8388608,19216
52100000,165848,106623960,9900785,0/8388608,0
52200000,165384,32708072,9911531,0/8388608,0
52300000,165824,23802640,9919412,0/8388608,0
52400000,165824,79912592,9919412,0/8388608,0
52500000,166280,71007368,9927530,0/8388608,0
52600000,165408,62102464,9929961,0/8388608,0
52700000,165864,53197232,9938220,0/8388608,0
52800000,166320,44291608,9946382,0/8388608,0
52900000,166760,35387536,9954243,19200/8388608,15360
53000000,166760,91497944,9954243,0/8388608,0
53100000,165904,82594120,9956997,0/8388608,0
53200000,166360,73689136,9965208,0/8388608,0
53300000,166800,64783000,9972936,0/8388608,0
53400000,167256,55877424,9981130,15360/8388608,19200
53500000,166240,46971448,9983377,0/8388608,0
53600000,166696,38066992,9991493,0/8388608,0
53700000,167152,29163048,9999824,0/8388608,0
53800000,167152,85270568,9999824,0/8388608,0
53900000,167592,76364672,10007526,0/8388608,0
54000000,166688,67459168,10010369,0/8388608,0
54100000,167128,58555152,10018181,0/8388608,0
54200000,167584,49650184,10026320,0/8388608,0
54300000,168040,40746288,10034604,19200/8388608,19200
54400000,168040,96856576,10034604,0/8388608,0
54500000,167608,22934960,10045269,0/8388608,0
54600000,167608,79045096,10045269,0/8388608,0
54700000,168064,70142720,10053417,0/8388608,0
54800000,168504,61237768,10061208,0/8388608,0
54900000,167664,52332712,10064121,0/8388608,0
55000000,168104,43427096,10071820,0/8388608,0
55100000,168560,34521856,10080167,0/8388608,0
55200000,169016,25616800,10088393,19216/8388608,19216
55300000,169016,81727176,10088393,0/8388608,0
55400000,168128,72822904,10091119,0/8388608,0
55500000,168568,63916544,10098910,0/8388608,0
55600000,169024,55010400,10107114,0/8388608,0
55700000,169480,46104504,10115278,19200/8388608,19200
55800000,169480,102214040,10115278,0/8388608,0
55900000,168904,28294456,10125901,0/8388608,0
56000000,169360,19388032,10134097,0/8388608,0
56100000,169360,75497072,10134097,0/8388608,0
56200000,169816,66592776,10142284,0/8388608,0
56300000,168944,57688320,10144745,0/8388608,0
56400000,169400,48785464,10153010,0/8388608,0
56500000,169856,39880400,10161371,0/8388608,0
56600000,170296,30974536,10169219,15360/8388608,15360
56700000,170296,87084720,10169219,0/8388608,0
56800000,169392,78179400,10171886,0/8388608,0
56900000,169848,69274016,10180047,0/8388608,0
57000000,170304,60368200,10188272,0/8388608,0
57100000,170760,51460576,10196447,19200/8388608,15360
57200000,169416,107568016,10191084,0/8388608,0
57300000,170312,33648000,10207023,0/8388608,0
57400000,170768,24742800,10215258,0/8388608,0
57500000,170768,80850536,10215258,0/8388608,0
57600000,171224,71944072,10223558,0/8388608,0
57700000,170352,63040664,10226203,0/8388608,0
57800000,170808,54134272,10234271,0/8388608,0
57900000,171264,45225072,10242436,0/8388608,0
58000000,171720,36319712,10250627,19200/8388608,19200
58100000,171720,92426944,10250627,0/8388608,0
58200000,170816,83523344,10253517,0/8388608,0
58300000,171272,74618160,10261662,0/8388608,0
58400000,171728,65712096,10269851,0/8388608,0
58500000,172184,56807488,10278155,19200/8388608,19200
58600000,170712,112915744,10272608,0/8388608,0
58700000,171624,38996560,10288918,0/8388608,0
58800000,172080,30091384,10297248,0/8388608,0
58900000,172536,21184096,10305390,15360/8388608,15360
59000000,172536,77292336,10305390,0/8388608,0
59100000,171648,68386416,10308249,0/8388608,0
59200000,172104,59485592,10316402,0/8388608,0
59300000,172560,50582504,10324674,0/8388608,0
59400000,173032,41676224,10333270,19200/8388608,19200
59500000,171672,97784336,10327927,0/8388608,0
59600000,172584,23863952,10344241,0/8388608,0
59700000,172584,79974400,10344241,0/8388608,0
59800000,173040,71068240,10352310,0/8388608,0
59900000,173496,62162912,10360486,0/8388608,0
60000000,172592,53257792,10363233,0/8388608,0
60100000,173048,44353536,10371399,0/8388608,0
60200000,173504,35449992,10379923,0/8388608,0
60300000,173504,91560976,10379923,0/8388608,0
60400000,173960,82656392,10388189,0/8388608,0
60500000,173104,73750512,10391128,0/8388608,0
60600000,173560,64843160,10399263,0/8388608,0
60700000,174016,55937600,10407742,0/8388608,0
60800000,174488,47031112,10416030,19216/8388608,19216
60900000,173456,38128224,10418668,0/8388608,0
61000000,173912,29224568,10427149,0/8388608,0
61100000,174368,20319712,10435322,0/8388608,0
61200000,174368,76428176,10435322,0/8388608,0
61300000,174824,67524152,10443511,0/8388608,0
61400000,173920,58615696,10446765,0/8388608,0
61500000,174392,49712120,10454927,0/8388608,0
61600000,174848,40807744,10463444,0/8388608,0
61700000,175304,31903176,10471633,19200/8388608,19200
61800000,175304,88011704,10471633,0/8388608,0
61900000,174400,79108640,10474554,0/8388608,0
62000000,174872,70205296,10483123,0/8388608,0
62100000,175328,61302520,10491316,0/8388608,0
62200000,175784,52396176,10499813,19216/8388608,19216
62300000,175784,108504744,10499813,0/8388608,0
62400000,175336,34586176,10511073,0/8388608,0
62500000,175792,25679560,10519564,0/8388608,0
62600000,175792,81789912,10519564,0/8388608,0
62700000,176248,72885544,10527752,0/8388608,0
62800000,175376,63981504,10530904,0/8388608,0
62900000,175832,55076432,10539529,0/8388608,0
63000000,176288,46170720,10547609,0/8388608,0
63100000,176744,37264512,10556212,19216/8388608,19216
63200000,176744,93374240,10556212,0/8388608,0
63300000,175856,84468376,10559202,0/8388608,0
63400000,176312,75561776,10567350,0/8388608,0
63500000,176768,66655136,10575810,0/8388608,0
63600000,177224,57750896,10584339,0/8388608,0
63700000,175912,113859920,10578952,0/8388608,0
63800000,176824,39939344,10595898,0/8388608,0
63900000,177280,31035592,10604209,0/8388608,0
64000000,177736,22132232,10612456,19200/8388608,19200
64100000,177736,78240496,10612456,0/8388608,0
64200000,176704,69333360,10615424,0/8388608,0
64300000,177160,60428472,10623944,0/8388608,0
64400000,177616,51521744,10632677,0/8388608,0
64500000,178088,42617464,10641101,19216/8388608,19216
64600000,176760,98728992,10635778,0/8388608,0
64700000,177672,24808256,10652781,0/8388608,0
64800000,177672,80915312,10652781,0/8388608,0
64900000,178128,72012696,10661276,0/8388608,0
65000000,178600,63106496,10669874,0/8388608,0
65100000,177696,54202808,10673160,0/8388608,0
65200000,178152,45297096,10681869,0/8388608,0
65300000,178608,36392160,10690318,0/8388608,0
65400000,179064,27487216,10698865,19200/8388608,15360
65500000,179064,83596872,10698865,0/8388608,0
65600000,178192,74694184,10701955,0/8388608,0
65700000,178664,65789232,10710403,0/8388608,0
65800000,179120,56880416,10719295,0/8388608,0
65900000,179576,47973288,10727818,19200/8388608,19200
66000000,179576,104081720,10727818,0/8388608,0
66100000,179160,30162184,10739849,0/8388608,0
66200000,179160,86271512,10739849,0/8388608,0
66300000,179616,77364984,10748385,0/8388608,0
66400000,180072,68460776,10756851,0/8388608,0
66500000,179184,59552376,10760208,0/8388608,0
66600000,179640,50649920,10768690,0/8388608,0
66700000,180096,41746416,10777578,0/8388608,0
66800000,180552,32840808,10786121,19200/8388608,19200
66900000,180552,88951920,10786121,0/8388608,0
67000000,179680,80047264,10789563,0/8388608,0
67100000,180136,71142496,10798195,0/8388608,0
67200000,180592,62237208,10807175,0/8388608,0
67300000,181048,53331512,10816072,19200/8388608,19200
67400000,179608,109441984,10810485,0/8388608,0
67500000,180520,35522896,10827876,0/8388608,0
67600000,180976,26618296,10836723,0/8388608,0
67700000,180976,82727880,10836723,0/8388608,0
67800000,181432,73822520,10845381,0/8388608,0
67900000,180560,64917128,10848502,0/8388608,0
68000000,181016,56014352,10857630,0/8388608,0
68100000,181472,47108232,10866156,0/8388608,0
68200000,181928,38202096,10875020,19200/8388608,19200
68300000,181928,94313216,10875020,0/8388608,0
68400000,181072,85405496,10878501,0/8388608,0
68500000,181528,76501608,10887446,0/8388608,0
68600000,181984,67596928,10896211,0/8388608,0
68700000,182440,58689752,10905000,19200/8388608,15360
68800000,181568,49783416,10908789,0/8388608,0
68900000,182024,40879104,10917625,0/8388608,0
69000000,182480,31972848,10926321,0/8388608,0
69100000,182936,23065440,10935124,15360/8388608,19200
69200000,182936,79177584,10935124,0/8388608,0
69300000,182112,70273360,10938666,0/8388608,0
69400000,182568,61368256,10947927,0/8388608,0
69500000,183024,52464240,10956595,0/8388608,0
69600000,183480,43559880,10965488,19200/8388608,19200
69700000,183480,99669248,10965488,0/8388608,0
69800000,182608,90763400,10969203,0/8388608,0
69900000,183064,81859536,10977918,0/8388608,0
70000000,183520,72953456,10986800,0/8388608,0
70100000,183992,64047648,10995681,0/8388608,0
70200000,183136,55142240,10999439,0/8388608,0
70300000,183592,46236440,11008291,0/8388608,0
70400000,184048,37332000,11017399,0/8388608,0
70500000,184504,28425784,11026669,19200/8388608,19200
70600000,184504,84535208,11026669,0/8388608,0
70700000,183648,75628176,11030392,0/8388608,0
70800000,184104,66722320,11039438,0/8388608,0
70900000,184560,57815392,11048578,0/8388608,0
71000000,185016,48909368,11057846,19200/8388608,19200
71100000,183704,105019864,11052438,0/8388608,0
71200000,184616,31101624,11070665,0/8388608,0
71300000,185072,22195264,11079876,0/8388608,0
71400000,185072,78307072,11079876,0/8388608,0
71500000,185528,69402768,11089063,0/8388608,0
71600000,184688,60495928,11092834,0/8388608,0
71700000,185144,51592096,11101846,0/8388608,0
71800000,185600,42688184,11111034,0/8388608,0
71900000,186056,33782808,11120494,19200/8388608,15360
72000000,186056,89893896,11120494,0/8388608,0
72100000,185232,80986912,11124223,0/8388608,0
72200000,185688,72082816,11133392,0/8388608,0
72300000,186144,63177952,11142840,0/8388608,0
72400000,186600,54274640,11152173,19200/8388608,19200
72500000,185304,110384128,11146816,0/8388608,0
72600000,186216,36464032,11165403,0/8388608,0
72700000,186672,27559560,11174997,0/8388608,0
72800000,186672,83669736,11174997,0/8388608,0
72900000,187128,74766464,11184569,0/8388608,0
73000000,186288,65862096,11188313,0/8388608,0
73100000,186744,56957504,11197723,0/8388608,0
73200000,187200,48051944,11207149,0/8388608,0
73300000,187656,39145984,11216509,19200/8388608,19200
73400000,187656,95254256,11216509,0/8388608,0
73500000,186704,86352696,11220432,0/8388608,0
73600000,187160,77449536,11229941,0/8388608,0
73700000,187632,68544848,11239496,0/8388608,0
73800000,188088,59639248,11248883,0/8388608,0
73900000,187232,50734904,11252946,0/8388608,0
74000000,187688,41828632,11262381,0/8388608,0
74100000,188144,32924696,11271653,0/8388608,0
74200000,188600,24022376,11281435,19200/8388608,19200
74300000,188600,80132736,11281435,0/8388608,0
74400000,187792,71230144,11285722,0/8388608,0
74500000,187792,127339344,11285722,0/8388608,0
74600000,188704,53422400,11304906,0/8388608,0
74700000,189160,44516296,11314139,19200/8388608,19200
74800000,189160,100626128,11314139,0/8388608,0
74900000,188792,26706104,11328541,0/8388608,0
75000000,188792,82816232,11328541,0/8388608,0
75100000,189264,73908712,11338127,0/8388608,0
75200000,189720,65000592,11347614,0/8388608,0
75300000,188896,56096128,11351973,0/8388608,0
75400000,189352,47193176,11361683,0/8388608,0
75500000,189808,38288608,11371463,0/8388608,0
75600000,190264,29383880,11381040,19200/8388608,19200
75700000,190264,85492848,11381040,0/8388608,0
75800000,189456,76588512,11385535,0/8388608,0
75900000,189912,67682272,11395202,0/8388608,0
76000000,190368,58776888,11405419,0/8388608,0
76100000,190824,49873656,11415194,19200/8388608,19200
76200000,190824,105982184,11415194,0/8388608,0
76300000,190472,32064392,11429734,0/8388608,0
76400000,190944,23160872,11439511,0/8388608,0
76500000,190944,79269592,11439511,0/8388608,0
76600000,191400,70362288,11449267,0/8388608,0
76700000,190704,61460232,11454226,0/8388608,0
76800000,191160,52555648,11464223,0/8388608,0
76900000,191616,43650360,11474257,0/8388608,0
77000000,192072,34743984,11484369,19200/8388608,19200
77100000,192072,90855216,11484369,0/8388608,0
77200000,191280,81952040,11489187,0/8388608,0
77300000,191736,73045776,11499269,0/8388608,0
77400000,192192,64139464,11509376,0/8388608,0
77500000,192680,55232960,11519755,19200/8388608,19200
77600000,191872,46326920,11524489,0/8388608,0
77700000,192328,37422176,11534468,0/8388608,0
77800000,192816,28518832,11545106,0/8388608,0
77900000,192816,84629320,11545106,0/8388608,0
78000000,193272,75724832,11555086,0/8388608,0
78100000,192464,66820848,11560085,0/8388608,0
78200000,192968,57913392,11570495,0/8388608,0
78300000,193456,49007816,11581099,0/8388608,0
78400000,193912,40103360,11591249,15360/8388608,19200
78500000,193912,96214304,11591249,0/8388608,0
78600000,193544,22294584,11606768,0/8388608,0
78700000,193544,78404904,11606768,0/8388608,0
78800000,194032,69501888,11617524,0/8388608,0
78900000,194520,60595696,11627934,0/8388608,0
79000000,193648,51687448,11632590,0/8388608,0
79100000,194136,42784216,11643318,0/8388608,0
79200000,194624,33878784,11653548,0/8388608,0
79300000,195112,24972848,11664551,19200/8388608,19200
79400000,195112,81081456,11664551,0/8388608,0
79500000,194272,72176816,11669123,0/8388608,0
79600000,194760,63270696,11679868,0/8388608,0
79700000,195248,54365936,11690290,0/8388608,0
79800000,195736,45461016,11701167,19200/8388608,19200
79900000,195736,101570584,11701167,0/8388608,0
80000000,195352,27651560,11717355,0/8388608,0
80100000,195352,83760632,11717355,0/8388608,0
80200000,195840,74855664,11728476,0/8388608,0
80300000,196328,65950536,11739333,0/8388608,0
80400000,195472,57045568,11744925,0/8388608,0
80500000,195960,48137176,11755808,0/8388608,0
80600000,196448,39232704,11766943,0/8388608,0
80700000,196936,30323856,11777981,19200/8388608,19200
80800000,196936,86435232,11777981,0/8388608,0
80900000,196096,77530544,11783629,0/8388608,0
81000000,196584,68628304,11794692,0/8388608,0
81100000,197072,59722184,11805887,0/8388608,0
81200000,197560,50818608,11817033,19200/8388608,19200
81300000,196360,106930024,11811678,0/8388608,0
81400000,197336,33010000,11834138,0/8388608,0
81500000,197824,24104864,11845558,0/8388608,0
81600000,197824,80214472,11845558,0/8388608,0
81700000,198312,71309696,11856808,0/8388608,0
81800000,197472,62406696,11862690,0/8388608,0
81900000,197976,53502448,11874061,0/8388608,0
82000000,198464,44600576,11885371,0/8388608,0
82100000,198952,35693160,11897155,19200/8388608,19200
82200000,198952,91801120,11897155,0/8388608,0
82300000,198112,82895144,11903234,0/8388608,0
82400000,198616,73990712,11914806,0/8388608,0
82500000,199104,65087776,11926658,0/8388608,0
82600000,199592,56182368,11938450,19200/8388608,19200
82700000,198280,112291360,11933009,0/8388608,0
82800000,199272,38372400,11956597,0/8388608,0
82900000,199760,29466648,11968202,0/8388608,0
83000000,199760,85574376,11968202,0/8388608,0
83100000,200248,76669296,11979824,0/8388608,0
83200000,199440,67766576,11986388,0/8388608,0
83300000,199928,58862776,11998091,0/8388608,0
83400000,200416,49959272,12010203,0/8388608,0
83500000,200904,41056528,12022289,19200/8388608,19200
83600000,200904,97165248,12022289,0/8388608,0
83700000,200728,23247240,12040899,0/8388608,0
83800000,200728,79357120,12040899,0/8388608,0
83900000,201216,70452368,12052940,0/8388608,0
84000000,201704,61548136,12065147,19200/8388608,19200
84100000,200912,52643184,12071689,0/8388608,0
84200000,201400,43741672,12083932,0/8388608,0
84300000,201888,34837136,12096497,0/8388608,0
84400000,202376,25932584,12108805,19200/8388608,19200
84500000,202376,82038912,12108805,0/8388608,0
84600000,201616,73132320,12115596,0/8388608,0
84700000,202136,64225432,12128387,0/8388608,0
84800000,202672,55319152,12141073,0/8388608,0
84900000,203160,46414952,12153500,19216/8388608,19216
85000000,203160,102524248,12153500,0/8388608,0
85100000,202984,28606392,12173621,0/8388608,0
85200000,202984,84716216,12173621,0/8388608,0
85300000,203504,75812560,12186810,0/8388608,0
85400000,204040,66906376,12199716,0/8388608,0
85500000,203152,58002128,12207219,0/8388608,0
85600000,203672,49096520,12220321,0/8388608,0
85700000,204192,40192400,12233425,0/8388608,0
85800000,204712,31289256,12246434,19200/8388608,19200
85900000,204712,87399448,12246434,0/8388608,0
86000000,204032,78492872,12254320,0/8388608,0
86100000,204568,69588168,12267649,0/8388608,0
86200000,205088,60683288,12280835,0/8388608,0
86300000,205608,51778608,12294561,19200/8388608,15360
86400000,204248,107889080,12288885,0/8388608,0
86500000,205288,33972304,12315754,0/8388608,0
86600000,205808,25066848,12329484,0/8388608,0
86700000,205808,81177064,12329484,0/8388608,0
86800000,206328,72268912,12343297,0/8388608,0
86900000,205520,63362856,12351393,0/8388608,0
87000000,206040,54459264,12365420,0/8388608,0
87100000,206560,45557616,12379231,0/8388608,0
87200000,207080,36651752,12393365,19200/8388608,15360
87300000,207080,92762032,12393365,0/8388608,0
87400000,206416,83856272,12402011,0/8388608,0
87500000,206936,74952496,12416026,0/8388608,0
87600000,207456,66049160,12430485,0/8388608,0
87700000,207976,57144592,12444975,19200/8388608,19200
87800000,206664,113253840,12439414,0/8388608,0
87900000,207704,39335320,12468069,0/8388608,0
88000000,208224,30429576,12482667,0/8388608,0
88100000,208224,86538200,12482667,0/8388608,0
88200000,208744,77635664,12497146,0/8388608,0
88300000,208112,68729520,12506358,0/8388608,0
88400000,208648,59823368,12521364,0/8388608,0
88500000,209184,50915712,12536511,0/8388608,0
88600000,209720,42012024,12551490,19200/8388608,19200
88700000,209720,98118568,12551490,0/8388608,0
88800000,209072,89215272,12560825,0/8388608,0
88900000,209608,80309536,12576128,0/8388608,0
89000000,210144,71402144,12591586,0/8388608,0
89100000,210680,62496744,12607040,0/8388608,0
89200000,209936,53589296,12617004,0/8388608,0
89300000,210472,44684568,12632553,0/8388608,0
89400000,211024,35777920,12648523,0/8388608,0
89500000,211560,26874680,12664422,19200/8388608,19200
89600000,211560,82983640,12664422,0/8388608,0
89700000,210912,74078616,12674299,0/8388608,0
89800000,211448,65172088,12690535,0/8388608,0
89900000,211984,56265848,12707123,0/8388608,0
90000000,212520,47360384,12723414,15360/8388608,19216
90100000,212520,103468928,12723414,0/8388608,0
90200000,212456,29548992,12751340,0/8388608,0
90300000,212456,85657008,12751340,0/8388608,0
90400000,212992,76750352,12767712,0/8388608,0
90500000,213528,67843536,12784718,0/8388608,0
90600000,212960,58936904,12796162,0/8388608,0
90700000,213528,50033512,12813479,0/8388608,0
90800000,214096,41129968,12830801,0/8388608,0
90900000,214664,32222744,12848548,19200/8388608,19200
91000000,214664,88333664,12848548,0/8388608,0
91100000,214064,79428296,12860326,0/8388608,0
91200000,214760,70526696,12878349,0/8388608,0
91300000,215456,61620584,12896315,0/8388608,0
91400000,216152,52714368,12914325,19200/8388608,19200
91500000,216152,108825504,12914325,0/8388608,0
91600000,215976,34905648,12945751,0/8388608,0
91700000,215976,91013640,12945751,0/8388608,0
91800000,216672,82110080,12964557,0/8388608,0
91900000,217368,73204832,12983425,0/8388608,0
92000000,216416,64299912,12996470,0/8388608,0
92100000,217112,55395552,13015779,0/8388608,0
92200000,217840,46492048,13035506,0/8388608,0
92300000,218568,37586656,13055219,19216/8388608,19216
92400000,218568,93697712,13055219,0/8388608,0
92500000,217632,84791528,13067805,0/8388608,0
92600000,218360,75886752,13088137,0/8388608,0
92700000,219088,66983488,13108403,0/8388608,0
92800000,219816,58079472,13128914,19200/8388608,19200
92900000,220544,49176328,13149801,0/8388608,0
93000000,219576,40273696,13164699,0/8388608,0
93100000,220320,31368936,13186196,0/8388608,0
93200000,221048,22463760,13207781,19200/8388608,19200
93300000,221048,78575304,13207781,0/8388608,0
93400000,220080,69670384,13223209,0/8388608,0
93500000,220840,60764936,13245726,0/8388608,0
93600000,221600,51859216,13268161,0/8388608,0
93700000,222360,42953400,13290747,19200/8388608,19200
93800000,222360,99061840,13290747,0/8388608,0
93900000,221568,90156976,13307468,0/8388608,0
94000000,222328,81250368,13330803,0/8388608,0
94100000,223088,72347856,13354884,0/8388608,0
94200000,223848,63440952,13378464,15360/8388608,15360
94300000,223072,54535440,13396695,0/8388608,0
94400000,223864,45627832,13420978,0/8388608,0
94500000,224640,36720992,13446044,0/8388608,0
94600000,225416,27816264,13471826,19200/8388608,19200
94700000,225416,83923080,13471826,0/8388608,0
94800000,224512,75017432,26962471,0/8388608,0
94900000,225288,66111360,13516941,0/8388608,0
95000000,226096,57206752,13543353,0/8388608,0
95100000,226904,48301480,13570470,19216/8388608,19216
95200000,226904,104410696,13570470,0/8388608,0
95300000,227016,30490264,13619894,0/8388608,0
95400000,227856,21584080,13648418,0/8388608,0
95500000,227856,77694344,13648418,0/8388608,0
95600000,228696,68790408,13677601,0/8388608,0
95700000,228112,59883848,13700540,0/8388608,0
95800000,228952,50978256,13730926,0/8388608,0
95900000,229824,42077144,13762127,0/8388608,0
96000000,230696,33172368,13793787,19216/8388608,19216
96100000,230696,89280312,13793787,0/8388608,0
96200000,230032,80375032,13819861,0/8388608,0
96300000,230904,71469800,13852905,0/8388608,0
96400000,231792,62563576,13887122,0/8388608,0
96500000,232680,53657936,13921740,19200/8388608,19200
96600000,232680,109767776,13921740,0/8388608,0
96700000,233144,35846416,13987962,0/8388608,0
96800000,234064,26942616,14025496,0/8388608,0
96900000,234064,83052616,14025496,0/8388608,0
97000000,235016,74146688,14064111,0/8388608,0
97100000,234592,65241568,14097171,0/8388608,0
97200000,235576,56336144,14138347,0/8388608,0
97300000,236576,47432264,14181295,0/8388608,0
97400000,237576,38528384,14225613,19200/8388608,19200
97500000,237576,94637832,14225613,0/8388608,0
97600000,237376,85730616,14264140,0/8388608,0
97700000,238440,76828600,14311538,0/8388608,0
97800000,239504,67924736,14360172,0/8388608,0
97900000,240728,59015848,14411896,15360/8388608,15360
98000000,240728,115123224,14411896,0/8388608,0
98100000,242024,41202000,14514414,0/8388608,0
98200000,243360,32299400,14573312,0/8388608,0
98300000,244712,23394528,14635592,19216/8388608,19216
98400000,244712,79505296,14635592,0/8388608,0
98500000,244512,70598936,14693133,0/8388608,0
98600000,245960,61693368,14762835,0/8388608,0
98700000,247456,52788240,14837149,0/8388608,0
98800000,249032,43883608,14917591,19200/8388608,19200
98900000,249032,99991096,14917591,0/8388608,0
99000000,251528,26072752,15089124,0/8388608,0
99100000,251528,82182488,15089124,0/8388608,0
99200000,253520,73276000,15192726,0/8388608,0
99300000,255672,64369976,15307343,19200/8388608,19200
99400000,258128,55464112,15438229,0/8388608,0
99500000,259512,46559656,15580610,0/8388608,0
99600000,262688,37654672,15760502,0/8388608,0
99700000,266680,28753128,15983793,15360/8388608,19216
99800000,266680,84862424,15983793,0/8388608,0
99900000,270720,75955472,16278020,0/8388608,0
