opseq,index_size,memtable_size,sst_size,block_cache/block_cache_capacity,block_cache_pinned_usage
100,0,112352,0,0/8388608,0
200,0,219720,0,0/8388608,0
300,0,327024,0,0/8388608,0
400,0,434280,0,0/8388608,0
500,0,541624,0,0/8388608,0
600,0,648928,0,0/8388608,0
700,0,756240,0,0/8388608,0
800,0,863552,0,0/8388608,0
900,0,970888,0,0/8388608,0
1000,0,1078144,0,0/8388608,0
1500,0,1614800,0,0/8388608,0
2000,0,2151440,0,0/8388608,0
2500,0,2687872,0,0/8388608,0
3000,0,3224464,0,0/8388608,0
3500,0,3761016,0,0/8388608,0
4000,0,4297520,0,0/8388608,0
4500,0,4834096,0,0/8388608,0
5000,0,5370624,0,0/8388608,0
6000,0,6443536,0,0/8388608,0
7000,0,7516336,0,0/8388608,0
8000,0,8594184,0,0/8388608,0
9000,0,9667144,0,0/8388608,0
10000,0,10740408,0,0/8388608,0
15000,0,16105592,0,0/8388608,0
20000,0,21475328,0,0/8388608,0
25000,0,26845560,0,0/8388608,0
30000,0,32211552,0,0/8388608,0
35000,0,37581728,0,0/8388608,0
40000,0,42951640,0,0/8388608,0
45000,0,48316792,0,0/8388608,0
50000,0,53687128,0,0/8388608,0
60000,0,64421960,0,0/8388608,0
70000,0,75162208,0,0/8388608,0
80000,0,85896144,0,0/8388608,0
90000,0,96631872,0,0/8388608,0
100000,0,107371504,0,0/8388608,0
150000,20392,95989024,1479692,0/8388608,0
200000,24128,84599928,1733502,0/8388608,0
250000,26680,73243056,1893921,0/8388608,0
300000,28688,61884576,2017122,0/8388608,0
350000,30440,50525968,2118413,12880/8388608,12880
400000,30440,104182880,2118413,0/8388608,0
450000,31120,92826448,2194589,0/8388608,0
500000,32456,81466896,2269984,0/8388608,0
600000,32272,123766880,2787364,0/8388608,0
700000,34624,101051816,2453956,0/8388608,0
800000,36800,78335032,2562551,0/8388608,0
900000,37392,55620832,2652723,0/8388608,0
1000000,38392,97923616,2698665,0/8388608,0
1100000,38760,75208096,2779023,0/8388608,0
1200000,40664,52489792,2861553,0/8388608,0
1300000,41584,94789712,2901386,0/8388608,0
1400000,41696,72072944,2970817,0/8388608,0
1500000,43472,49359840,3045405,0/8388608,0
1600000,42680,91661264,3074201,0/8388608,0
1700000,44456,68945280,3146764,0/8388608,0
1800000,43744,111245536,3175004,0/8388608,0
1900000,45488,88530800,3245468,0/8388608,0
2000000,47232,65816832,3315395,0/8388608,0
2100000,46408,108116704,3343428,0/8388608,0
2200000,48152,85398960,3413463,0/8388608,0
2300000,48200,62684360,3476835,0/8388608,0
2400000,49088,104984304,3512855,0/8388608,0
2500000,50864,82274480,3585653,0/8388608,0
2600000,50912,59562872,3651504,0/8388608,0
2700000,51800,101863432,3689388,0/8388608,0
2800000,51960,79148304,3759411,0/8388608,0
2900000,53832,56431536,3840716,0/8388608,0
3000000,54784,98733568,3883058,0/8388608,0
3100000,55200,76017856,3964767,0/8388608,0
3200000,57232,53305008,4060047,21440/8388608,21440
3300000,56696,95604816,4104512,0/8388608,0
3400000,58936,72890928,4216628,0/8388608,0
3500000,60112,115191344,4278411,0/8388608,0
3600000,61136,92480256,4408720,0/8388608,0
3700000,64080,69763856,4584679,12864/8388608,12864
3800000,64776,112063072,4687659,0/8388608,0
3900000,69960,89346080,5024297,0/8388608,0
