opseq,index_size,memtable_size,sst_size,block_cache/block_cache_capacity,block_cache_pinned_usage
100,0,112544,0,0/8388608,0
200,0,219776,0,0/8388608,0
300,0,327040,0,0/8388608,0
400,0,434304,0,0/8388608,0
500,0,541584,0,0/8388608,0
600,0,648832,0,0/8388608,0
700,0,756112,0,0/8388608,0
800,0,863440,0,0/8388608,0
900,0,970720,0,0/8388608,0
1000,0,1078016,0,0/8388608,0
1500,0,1614544,0,0/8388608,0
2000,0,2151072,0,0/8388608,0
2500,0,2687632,0,0/8388608,0
3000,0,3224144,0,0/8388608,0
3500,0,3760544,0,0/8388608,0
4000,0,4297360,0,0/8388608,0
4500,0,4833792,0,0/8388608,0
5000,0,5370632,0,0/8388608,0
6000,0,6443776,0,0/8388608,0
7000,0,7516656,0,0/8388608,0
8000,0,8594304,0,0/8388608,0
9000,0,9667368,0,0/8388608,0
10000,0,10740344,0,0/8388608,0
15000,0,16105736,0,0/8388608,0
20000,0,21475432,0,0/8388608,0
25000,0,26846408,0,0/8388608,0
30000,0,32211728,0,0/8388608,0
35000,0,37582040,0,0/8388608,0
40000,0,42952616,0,0/8388608,0
45000,0,48317624,0,0/8388608,0
50000,0,53687592,0,0/8388608,0
60000,0,64422616,0,0/8388608,0
70000,0,75162776,0,0/8388608,0
80000,0,85897240,0,0/8388608,0
90000,0,96632304,0,0/8388608,0
100000,0,107371872,0,0/8388608,0
150000,423336,95990928,64077626,0/8388608,0
200000,846624,84601592,128155195,0/8388608,0
250000,1269928,73243800,192228601,0/8388608,0
300000,1269928,126899616,192228601,0/8388608,0
350000,1693184,115542960,256301918,17216/8388608,17216
400000,2116472,104182784,320380525,17216/8388608,17216
450000,2539728,92825600,384458033,17216/8388608,17216
500000,2962984,81468584,448531345,0/8388608,0
600000,3393632,123769504,512487076,21520/8388608,21520
700000,4240032,101059344,640626182,21520/8388608,21520
800000,5086448,78341976,768772713,21520/8388608,21520
900000,5509720,120642104,832852352,21520/8388608,21520
1000000,6356184,97927808,961003112,0/8388608,0
1100000,7221096,75212704,1088724665,38736/8388608,38736
1200000,7644336,117510344,1152800085,38736/8388608,38736
1300000,8490896,94798672,1280953086,38736/8388608,38736
1400000,9337392,72085608,1409098642,38736/8388608,38736
1500000,9760696,114384112,1473168823,38736/8388608,38736
1600000,10607272,91672976,1601320836,38736/8388608,38736
1700000,11453688,68956312,1729462161,38736/8388608,38736
1800000,12358520,46242968,1855972959,0/8388608,0
1900000,12781744,88542440,1920045190,60272/8388608,60272
2000000,13628336,65828288,2048194126,60256/8388608,60256
2100000,14051624,108127440,2112269640,60256/8388608,60256
2200000,14898136,85415576,2240416227,60256/8388608,60256
2300000,15855856,62700320,2364359679,0/8388608,0
2400000,16279080,105002744,2428433900,0/8388608,0
2500000,17125656,82288264,2556588057,47392/8388608,47392
2600000,17548912,124588376,2620663425,51664/8388608,51664
2700000,18395424,101874128,2748812133,51648/8388608,51648
2800000,19241984,79160088,2876967187,51648/8388608,51648
2900000,19665240,121460984,2941043728,51648/8388608,51648
3000000,20511768,98747608,3069192524,51648/8388608,51648
3100000,21434864,76034416,3194371714,0/8388608,0
3200000,21858136,118334344,3258449324,0/8388608,0
3300000,22704696,95619488,3386598174,55952/8388608,55952
3400000,23551208,72902360,3514745938,55952/8388608,55952
3500000,23974512,115198352,3578825636,55952/8388608,55952
3600000,24821024,92484136,3706977522,55952/8388608,55952
3700000,25667504,69770152,3835127328,55952/8388608,55952
3800000,26185656,112071480,3895757493,8608/8388608,8608
3900000,27032184,89356792,4023906327,0/8388608,0
4000000,27883208,66644032,4151498806,4304/8388608,4304
4100000,28308624,108945936,4215276596,8608/8388608,8608
4200000,29157232,86232752,4343140242,8592/8388608,8592
4300000,29580520,128530696,4407217746,0/8388608,0
4400000,30428680,105816872,4535161099,0/8388608,0
4500000,31699120,18086336,4727242631,86080/8388608,86080
4600000,31872232,125400912,4718797306,8624/8388608,8624
4700000,32719912,102687888,4846441774,8624/8388608,8624
4800000,33567800,79975232,4974167197,8608/8388608,8608
4900000,33991056,122274528,5038240508,0/8388608,0
5000000,34838832,99563256,5165888215,0/8388608,0
5100000,35686736,76850584,5293545433,0/8388608,0
5200000,36111464,119147080,5357133746,8592/8388608,8592
5300000,36959400,96429712,5484786795,8608/8388608,8608
5400000,37806728,73714200,5612721363,8608/8388608,4304
5500000,38230048,116013280,5676797978,8608/8388608,8608
5600000,39505224,28285240,5867248137,8608/8388608,8608
5700000,39934400,70584784,5929508202,98992/8388608,98992
5800000,40964840,47869272,6045943419,0/8388608,0
5900000,41388096,90170104,6110016726,0/8388608,0
6000000,42234352,67458072,6237650484,0/8388608,0
6100000,42657384,109757448,6301093426,8624/8388608,8624
6200000,43503944,87045864,6428753658,8592/8388608,8592
6300000,43927216,129346120,6492828070,0/8388608,0
6400000,44773904,106632712,6620519007,0/8388608,0
6500000,45620160,83916680,6748007033,8592/8388608,8592
6600000,46043416,126215840,6812084581,0/8388608,0
6700000,46889464,103497544,6939241987,0/8388608,0
6800000,47735848,80780328,7066902009,0/8388608,0
6900000,48158752,123079240,7130449697,8624/8388608,8624
7000000,49426056,35351776,7317219015,8624/8388608,8624
7100000,50272328,12641512,7444619115,99008/8388608,99008
7200000,50454976,119953584,7432315128,8608/8388608,8608
7300000,51299504,97238048,7559627478,8608/8388608,8608
7400000,52144000,74523968,7686937761,8608/8388608,8608
7500000,52567208,116822552,7751013102,0/8388608,0
7600000,53411496,94108040,7878287267,0/8388608,0
7700000,54256904,71394312,8005817826,8608/8388608,8608
7800000,54680144,113692968,8069895326,0/8388608,0
7900000,55524640,90979360,8197197179,8608/8388608,8608
8000000,56368608,68264200,8324259853,8576/8388608,8576
8100000,56791896,110565040,8388338422,8592/8388608,8592
8200000,57637608,87848000,8516010738,8592/8388608,8592
8300000,58472760,65132896,8639058926,4304/8388608,4304
8400000,59303528,42417288,8760732815,103296/8388608,103296
8500000,60149944,19703360,8888873946,103296/8388608,103296
8600000,60339584,127016496,8875610632,8592/8388608,8592
8700000,61184768,104303144,9003258685,8608/8388608,8608
8800000,62031280,81587840,9131407501,0/8388608,0
8900000,62451224,123891464,9194518649,8608/8388608,8608
9000000,63297800,101178776,9322668537,0/8388608,0
9100000,64139064,78466784,9449420245,8592/8388608,8592
9200000,64562304,120765992,9513494546,0/8388608,0
9300000,65404464,98050480,9640478083,0/8388608,0
9400000,66247696,75338552,9767675700,8592/8388608,8592
9500000,66670936,117639496,9831752061,0/8388608,0
9600000,67514760,94925680,9959062534,8592/8388608,8592
9700000,68760176,7196792,10144449401,0/8388608,0
9800000,69147784,49496712,10198930471,8592/8388608,8592
9900000,69983672,26784168,10324108190,107616/8388608,107616
10000000,70604928,69083616,10374182812,0/8388608,0
10100000,71023768,111384960,10437278251,8608/8388608,8608
10200000,71866536,88668792,10564576393,8592/8388608,8592
10300000,72706840,65955584,10691402884,4304/8388608,8608
10400000,73130096,108252576,10755480458,8608/8388608,8608
10500000,73969680,85540992,10882106757,8576/8388608,8576
10600000,74393016,127842096,10946183371,8608/8388608,8608
10700000,75232536,105126624,11072771954,8608/8388608,8608
10800000,76071928,82414504,11402086802,4304/8388608,4304
10900000,76495184,124713712,11263437828,8592/8388608,8592
11000000,77334528,101996528,11390017745,8608/8388608,8608
11100000,78588968,14267080,11578641334,8608/8388608,8608
11200000,78969328,56568672,11632990477,0/8388608,0
11300000,79774672,33855080,11751203502,107584/8388608,107584
11400000,80815544,11141200,11864574205,0/8388608,0
11500000,80815544,118455464,11864574205,0/8388608,0
11600000,81661856,95742232,11992628065,0/8388608,0
11700000,82503024,73025824,12119704360,8608/8388608,8608
11800000,82926312,115324744,12183774616,0/8388608,0
11900000,83767240,92611280,12310600692,8576/8388608,8576
12000000,84605784,69898360,12437164836,4304/8388608,8592
12100000,85029040,112197968,12501238204,8576/8388608,8576
12200000,85868352,89482552,12627928883,8608/8388608,8608
12300000,86714944,66771056,12756086151,0/8388608,0
12400000,87128824,109071856,12818275868,8592/8388608,8592
12500000,87975400,86355000,12946428931,0/8388608,0
12600000,88758472,63640696,13061840689,8608/8388608,8608
12700000,89544088,40928264,13177671875,0/8388608,0
12800000,90342824,18217408,13296282820,107600/8388608,107600
12900000,90965424,60514336,13345885033,0/8388608,0
13000000,91388712,102809960,13409962581,8576/8388608,8576
13100000,92224888,80095104,13536217848,8608/8388608,4288
13200000,92648160,122393272,13600295449,8592/8388608,8592
13300000,93483728,99681344,13726406373,8592/8388608,8592
13400000,94330208,76965672,13854554118,4304/8388608,4304
13500000,94742328,119265368,14154919482,8624/8388608,8624
13600000,95581160,96550040,14223907652,8608/8388608,4304
13700000,96427608,73834048,14171380599,8608/8388608,8608
13800000,96850912,116136664,14235458248,0/8388608,0
13900000,97685472,93424896,14361336805,8576/8388608,8576
14000000,98942168,5695624,14551031837,8608/8388608,8608
14100000,99278608,47989568,14598841953,8592/8388608,8592
14200000,100054688,25275272,14713664070,4304/8388608,4304
14300000,100441560,67577376,14770687323,111904/8388608,111904
14400000,101494416,44863144,14882670200,0/8388608,0
14500000,101917688,87164184,14946749826,8576/8388608,8576
14600000,102340896,129464752,15010817832,8592/8388608,8592
14700000,103172048,106746728,15136242080,8592/8388608,8592
14800000,104018672,84030568,15264397266,8576/8388608,8576
14900000,104441976,126333392,15328476979,0/8388608,0
15000000,105275368,103616472,15454265961,8608/8388608,8608
15100000,106121880,80900480,15582422119,0/8388608,0
15200000,106530656,123199784,15643815858,8592/8388608,8592
15300000,107377200,100486824,15771956355,8608/8388608,8608
15400000,108208624,77772272,15897403214,8592/8388608,8592
15500000,108631880,120071696,15961478667,8592/8388608,8592
15600000,109788896,32347512,16133437560,8576/8388608,8576
15700000,110549920,9634552,16246268218,0/8388608,0
15800000,110883816,51934656,16294072803,8592/8388608,8592
15900000,111715688,29220120,16419444859,111904/8388608,111904
16000000,112342488,71521016,16467974395,8576/8388608,8576
16100000,112765808,113821144,16532052133,0/8388608,0
16200000,113596816,91106704,16657569418,8592/8388608,8592
16300000,114432752,68390512,16783879261,4304/8388608,8592
16400000,114856056,110688144,16847956920,8576/8388608,8576
16500000,115702584,87976888,16976104725,0/8388608,0
16600000,116532920,65261896,17101415793,8592/8388608,8592
16700000,116956224,107562208,17165492273,0/8388608,0
16800000,117790064,84849704,17291447667,8576/8388608,8576
16900000,118213352,127152584,17355522095,8576/8388608,8576
17000000,119042008,104437504,17480562206,8576/8388608,8576
17100000,120225296,16705496,17657811734,8592/8388608,8592
17200000,120536112,59005784,17702300256,8608/8388608,8608
17300000,121305408,36290248,17816762281,4304/8388608,4304
17400000,122096032,13578168,17934690256,116208/8388608,116208
17500000,122731008,55880032,17981795614,0/8388608,0
17600000,123154232,98181192,18045868841,8608/8388608,8608
17700000,123986760,75465824,18171667374,8608/8388608,8608
17800000,124410112,117764336,18235748203,8608/8388608,8608
17900000,125256576,95048752,18363900086,0/8388608,0
18000000,126085056,72337968,18489007683,8592/8388608,8592
18100000,126508344,114637952,18553077992,8576/8388608,8576
18200000,127334312,91920752,18677729468,8592/8388608,8592
18300000,128180776,69204496,18805874970,8592/8388608,8592
18400000,128604080,111503424,18869952519,0/8388608,0
18500000,129431280,88786664,18994803968,8592/8388608,8592
18600000,130257008,66074168,19387381630,8576/8388608,8576
18700000,130984296,43361688,19227346078,8608/8388608,8608
18800000,131727272,20645456,19337886506,8608/8388608,8608
18900000,132052736,62943912,19385095413,8592/8388608,8592
19000000,132825320,40226576,19500088264,120560/8388608,120560
19100000,133892984,17514368,19610807805,0/8388608,0
19200000,133892984,124829408,19610807805,8592/8388608,8592
19300000,134739608,102114272,19738959810,0/8388608,0
19400000,135567480,79402496,19864064330,4304/8388608,4304
19500000,135990656,121705904,19928135408,4304/8388608,4304
19600000,136837120,98994888,20056278987,4304/8388608,4304
19700000,137683600,76281224,20184428782,8576/8388608,8576
19800000,138106856,118580616,20248509400,0/8388608,0
19900000,138932888,95866512,20373374031,8576/8388608,8576
20000000,139779448,73150784,20501523916,8592/8388608,4288
20100000,140179136,115452424,20561715794,8608/8388608,8608
20200000,141025632,92737176,20689866678,8576/8388608,8576
20300000,141771184,70023408,20801305600,4288/8388608,4288
20400000,142502944,47310120,20910309652,0/8388608,0
20500000,143234832,24595376,21019357891,8592/8388608,8576
20600000,143546424,66897096,21064697432,8592/8388608,8592
20700000,144344808,44182648,21184529943,120512/8388608,120512
20800000,144990272,86482664,21230462284,0/8388608,0
20900000,145413480,128784016,21294531298,8592/8388608,8592
21000000,146260104,106070272,21422682246,8592/8388608,8592
21100000,147080600,83355472,21546562151,8592/8388608,8592
21200000,147503872,125655168,21610640807,8608/8388608,8608
21300000,148350352,102941176,21738789648,4288/8388608,4288
21400000,149196896,80226312,21866942627,4304/8388608,4304
21500000,149620200,122525568,21931019195,8592/8388608,8592
21600000,150466712,99810072,22059170036,4288/8388608,4288
21700000,151313288,77097736,22187312521,4304/8388608,8592
21800000,151736576,119398536,22251384893,8592/8388608,8592
21900000,152952376,31668728,22434814172,8592/8388608,8592
22000000,153669288,8955112,22541749670,4320/8388608,4320
22100000,153988640,51253712,22588736269,4288/8388608,4288
22200000,154730784,28536824,22699805329,8576/8388608,8576
22300000,155047432,70835952,22746175904,8592/8388608,8592
22400000,155792712,48125016,22857302064,129136/8388608,129136
22500000,156639160,25409480,22985444452,129120/8388608,129120
22600000,157293368,67708144,23028556410,4288/8388608,4288
22700000,157716608,110006296,23092631759,8576/8388608,8576
22800000,158563104,87290312,23220784702,4288/8388608,4288
22900000,158986360,129590592,23284855930,4304/8388608,4304
23000000,159832808,106877984,23413005669,8592/8388608,8592
23100000,160679352,84166200,23541153422,4304/8388608,4304
23200000,161102624,126465488,23605226824,4304/8388608,4304
23300000,161949120,103750664,23733373432,4288/8388608,4288
23400000,162795632,81034800,23861523371,4288/8388608,4288
23500000,163218936,123331768,23925596787,0/8388608,0
23600000,164038440,100620072,24049402421,8592/8388608,8592
23700000,165198480,12890928,24223943950,0/8388608,0
23800000,165486328,55191568,24266265576,8608/8388608,8608
23900000,166206088,32476904,24373962844,8576/8388608,8576
24000000,166935816,9765536,24483213054,8576/8388608,8576
24100000,167242768,52064560,24528362057,4288/8388608,8576
24200000,167996168,29349928,24641313003,133680/8388608,133680
24300000,168842584,6636416,24769457343,133424/8388608,133424
24400000,169079272,113954824,24746655345,0/8388608,0
24500000,169919432,91239976,25014109425,4304/8388608,4304
24600000,170765848,68524528,25001923558,4288/8388608,4288
24700000,171189040,110824912,25065993679,4304/8388608,4304
24800000,172035536,88109440,25194144452,4304/8388608,4304
24900000,172882032,65392144,25322292128,4304/8388608,4304
25000000,173305320,107690496,25386370739,0/8388608,0
25100000,174138656,84977296,25512363236,4304/8388608,4304
25200000,174561880,127276360,25576431336,4304/8388608,4304
25300000,175408376,104560848,25704579081,8592/8388608,8592
25400000,176254856,81846504,25832720614,4288/8388608,4288
25500000,177014248,59132472,25947047815,8592/8388608,8592
25600000,177731976,36417440,26054784045,8576/8388608,8576
25700000,178463240,13702528,26164493155,4304/8388608,4304
25800000,178790144,56005264,26213192179,8592/8388608,8592
25900000,179520304,33293608,26322734996,0/8388608,0
26000000,180242928,10581152,26431097853,4304/8388608,4304
26100000,180554904,52877904,26477346781,137792/8388608,137792
26200000,181401384,30163944,26605494421,137728/8388608,137728
26300000,182063760,72464672,26645076236,0/8388608,0
26400000,182487064,114762656,26709154837,8608/8388608,8608
26500000,183332744,92046592,26836472134,4288/8388608,4288
26600000,184179320,69331136,26964624182,4288/8388608,4288
26700000,184602656,111631360,27028700719,4304/8388608,4304
26800000,185449152,88918840,27156850559,8608/8388608,8608
26900000,186295696,66206768,27285000416,8608/8388608,8608
27000000,186718936,108506624,27349073741,8576/8388608,8576
27100000,187565496,85790944,27477221559,4288/8388608,8592
27200000,187988752,128091808,27541296025,4288/8388608,4288
27300000,188805152,105374864,27664796787,8592/8388608,8592
27400000,189914648,17649760,27831527036,4288/8388608,4288
27500000,190197344,59945776,27873504776,0/8388608,0
27600000,190915464,37228456,27981366608,0/8388608,0
27700000,191633272,14512360,28089089577,8592/8388608,8592
27800000,191950464,56813632,28136359203,8576/8388608,8576
27900000,192706960,34101848,28250286241,4304/8388608,4304
28000000,193493712,11385704,28368848681,137728/8388608,137728
28100000,193916936,53684960,28432921968,137728/8388608,137728
28200000,194573592,95983792,28472877510,0/8388608,0
28300000,195420152,73269872,28601028459,4304/8388608,4304
28400000,195843376,115569896,28665104904,4304/8388608,4304
28500000,196689888,92858016,28793255624,4304/8388608,4304
28600000,197536352,70143480,28921404187,4304/8388608,4304
28700000,197959608,112441280,28985480685,0/8388608,0
28800000,198806120,89727896,29113621103,0/8388608,0
28900000,199652568,67011160,29241767633,0/8388608,0
29000000,200065376,109311736,29304200759,8592/8388608,8592
29100000,200911872,86596840,29432349583,0/8388608,0
29200000,201334232,128896736,29495520661,8608/8388608,8608
29300000,202466808,41168672,29664075554,4288/8388608,4288
29400000,203162160,18453472,29768616383,4304/8388608,4304
29500000,203442296,60754872,29810286712,8576/8388608,8576
29600000,204175240,38040288,29920682951,8592/8388608,8592
29700000,204908680,15324112,30031083482,8592/8388608,8576
29800000,205218536,57624592,30077144397,8608/8388608,8608
29900000,206013152,34911264,30197005510,137728/8388608,137728
30000000,207087416,12196448,30300973590,0/8388608,0
30100000,207087416,119509024,30300973590,8608/8388608,4288
30200000,207933064,96795128,30563994603,4320/8388608,4320
30300000,208779576,74081408,30557002776,8576/8388608,8576
30400000,209202768,116379824,30621077120,8576/8388608,8576
30500000,210049312,93663584,30749232176,4304/8388608,4304
30600000,210895776,70947080,30877376798,4288/8388608,4288
30700000,211319096,113245168,30941457581,8624/8388608,8624
30800000,212165608,90533760,31069607435,4304/8388608,4304
30900000,213012072,67825536,31197750944,4320/8388608,4320
31000000,213435424,110124672,31261830686,4320/8388608,4320
31100000,214634320,22396704,31442466599,8576/8388608,8576
31200000,214897232,64696136,31479850340,4304/8388608,4304
31300000,215597888,41983944,31585467106,4288/8388608,4288
31400000,216316864,19270736,31693446047,4304/8388608,4304
31500000,216616696,61570400,31738320498,8576/8388608,8576
31600000,217376792,38854320,31852100286,4288/8388608,4288
31700000,218090520,16138120,31959445934,8592/8388608,8592
31800000,218465888,58436976,32016096276,137728/8388608,137728
31900000,219539696,35722064,32120120050,0/8388608,0
32000000,219962888,78019984,32184193266,8608/8388608,8608
32100000,220386176,120321768,32248269751,4304/8388608,4304
32200000,221233272,97607104,32375927653,4304/8388608,4304
32300000,222079864,74892496,32504078742,8592/8388608,8608
32400000,222503120,117190968,32568157315,8592/8388608,8592
32500000,223349744,94475224,32696311496,4288/8388608,4288
32600000,224196208,71760464,32824457127,4288/8388608,4288
32700000,224619496,114061824,32888529403,4304/8388608,4304
32800000,225466024,91345048,33016673036,4304/8388608,4304
32900000,226312552,68630944,33144830162,8592/8388608,8592
33000000,227066592,45919024,33257285110,8592/8388608,8592
33100000,227767536,23205632,33361670300,8592/8388608,8592
33200000,228070528,65506048,33405837545,8608/8388608,8608
33300000,228799648,42791896,33514820424,8608/8388608,8608
33400000,229580672,20076984,33631908733,0/8388608,0
33500000,229834288,62376896,33669574189,4288/8388608,4288
33600000,230592000,39663744,33783930863,137728/8388608,137728
33700000,231438560,16951120,33912078705,137712/8388608,137712
33800000,232076608,59250328,33952201644,0/8388608,0
33900000,232499896,101550712,34016279214,8592/8388608,8592
34000000,233341448,78836912,34143381650,8608/8388608,4304
34100000,233764688,121137744,34207447625,8608/8388608,8608
34200000,234609568,98424784,34334594661,8576/8388608,8576
34300000,235456080,75710584,34462746561,0/8388608,0
34400000,235868472,118010216,34525108570,8608/8388608,8608
34500000,236715016,95294808,34653256380,0/8388608,0
34600000,237561448,72578496,34780382579,8592/8388608,8592
34700000,237984704,114878896,34844461156,4304/8388608,4304
34800000,238831248,92167560,34972604880,4304/8388608,4304
34900000,239968392,4438136,35143612518,8576/8388608,8576
35000000,240185888,46737512,35176377718,4288/8388608,4288
35100000,240899072,24022512,35284104603,8624/8388608,8624
35200000,241138080,66322048,35319940489,8592/8388608,8592
35300000,241940896,43609472,35439466870,8608/8388608,8608
35400000,242644624,20895744,35545613158,8608/8388608,4304
35500000,243012216,63196120,35601089943,133424/8388608,133424
35600000,243858776,40481864,35729241880,133424/8388608,133424
35700000,244502352,82781640,35770640099,4288/8388608,4288
35800000,244925576,125081160,35834715533,4288/8388608,4288
35900000,245772056,102367000,35962865391,4288/8388608,4288
36000000,246618568,79651288,36091022467,8608/8388608,8608
36100000,247041824,121952696,36155097888,0/8388608,0
36200000,247883584,99237768,36282509188,8608/8388608,8608
36300000,248730240,76522416,36410667583,0/8388608,0
36400000,249151272,118819400,36473805279,8592/8388608,8592
36500000,249997816,96107184,36601959271,0/8388608,0
36600000,250835624,73395072,36728266724,8608/8388608,8608
36700000,251624296,50682608,36845346349,8592/8388608,8592
36800000,252374392,27967528,36957228191,8608/8388608,8608
36900000,252745232,70265752,37011194857,8624/8388608,8624
37000000,253492752,47552320,37122633301,8576/8388608,8576
37100000,254223312,24838672,37232400654,8592/8388608,8592
37200000,254541008,67137848,37279391422,8592/8388608,8592
37300000,255312784,44422160,37396031653,137712/8388608,137712
37400000,256159344,21707696,37524185695,137728/8388608,137728
37500000,256797136,64006376,37564781227,0/8388608,0
37600000,257220440,106306792,37628860959,0/8388608,0
37700000,258065464,83592552,37756467027,0/8388608,0
37800000,258486656,125892816,37820080005,8608/8388608,8608
37900000,259333120,103177136,37948228703,4288/8388608,4288
38000000,260179632,80461728,38076383717,0/8388608,0
38100000,260602936,122760984,38140461324,0/8388608,0
38200000,261449512,100046368,38268614334,0/8388608,0
38300000,262287928,77332792,38395557884,4288/8388608,4288
38400000,262711200,119631992,38459635447,4288/8388608,4288
38500000,263557776,96917592,38587786414,8576/8388608,8576
38600000,264617976,9190248,38748119505,8592/8388608,8592
38700000,264976144,51490872,38798118469,8576/8388608,8576
38800000,265668448,28775064,38902870785,8576/8388608,8576
38900000,266025744,71074320,38955139100,8608/8388608,8608
39000000,266749776,48357048,39064127661,8592/8388608,8592
39100000,267479864,25644408,39173542714,8576/8388608,8576
39200000,267799184,67943352,39221739827,137776/8388608,137776
39300000,268645728,45226936,39349892815,137728/8388608,137728
39400000,269288040,87527504,39389303106,0/8388608,0
39500000,269711280,129828392,39453380651,8608/8388608,8608
39600000,270557696,107112976,39581524007,0/8388608,0
39700000,271400272,84400696,39708224457,8592/8388608,8592
39800000,271823560,126698976,39772299996,8592/8388608,8592
39900000,272670120,103983736,39900450949,0/8388608,0
40000000,273499272,81269880,40025507545,8608/8388608,8608
40100000,273922560,123569464,40089589350,8608/8388608,8608
40200000,274768976,100854568,40217736974,0/8388608,0
40300000,275599120,78139872,40342931085,8592/8388608,8592
40400000,276022456,120438712,40407010821,8608/8388608,8608
40500000,277112864,32709400,40568823260,8576/8388608,8576
40600000,277849048,9994936,40678664684,8592/8388608,8592
40700000,278147176,52295488,40723223370,8608/8388608,8608
40800000,278858328,29580840,40830444688,4288/8388608,4288
40900000,279540488,6866088,40933685650,8592/8388608,8592
41000000,279830112,49165000,40977101876,0/8388608,0
41100000,280565424,26449464,41088281485,133424/8388608,133424
41200000,280988728,68748760,41152359109,137712/8388608,133424
41300000,281631040,111048800,41192035206,0/8388608,0
41400000,282477632,88329840,41320193507,0/8388608,0
41500000,283324152,65615016,41448193574,0/8388608,0
41600000,283738400,107913144,41510376026,8608/8388608,8608
41700000,284585040,85197480,41638530314,0/8388608,0
41800000,285009824,127499376,41701905109,8608/8388608,8608
41900000,285856320,104785344,41830051771,8592/8388608,8592
42000000,286690768,82072144,41955864110,8592/8388608,8592
42100000,287113992,124374208,42019936381,8592/8388608,8592
42200000,287945560,101661896,42145286439,8592/8388608,8592
42300000,289187680,13933032,42332321324,8592/8388608,8592
42400000,289417160,56233360,42366223217,0/8388608,0
42500000,290104584,33519752,42469649783,4304/8388608,4304
42600000,290802312,10805080,42575138423,8592/8388608,8592
42700000,291093400,53104696,42618747678,8576/8388608,8576
42800000,291898664,30390824,42738424660,4304/8388608,4304
42900000,292248464,72688912,42790911076,133424/8388608,133424
43000000,293094960,49975248,42919059770,133424/8388608,133424
43100000,293734648,92272144,42960651846,0/8388608,0
43200000,294581048,69559432,43088796192,0/8388608,0
43300000,295005296,111855176,43152693333,0/8388608,0
43400000,295849296,89142552,43280455193,8608/8388608,8608
43500000,296695056,66426360,43407617754,4304/8388608,4304
43600000,297118280,108726656,43471693172,4288/8388608,4288
43700000,297964840,86009944,43599841985,4304/8388608,4304
43800000,298388192,128303952,43663919593,4288/8388608,4288
43900000,299234784,105587864,43792078921,4288/8388608,4288
44000000,300081296,82874016,43920228855,4304/8388608,4304
44100000,300504568,125170968,43984302204,4288/8388608,4288
44200000,301683720,37441040,44160037913,8608/8388608,8608
44300000,302389096,14725752,44265910422,4304/8388608,4304
44400000,302764544,57027472,44320962914,4304/8388608,4304
44500000,303476448,34316448,44428326284,8592/8388608,8592
44600000,304178648,11603640,44534198628,8592/8388608,8592
44700000,304481952,53903568,44579402776,0/8388608,0
44800000,305291744,31189536,44701910349,137728/8388608,137728
44900000,306368400,8476576,44806491238,0/8388608,0
45000000,306368400,115791832,44806491238,4304/8388608,4304
45100000,307214880,93076864,44934634674,8608/8388608,8608
45200000,308052192,70359576,45060721962,8608/8388608,8608
45300000,308475464,112660720,45124798435,8608/8388608,8608
45400000,309308168,89944536,45520658105,4304/8388608,8608
45500000,310154776,67235584,45378512451,0/8388608,0
45600000,310496752,109531352,45428058491,8576/8388608,8576
45700000,311664976,21803408,45603429900,8608/8388608,8608
45800000,312005792,64100728,45653593326,8592/8388608,8592
