opseq,index_size,memtable_size,sst_size,block_cache/block_cache_capacity,block_cache_pinned_usage
100,0,112496,0,0/8388608,0
200,0,219808,0,0/8388608,0
300,0,327152,0,0/8388608,0
400,0,434528,0,0/8388608,0
500,0,541800,0,0/8388608,0
600,0,649120,0,0/8388608,0
700,0,756416,0,0/8388608,0
800,0,863776,0,0/8388608,0
900,0,971056,0,0/8388608,0
1000,0,1078352,0,0/8388608,0
1500,0,1614864,0,0/8388608,0
2000,0,2151448,0,0/8388608,0
2500,0,2687872,0,0/8388608,0
3000,0,3224320,0,0/8388608,0
3500,0,3760736,0,0/8388608,0
4000,0,4297328,0,0/8388608,0
4500,0,4833920,0,0/8388608,0
5000,0,5370272,0,0/8388608,0
6000,0,6443296,0,0/8388608,0
7000,0,7516464,0,0/8388608,0
8000,0,8594152,0,0/8388608,0
9000,0,9667160,0,0/8388608,0
10000,0,10740408,0,0/8388608,0
15000,0,16106168,0,0/8388608,0
20000,0,21476600,0,0/8388608,0
25000,0,26846456,0,0/8388608,0
30000,0,32211992,0,0/8388608,0
35000,0,37581960,0,0/8388608,0
40000,0,42951608,0,0/8388608,0
45000,0,48316288,0,0/8388608,0
50000,0,53685560,0,0/8388608,0
60000,0,64420984,0,0/8388608,0
70000,0,75161520,0,0/8388608,0
80000,0,85896560,0,0/8388608,0
90000,0,96631696,0,0/8388608,0
100000,0,107371504,0,0/8388608,0
150000,20392,95988504,1479673,0/8388608,0
200000,24128,84599560,1733466,0/8388608,0
250000,26680,73243624,1893885,0/8388608,0
300000,28688,61884744,2017086,0/8388608,0
350000,28688,115542880,2016430,0/8388608,0
400000,30440,104186640,2118377,0/8388608,0
450000,31104,92827688,4088458,0/8388608,0
500000,32440,81470296,2269941,0/8388608,0
600000,32256,123768888,2330839,0/8388608,0
700000,34624,101056856,2453982,0/8388608,0
800000,36800,78343520,2562596,0/8388608,0
900000,37408,55629176,2652793,0/8388608,0
1000000,38408,97930272,2698744,0/8388608,0
1100000,38744,75218344,2779067,0/8388608,0
1200000,40648,52501616,2861592,0/8388608,0
1300000,41568,94803880,2901458,0/8388608,0
1400000,41680,72087248,2970859,0/8388608,0
1500000,43456,49374232,3045443,21440/8388608,21440
1600000,42664,91674208,3074218,0/8388608,0
1700000,44440,68959384,3146783,0/8388608,0
1800000,45312,111257024,3182259,0/8388608,0
1900000,45472,88542880,3245471,0/8388608,0
2000000,47216,65829376,3315445,0/8388608,0
2100000,47280,43114840,3378376,0/8388608,0
2200000,48152,85413640,3413553,0/8388608,0
2300000,47296,127712560,3440806,0/8388608,0
2400000,49960,39983280,3548902,0/8388608,0
2500000,50848,82282600,3585630,0/8388608,0
2600000,50896,59566968,3651511,0/8388608,0
2700000,51784,101867912,3689355,0/8388608,0
2800000,51944,79152312,3759388,0/8388608,0
2900000,53816,56436688,3840696,0/8388608,0
3000000,54768,98737048,3883038,0/8388608,0
3100000,55168,76022328,3964847,0/8388608,0
3200000,57200,53308464,4060148,0/8388608,0
3300000,56680,95608344,4104518,0/8388608,0
3400000,58920,72893584,4216670,0/8388608,0
3500000,60096,115191632,4278415,0/8388608,0
3600000,61120,92480984,4408682,0/8388608,0
3700000,64064,69766672,4584606,0/8388608,0
3800000,64744,112068784,4687663,0/8388608,0
3900000,69912,89354344,5024313,0/8388608,0
