opseq,index_size,memtable_size,sst_size,block_cache/block_cache_capacity,block_cache_pinned_usage
100,0,16080,0,0/8388608,0
200,0,27456,0,0/8388608,0
300,0,38800,0,0/8388608,0
400,0,50144,0,0/8388608,0
500,0,61552,0,0/8388608,0
600,0,72952,0,0/8388608,0
700,0,84208,0,0/8388608,0
800,0,95488,0,0/8388608,0
900,0,106768,0,0/8388608,0
1000,0,118048,0,0/8388608,0
1500,0,174608,0,0/8388608,0
2000,0,231248,0,0/8388608,0
2500,0,287880,0,0/8388608,0
3000,0,344480,0,0/8388608,0
3500,0,400992,0,0/8388608,0
4000,0,457536,0,0/8388608,0
4500,0,514000,0,0/8388608,0
5000,0,570512,0,0/8388608,0
6000,0,683360,0,0/8388608,0
7000,0,796176,0,0/8388608,0
8000,0,909376,0,0/8388608,0
9000,0,1022416,0,0/8388608,0
10000,0,1135808,0,0/8388608,0
15000,0,1701088,0,0/8388608,0
20000,0,2266208,0,0/8388608,0
25000,0,2831552,0,0/8388608,0
30000,0,3396560,0,0/8388608,0
35000,0,3962440,0,0/8388608,0
40000,0,4528008,0,0/8388608,0
45000,0,5093152,0,0/8388608,0
50000,0,5658720,0,0/8388608,0
60000,0,6789592,0,0/8388608,0
70000,0,7920608,0,0/8388608,0
80000,0,9055368,0,0/8388608,0
90000,0,10186760,0,0/8388608,0
100000,0,11318224,0,0/8388608,0
150000,0,16976728,0,0/8388608,0
200000,0,22629512,0,0/8388608,0
250000,0,28286400,0,0/8388608,0
300000,0,33942968,0,0/8388608,0
350000,0,39596408,0,0/8388608,0
400000,0,45255408,0,0/8388608,0
450000,0,50912824,0,0/8388608,0
500000,0,56565592,0,0/8388608,0
600000,0,67882856,0,0/8388608,0
700000,23080,14147696,888379,0/8388608,0
800000,23080,25454328,888379,0/8388608,0
900000,23080,36760296,888379,0/8388608,0
1000000,23080,48067504,888379,0/8388608,0
1100000,23080,59373240,888379,0/8388608,0
1200000,26672,5659576,1025424,0/8388608,0
1300000,26672,16966040,1025424,0/8388608,0
1400000,26672,28272392,1025424,0/8388608,0
1500000,26672,39576704,1025424,0/8388608,0
1600000,26672,50883392,1025424,0/8388608,0
1700000,26672,62189960,1025424,0/8388608,0
1800000,29096,8482184,1113571,0/8388608,0
1900000,29096,19790952,1113571,0/8388608,0
2000000,29096,31097752,1113571,0/8388608,0
2100000,29096,42404408,1113571,0/8388608,0
2200000,29096,53712008,1113571,0/8388608,0
2300000,29096,65021704,1113571,0/8388608,0
2400000,30008,11318352,1110133,0/8388608,0
2500000,30008,22624304,1110133,0/8388608,0
2600000,30008,33930408,1110133,0/8388608,0
2700000,30008,45237256,1110133,0/8388608,0
2800000,30008,56545488,1110133,0/8388608,0
2900000,30008,67852112,1110133,0/8388608,0
3000000,31680,14142024,1163815,0/8388608,0
3100000,31680,25449792,1163815,0/8388608,0
3200000,31680,36754096,1163815,0/8388608,0
3300000,31680,48060408,1163815,0/8388608,0
3400000,31680,59367592,1163815,0/8388608,0
3500000,33128,5662728,1207613,0/8388608,0
3600000,33128,16967904,1207613,0/8388608,0
3700000,33128,28274296,1207613,0/8388608,0
3800000,33128,39582896,1207613,0/8388608,0
3900000,33128,50888288,1207613,0/8388608,0
4000000,33128,62194600,1207613,0/8388608,0
4100000,34432,8489256,1247228,0/8388608,0
4200000,34432,19794632,1247228,0/8388608,0
4300000,34432,31102088,1247228,0/8388608,0
4400000,34432,42407784,1247228,0/8388608,0
4500000,34432,53716528,1247228,0/8388608,0
4600000,34432,65022784,1247228,0/8388608,0
4700000,35576,11316136,1281813,0/8388608,0
4800000,33992,22626400,1265427,0/8388608,0
4900000,33992,33934496,1265427,0/8388608,0
5000000,33992,45241320,1265427,0/8388608,0
5100000,33992,56548704,1265427,0/8388608,0
5200000,33992,67856048,1265427,0/8388608,0
5300000,35104,14149432,1296511,0/8388608,0
5400000,35104,25457960,1296511,0/8388608,0
5500000,35104,36763312,1296511,0/8388608,0
5600000,35104,48070504,1296511,0/8388608,0
5700000,35104,59377944,1296511,0/8388608,0
5800000,35104,70686752,1296511,0/8388608,0
5900000,36184,16978464,1325556,0/8388608,0
6000000,36184,28285224,1325556,0/8388608,0
6100000,36184,39591728,1325556,0/8388608,0
6200000,36184,50900848,1325556,0/8388608,0
6300000,36184,62206104,1325556,0/8388608,0
6400000,37136,8501568,1352488,0/8388608,0
6500000,37136,19809424,1352488,0/8388608,0
6600000,37136,31117856,1352488,0/8388608,0
6700000,37136,42424392,1352488,0/8388608,0
6800000,37136,53730336,1352488,0/8388608,0
6900000,37136,65037136,1352488,0/8388608,0
7000000,36616,11328048,1366254,0/8388608,0
7100000,36616,22635392,1366254,0/8388608,0
7200000,36616,33944464,1366254,0/8388608,0
7300000,36616,45247232,1366254,0/8388608,0
7400000,36616,56553888,1366254,0/8388608,0
7500000,36616,67860240,1366254,0/8388608,0
7600000,37568,14152056,1389496,0/8388608,0
7700000,37568,25461064,1389496,0/8388608,0
7800000,37568,36768096,1389496,0/8388608,0
7900000,37568,48076120,1389496,0/8388608,0
8000000,37568,59383712,1389496,0/8388608,0
8100000,38472,5678760,1412027,0/8388608,0
8200000,38472,16983648,1412027,0/8388608,0
8300000,38472,28289848,1412027,0/8388608,0
8400000,38472,39597192,1412027,0/8388608,0
8500000,38472,50902840,1412027,0/8388608,0
8600000,38472,62210448,1412027,0/8388608,0
8700000,39376,8503960,1433195,0/8388608,0
8800000,39376,19813288,1433195,0/8388608,0
8900000,39376,31121352,1433195,0/8388608,0
9000000,39376,42427528,1433195,0/8388608,0
9100000,39376,53733984,1433195,0/8388608,0
9200000,39376,65041200,1433195,0/8388608,0
9300000,38664,11333624,1443948,0/8388608,0
9400000,38664,22643648,1443948,0/8388608,0
9500000,38664,33948432,1443948,0/8388608,0
9600000,38664,45253480,1443948,0/8388608,0
9700000,38664,56560768,1443948,0/8388608,0
9800000,38664,67866456,1443948,0/8388608,0
9900000,39440,14161512,1463013,0/8388608,0
10000000,39440,25468672,1463013,0/8388608,0
10100000,39440,36774784,1463013,0/8388608,0
10200000,39440,48080728,1463013,0/8388608,0
10300000,39440,59387256,1463013,0/8388608,0
10400000,40184,5678504,1481099,0/8388608,0
10500000,40184,16984928,1481099,0/8388608,0
10600000,40184,28292480,1481099,0/8388608,0
10700000,40184,39597952,1481099,0/8388608,0
10800000,40184,50906096,1481099,0/8388608,0
10900000,40184,62215496,1481099,0/8388608,0
11000000,40928,8508936,1498608,0/8388608,0
11100000,40928,19816352,1498608,0/8388608,0
11200000,40928,31120296,1498608,0/8388608,0
11300000,40928,42427064,1498608,0/8388608,0
11400000,40928,53735976,1498608,0/8388608,0
11500000,40928,65044792,1498608,0/8388608,0
11600000,41672,11338088,1515471,0/8388608,0
11700000,40328,22647384,1507820,0/8388608,0
11800000,40328,33955952,1507820,0/8388608,0
11900000,40328,45263800,1507820,0/8388608,0
12000000,40328,56570384,1507820,0/8388608,0
12100000,40328,67875576,1507820,0/8388608,0
12200000,41072,14167576,1524238,0/8388608,0
12300000,41072,25474680,1524238,0/8388608,0
12400000,41072,36781056,1524238,0/8388608,0
12500000,41072,48086328,1524238,0/8388608,0
12600000,41072,59393184,1524238,0/8388608,0
12700000,41816,5689408,1540132,0/8388608,0
12800000,41816,16995216,1540132,0/8388608,0
12900000,41816,28303160,1540132,0/8388608,0
13000000,41816,39611200,1540132,0/8388608,0
13100000,41816,50916176,1540132,0/8388608,0
13200000,41816,62221896,1540132,0/8388608,0
13300000,42560,8516072,1555539,0/8388608,0
13400000,42560,19824392,1555539,0/8388608,0
13500000,42560,31132104,1555539,0/8388608,0
13600000,42560,42438216,1555539,0/8388608,0
13700000,42560,53745936,1555539,0/8388608,0
13800000,42560,65053760,1555539,0/8388608,0
13900000,43272,11347440,1571097,0/8388608,0
14000000,41688,22653080,1563191,0/8388608,0
14100000,41688,33958256,1563191,0/8388608,0
14200000,41688,45267464,1563191,0/8388608,0
14300000,41688,56573296,1563191,0/8388608,0
14400000,41688,67879456,1563191,0/8388608,0
14500000,42400,14171064,1578378,0/8388608,0
14600000,42400,25479160,1578378,0/8388608,0
14700000,42400,36786840,1578378,0/8388608,0
14800000,42400,48095448,1578378,0/8388608,0
14900000,42400,59400296,1578378,0/8388608,0
15000000,43112,5692768,1592733,0/8388608,0
15100000,43112,16999600,1592733,0/8388608,0
15200000,43112,28308664,1592733,0/8388608,0
15300000,43112,39615248,1592733,0/8388608,0
15400000,43112,50920048,1592733,0/8388608,0
15500000,43112,62227856,1592733,0/8388608,0
15600000,43824,8520808,1606706,0/8388608,0
15700000,43824,19828912,1606706,0/8388608,0
15800000,43824,31135784,1606706,0/8388608,0
15900000,43824,42442984,1606706,0/8388608,0
16000000,43824,53750512,1606706,0/8388608,0
16100000,43824,65056704,1606706,0/8388608,0
16200000,44536,11349928,1620912,0/8388608,0
16300000,42984,22656928,1612751,0/8388608,0
16400000,42984,33962416,1612751,0/8388608,0
16500000,42984,45268088,1612751,0/8388608,0
16600000,42984,56574720,1612751,0/8388608,0
16700000,42984,67882192,1612751,0/8388608,0
16800000,43696,14174840,1626159,0/8388608,0
16900000,43696,25482688,1626159,0/8388608,0
17000000,43696,36789168,1626159,0/8388608,0
17100000,43696,48096192,1626159,0/8388608,0
17200000,43696,59402608,1626159,0/8388608,0
17300000,44408,5696600,1639241,0/8388608,0
17400000,44408,17004288,1639241,0/8388608,0
17500000,44408,28310088,1639241,0/8388608,0
17600000,44408,39617488,1639241,0/8388608,0
17700000,44408,50923856,1639241,0/8388608,0
17800000,44408,62229800,1639241,0/8388608,0
17900000,45120,8524328,1652124,0/8388608,0
18000000,45120,19830160,1652124,0/8388608,0
18100000,45120,31137536,1652124,0/8388608,0
18200000,45120,42443256,1652124,0/8388608,0
18300000,45120,53749672,1652124,0/8388608,0
18400000,45120,65059200,1652124,0/8388608,0
18500000,45832,11351936,1664852,0/8388608,0
18600000,44264,22657176,1657898,0/8388608,0
18700000,44264,33963664,1657898,0/8388608,0
18800000,44264,45271960,1657898,0/8388608,0
18900000,44264,56578416,1657898,0/8388608,0
19000000,44264,67885592,1657898,0/8388608,0
19100000,44848,14178392,1670332,0/8388608,0
19200000,44848,25485296,1670332,0/8388608,0
19300000,44848,36793152,1670332,0/8388608,0
19400000,44848,48099656,1670332,0/8388608,0
19500000,44848,59405272,1670332,0/8388608,0
19600000,45432,5698352,1682483,0/8388608,0
19700000,45432,17004912,1682483,0/8388608,0
19800000,45432,28312344,1682483,0/8388608,0
19900000,45432,39620472,1682483,0/8388608,0
20000000,45432,50929536,1682483,0/8388608,0
20100000,45432,62237136,1682483,0/8388608,0
20200000,46016,8530000,1694869,0/8388608,0
20300000,46016,19836024,1694869,0/8388608,0
20400000,46016,31143896,1694869,0/8388608,0
20500000,46016,42450104,1694869,0/8388608,0
20600000,46016,53753856,1694869,0/8388608,0
20700000,46016,65061432,1694869,0/8388608,0
20800000,45240,11355512,1699758,0/8388608,0
20900000,45240,22661928,1699758,0/8388608,0
21000000,45240,33966336,1699758,0/8388608,0
21100000,45240,45271000,1699758,0/8388608,0
21200000,45240,56579024,1699758,0/8388608,0
21300000,45240,67889024,1699758,0/8388608,0
21400000,45808,14182920,1711774,0/8388608,0
21500000,45808,25488384,1711774,0/8388608,0
21600000,45808,36793248,1711774,0/8388608,0
21700000,45808,48097752,1711774,0/8388608,0
21800000,45808,59403704,1711774,0/8388608,0
21900000,46376,5695512,1723050,0/8388608,0
22000000,46376,17003848,1723050,0/8388608,0
22100000,46376,28309528,1723050,0/8388608,0
22200000,46376,39614736,1723050,0/8388608,0
22300000,46376,50921304,1723050,0/8388608,0
22400000,46376,62230536,1723050,0/8388608,0
22500000,46944,8525080,1734263,0/8388608,0
22600000,46944,19829992,1734263,0/8388608,0
22700000,46944,31136536,1734263,0/8388608,0
22800000,46944,42443304,1734263,0/8388608,0
22900000,46944,53749160,1734263,0/8388608,0
23000000,46944,65058080,1734263,0/8388608,0
23100000,47512,11352648,1745287,0/8388608,0
23200000,46328,22658656,1738725,0/8388608,0
23300000,46328,33964592,1738725,0/8388608,0
23400000,46328,45271544,1738725,0/8388608,0
23500000,46328,56575320,1738725,0/8388608,0
23600000,46328,67884624,1738725,0/8388608,0
23700000,46896,14176920,1749588,0/8388608,0
23800000,46896,25485040,1749588,0/8388608,0
23900000,46896,36791480,1749588,0/8388608,0
24000000,46896,48097368,1749588,0/8388608,0
24100000,46896,59403592,1749588,0/8388608,0
24200000,47464,5698952,1760850,0/8388608,0
24300000,47464,17004160,1760850,0/8388608,0
24400000,47464,28310976,1760850,0/8388608,0
24500000,47464,39617312,1760850,0/8388608,0
24600000,47464,50925408,1760850,0/8388608,0
24700000,47464,62231120,1760850,0/8388608,0
24800000,48032,8523928,1771512,0/8388608,0
24900000,48032,19828272,1771512,0/8388608,0
25000000,48032,31136264,1771512,0/8388608,0
25100000,48032,42446888,1771512,0/8388608,0
25200000,48032,53754640,1771512,0/8388608,0
25300000,48032,65064920,1771512,0/8388608,0
25400000,48600,11361032,1782054,0/8388608,0
25500000,47272,22667264,1775286,0/8388608,0
25600000,47272,33972304,1775286,0/8388608,0
25700000,47272,45278568,1775286,0/8388608,0
25800000,47272,56585768,1775286,0/8388608,0
25900000,47272,67896192,1775286,0/8388608,0
26000000,47840,14191072,1786213,0/8388608,0
26100000,47840,25499304,1786213,0/8388608,0
26200000,47840,36806456,1786213,0/8388608,0
26300000,47840,48113944,1786213,0/8388608,0
26400000,47840,59420184,1786213,0/8388608,0
26500000,48408,5713864,1796557,0/8388608,0
26600000,48408,17018976,1796557,0/8388608,0
26700000,48408,28324664,1796557,0/8388608,0
26800000,48408,39627760,1796557,0/8388608,0
26900000,48408,50934504,1796557,0/8388608,0
27000000,48408,62239576,1796557,0/8388608,0
27100000,48976,8532208,1807307,0/8388608,0
27200000,48976,19838960,1807307,0/8388608,0
27300000,48976,31143552,1807307,0/8388608,0
27400000,48976,42449960,1807307,0/8388608,0
27500000,48976,53755664,1807307,0/8388608,0
27600000,48976,65063088,1807307,0/8388608,0
27700000,49544,11356224,1817975,0/8388608,0
27800000,48216,22662960,1810636,0/8388608,0
27900000,48216,33969320,1810636,0/8388608,0
28000000,48216,45278168,1810636,0/8388608,0
28100000,48216,56584096,1810636,0/8388608,0
28200000,48216,67891552,1810636,0/8388608,0
28300000,48784,14186608,1820985,0/8388608,0
28400000,48784,25492088,1820985,0/8388608,0
28500000,48784,36800384,1820985,0/8388608,0
28600000,48784,48105872,1820985,0/8388608,0
28700000,48784,59411672,1820985,0/8388608,0
28800000,49352,5705368,1830956,0/8388608,0
28900000,49352,17011608,1830956,0/8388608,0
29000000,49352,28317864,1830956,0/8388608,0
29100000,49352,39625184,1830956,0/8388608,0
29200000,49352,50931896,1830956,0/8388608,0
29300000,49352,62237928,1830956,0/8388608,0
29400000,49920,8531352,1840952,0/8388608,0
29500000,49920,19840480,1840952,0/8388608,0
29600000,49920,31147016,1840952,0/8388608,0
29700000,49920,42454264,1840952,0/8388608,0
29800000,49920,53760408,1840952,0/8388608,0
29900000,49920,65067968,1840952,0/8388608,0
30000000,50488,11359528,1851059,0/8388608,0
30100000,49016,22667616,1844583,0/8388608,0
30200000,49016,33975728,1844583,0/8388608,0
30300000,49016,45283064,1844583,0/8388608,0
30400000,49016,56588504,1844583,0/8388608,0
30500000,49016,67896480,1844583,0/8388608,0
30600000,49600,14191416,1854617,0/8388608,0
30700000,49600,25499744,1854617,0/8388608,0
30800000,49600,36803576,1854617,0/8388608,0
30900000,49600,48108664,1854617,0/8388608,0
31000000,49600,59414272,1854617,0/8388608,0
31100000,50168,5709016,1864185,0/8388608,0
31200000,50168,17014752,1864185,0/8388608,0
31300000,50168,28318728,1864185,0/8388608,0
31400000,50168,39626800,1864185,0/8388608,0
31500000,50168,50933776,1864185,0/8388608,0
31600000,50168,62238168,1864185,0/8388608,0
31700000,50736,8531592,1873775,0/8388608,0
31800000,50736,19837360,1873775,0/8388608,0
31900000,50736,31141464,1873775,0/8388608,0
32000000,50736,42447552,1873775,0/8388608,0
32100000,50736,53756688,1873775,0/8388608,0
32200000,50736,65066904,1873775,0/8388608,0
32300000,51304,11361448,1883886,0/8388608,0
32400000,49896,22666656,1877265,0/8388608,0
32500000,49896,33974224,1877265,0/8388608,0
32600000,49896,45280072,1877265,0/8388608,0
32700000,49896,56586912,1877265,0/8388608,0
32800000,49896,67893488,1877265,0/8388608,0
32900000,50464,14183208,1886661,0/8388608,0
33000000,50464,25490856,1886661,0/8388608,0
33100000,50464,36796840,1886661,0/8388608,0
33200000,50464,48103864,1886661,0/8388608,0
33300000,50464,59411320,1886661,0/8388608,0
33400000,51032,5702680,1896752,0/8388608,0
33500000,51032,17011232,1896752,0/8388608,0
33600000,51032,28316600,1896752,0/8388608,0
33700000,51032,39621760,1896752,0/8388608,0
33800000,51032,50928528,1896752,0/8388608,0
33900000,51032,62235616,1896752,0/8388608,0
34000000,51600,8529584,1906846,0/8388608,0
34100000,51600,19834672,1906846,0/8388608,0
34200000,51600,31139368,1906846,0/8388608,0
34300000,51600,42445208,1906846,0/8388608,0
34400000,51600,53755072,1906846,0/8388608,0
34500000,51600,65064256,1906846,0/8388608,0
34600000,52168,11355416,1916934,0/8388608,0
34700000,50712,22660520,1908935,0/8388608,0
34800000,50712,33968272,1908935,0/8388608,0
34900000,50712,45276256,1908935,0/8388608,0
35000000,50712,56582880,1908935,0/8388608,0
35100000,50712,67887952,1908935,0/8388608,0
35200000,51280,14181656,1918152,0/8388608,0
35300000,51280,25490824,1918152,0/8388608,0
35400000,51280,36796688,1918152,0/8388608,0
35500000,51280,48101800,1918152,0/8388608,0
35600000,51280,59407768,1918152,0/8388608,0
35700000,51848,5700456,1927834,0/8388608,0
35800000,51848,17006968,1927834,0/8388608,0
35900000,51848,28312488,1927834,0/8388608,0
36000000,51848,39618712,1927834,0/8388608,0
36100000,51848,50926432,1927834,0/8388608,0
36200000,51848,62232344,1927834,0/8388608,0
36300000,52416,8526888,1937534,0/8388608,0
36400000,52416,19832128,1937534,0/8388608,0
36500000,52416,31137880,1937534,0/8388608,0
36600000,52416,42443592,1937534,0/8388608,0
36700000,52416,53751912,1937534,0/8388608,0
36800000,52416,65060928,1937534,0/8388608,0
36900000,51464,11352008,1939666,0/8388608,0
37000000,51464,22658832,1939666,0/8388608,0
37100000,51464,33964288,1939666,0/8388608,0
37200000,51464,45270096,1939666,0/8388608,0
37300000,51464,56573688,1939666,0/8388608,0
37400000,51464,67881584,1939666,0/8388608,0
37500000,52032,14175064,1948988,0/8388608,0
37600000,52032,25484936,1948988,0/8388608,0
37700000,52032,36791872,1948988,0/8388608,0
37800000,52032,48096328,1948988,0/8388608,0
37900000,52032,59404840,1948988,0/8388608,0
38000000,52616,5698568,1958561,0/8388608,0
38100000,52616,17005456,1958561,0/8388608,0
38200000,52616,28314448,1958561,0/8388608,0
38300000,52616,39620272,1958561,0/8388608,0
38400000,52616,50926752,1958561,0/8388608,0
38500000,52616,62235264,1958561,0/8388608,0
38600000,53184,8527816,1967485,0/8388608,0
38700000,53184,19836064,1967485,0/8388608,0
38800000,53184,31143840,1967485,0/8388608,0
38900000,53184,42452104,1967485,0/8388608,0
39000000,53184,53757560,1967485,0/8388608,0
39100000,53184,65061264,1967485,0/8388608,0
39200000,53752,11353520,1976661,0/8388608,0
39300000,52344,22660000,1970155,0/8388608,0
39400000,52344,33965408,1970155,0/8388608,0
39500000,52344,45272024,1970155,0/8388608,0
39600000,52344,56578112,1970155,0/8388608,0
39700000,52344,67888728,1970155,0/8388608,0
39800000,52912,14183096,1978937,0/8388608,0
39900000,52912,25488632,1978937,0/8388608,0
40000000,52912,36797320,1978937,0/8388608,0
40100000,52912,48103016,1978937,0/8388608,0
40200000,52912,59408112,1978937,0/8388608,0
40300000,53480,5702424,1987878,0/8388608,0
40400000,53480,17010624,1987878,0/8388608,0
40500000,53480,28316168,1987878,0/8388608,0
40600000,53480,39624712,1987878,0/8388608,0
40700000,53480,50932448,1987878,0/8388608,0
40800000,53480,62239968,1987878,0/8388608,0
40900000,54048,8532600,1996730,0/8388608,0
41000000,54048,19838752,1996730,0/8388608,0
41100000,54048,31145032,1996730,0/8388608,0
41200000,54048,42450680,1996730,0/8388608,0
41300000,54048,53756408,1996730,0/8388608,0
41400000,54048,65064672,1996730,0/8388608,0
41500000,54616,11357992,2005631,0/8388608,0
41600000,53080,22664800,1999531,0/8388608,0
41700000,53080,33972384,1999531,0/8388608,0
41800000,53080,45280184,1999531,0/8388608,0
41900000,53080,56587952,1999531,0/8388608,0
42000000,53080,67896912,1999531,0/8388608,0
42100000,53664,14188840,2008342,0/8388608,0
42200000,53664,25496784,2008342,0/8388608,0
42300000,53664,36802544,2008342,0/8388608,0
42400000,53664,48109000,2008342,0/8388608,0
42500000,53664,59419408,2008342,0/8388608,0
42600000,54232,5711936,2017111,0/8388608,0
42700000,54232,17018576,2017111,0/8388608,0
42800000,54232,28323656,2017111,0/8388608,0
42900000,54232,39629904,2017111,0/8388608,0
43000000,54232,50936048,2017111,0/8388608,0
43100000,54232,62242952,2017111,0/8388608,0
43200000,54800,8537944,2026379,0/8388608,0
43300000,54800,19844960,2026379,0/8388608,0
43400000,54800,31151864,2026379,0/8388608,0
43500000,54800,42459832,2026379,0/8388608,0
43600000,54800,53765456,2026379,0/8388608,0
43700000,54800,65073632,2026379,0/8388608,0
43800000,55368,11367192,2035276,0/8388608,0
43900000,53848,22674744,2028779,0/8388608,0
44000000,53848,33981536,2028779,0/8388608,0
44100000,53848,45285304,2028779,0/8388608,0
44200000,53848,56592000,2028779,0/8388608,0
44300000,53848,67898864,2028779,0/8388608,0
44400000,54432,14192120,2037560,0/8388608,0
44500000,54432,25499104,2037560,0/8388608,0
44600000,54432,36803984,2037560,0/8388608,0
44700000,54432,48109448,2037560,0/8388608,0
44800000,54432,59412712,2037560,0/8388608,0
44900000,55000,5706312,2046411,0/8388608,0
45000000,55000,17014040,2046411,0/8388608,0
45100000,55000,28322864,2046411,0/8388608,0
45200000,55000,39631032,2046411,0/8388608,0
45300000,55000,50937384,2046411,0/8388608,0
45400000,55000,62243432,2046411,0/8388608,0
45500000,55568,8537136,2055206,0/8388608,0
45600000,55568,19842288,2055206,0/8388608,0
45700000,55568,31148984,2055206,0/8388608,0
45800000,55568,42455432,2055206,0/8388608,0
45900000,55568,53762272,2055206,0/8388608,0
46000000,55568,65068808,2055206,0/8388608,0
46100000,56136,11360568,2063965,0/8388608,0
46200000,54616,22667968,2057851,0/8388608,0
46300000,54616,33977008,2057851,0/8388608,0
46400000,54616,45282856,2057851,0/8388608,0
46500000,54616,56591544,2057851,0/8388608,0
46600000,54616,67897568,2057851,0/8388608,0
46700000,55184,14191952,2067150,0/8388608,0
46800000,55184,25497488,2067150,0/8388608,0
46900000,55184,36805216,2067150,0/8388608,0
47000000,55184,48111936,2067150,0/8388608,0
47100000,55184,59417288,2067150,0/8388608,0
47200000,55752,5711048,2075902,0/8388608,0
47300000,55752,17019808,2075902,0/8388608,0
47400000,55752,28328488,2075902,0/8388608,0
47500000,55752,39634208,2075902,0/8388608,0
47600000,55752,50940992,2075902,0/8388608,0
47700000,55752,62247752,2075902,0/8388608,0
47800000,56320,8540328,2084472,0/8388608,0
47900000,56320,19847920,2084472,0/8388608,0
48000000,56320,31155208,2084472,0/8388608,0
48100000,56320,42461592,2084472,0/8388608,0
48200000,56320,53769056,2084472,0/8388608,0
48300000,56320,65077104,2084472,0/8388608,0
48400000,56888,11368584,2093269,0/8388608,0
48500000,55368,22675752,2086664,0/8388608,0
48600000,55368,33981216,2086664,0/8388608,0
48700000,55368,45285624,2086664,0/8388608,0
48800000,55368,56591632,2086664,0/8388608,0
48900000,55368,67897392,2086664,0/8388608,0
49000000,55936,14187544,2095444,0/8388608,0
49100000,55936,25494648,2095444,0/8388608,0
49200000,55936,36800144,2095444,0/8388608,0
49300000,55936,48108672,2095444,0/8388608,0
49400000,55936,59416064,2095444,0/8388608,0
49500000,56504,5709496,2104698,0/8388608,0
49600000,56504,17016832,2104698,0/8388608,0
49700000,56504,28322472,2104698,0/8388608,0
49800000,56504,39629568,2104698,0/8388608,0
49900000,56504,50936080,2104698,0/8388608,0
50000000,56504,62244760,2104698,0/8388608,0
50100000,57072,8539816,2113417,0/8388608,0
50200000,57072,19845920,2113417,0/8388608,0
50300000,57072,31153336,2113417,0/8388608,0
50400000,57072,42457208,2113417,0/8388608,0
50500000,57072,53763760,2113417,0/8388608,0
50600000,57072,65069736,2113417,0/8388608,0
50700000,57640,11358360,2122154,0/8388608,0
50800000,56120,22665712,2115893,0/8388608,0
50900000,56120,33972976,2115893,0/8388608,0
51000000,56120,45280352,2115893,0/8388608,0
51100000,56120,56585664,2115893,0/8388608,0
51200000,56120,67893408,2115893,0/8388608,0
51300000,56688,14185416,2125171,0/8388608,0
51400000,56688,25492488,2125171,0/8388608,0
51500000,56688,36798296,2125171,0/8388608,0
51600000,56688,48104664,2125171,0/8388608,0
51700000,56688,59412168,2125171,0/8388608,0
51800000,57256,5704208,2133898,0/8388608,0
51900000,57256,17008432,2133898,0/8388608,0
52000000,57256,28315608,2133898,0/8388608,0
52100000,57256,39622496,2133898,0/8388608,0
52200000,57256,50930896,2133898,0/8388608,0
52300000,57256,62235768,2133898,0/8388608,0
52400000,57824,8531488,2142644,0/8388608,0
52500000,57824,19835232,2142644,0/8388608,0
52600000,57824,31140888,2142644,0/8388608,0
52700000,57824,42445368,2142644,0/8388608,0
52800000,57824,53751696,2142644,0/8388608,0
52900000,57824,65060224,2142644,0/8388608,0
53000000,58392,11355240,2151467,0/8388608,0
53100000,56856,22660952,2144866,0/8388608,0
53200000,56856,33968576,2144866,0/8388608,0
53300000,56856,45274120,2144866,0/8388608,0
53400000,56856,56579856,2144866,0/8388608,0
53500000,56856,67885960,2144866,0/8388608,0
53600000,57424,14176696,2153636,0/8388608,0
53700000,57424,25484344,2153636,0/8388608,0
53800000,57424,36790176,2153636,0/8388608,0
53900000,57424,48098448,2153636,0/8388608,0
54000000,57424,59405768,2153636,0/8388608,0
54100000,57992,5699104,2162304,0/8388608,0
54200000,57992,17003472,2162304,0/8388608,0
54300000,57992,28310520,2162304,0/8388608,0
54400000,57992,39617280,2162304,0/8388608,0
54500000,57992,50923776,2162304,0/8388608,0
54600000,57992,62230488,2162304,0/8388608,0
54700000,58560,8522776,2170952,0/8388608,0
54800000,58560,19830080,2170952,0/8388608,0
54900000,58560,31136040,2170952,0/8388608,0
55000000,58560,42443272,2170952,0/8388608,0
55100000,58560,53749344,2170952,0/8388608,0
55200000,58560,65057312,2170952,0/8388608,0
55300000,59128,11347952,2179795,0/8388608,0
55400000,57624,22653824,2173846,0/8388608,0
55500000,57624,33961920,2173846,0/8388608,0
55600000,57624,45267208,2173846,0/8388608,0
55700000,57624,56571536,2173846,0/8388608,0
55800000,57624,67878192,2173846,0/8388608,0
55900000,58208,14169296,2182577,0/8388608,0
56000000,58208,25475376,2182577,0/8388608,0
56100000,58208,36780064,2182577,0/8388608,0
56200000,58208,48088648,2182577,0/8388608,0
56300000,58208,59393520,2182577,0/8388608,0
56400000,58776,5686056,2191260,0/8388608,0
56500000,58776,16993232,2191260,0/8388608,0
56600000,58776,28300032,2191260,0/8388608,0
56700000,58776,39607200,2191260,0/8388608,0
56800000,58776,50912400,2191260,0/8388608,0
56900000,58776,62217288,2191260,0/8388608,0
57000000,59344,8512488,2200096,0/8388608,0
57100000,59344,19819440,2200096,0/8388608,0
57200000,59344,31126856,2200096,0/8388608,0
57300000,59344,42431864,2200096,0/8388608,0
57400000,59344,53740976,2200096,0/8388608,0
57500000,59344,65049568,2200096,0/8388608,0
57600000,59912,11343048,2208799,0/8388608,0
57700000,58360,22648960,2202928,0/8388608,0
57800000,58360,33954808,2202928,0/8388608,0
57900000,58360,45262888,2202928,0/8388608,0
58000000,58360,56570544,2202928,0/8388608,0
58100000,58360,67877576,2202928,0/8388608,0
58200000,58928,14170280,2212401,0/8388608,0
58300000,58928,25476088,2212401,0/8388608,0
58400000,58928,36782336,2212401,0/8388608,0
58500000,58928,48088360,2212401,0/8388608,0
58600000,58928,59396328,2212401,0/8388608,0
58700000,59496,5690888,2221261,0/8388608,0
58800000,59496,16996832,2221261,0/8388608,0
58900000,59496,28304176,2221261,0/8388608,0
59000000,59496,39609968,2221261,0/8388608,0
59100000,59496,50915440,2221261,0/8388608,0
59200000,59496,62224448,2221261,0/8388608,0
59300000,60064,8518488,2230169,0/8388608,0
59400000,60064,19827040,2230169,0/8388608,0
59500000,60064,31134856,2230169,0/8388608,0
59600000,60064,42441976,2230169,0/8388608,0
59700000,60064,53747760,2230169,0/8388608,0
59800000,60064,65052432,2230169,0/8388608,0
59900000,60632,11343808,2238874,0/8388608,0
60000000,59144,22649792,2232421,0/8388608,0
60100000,59144,33957832,2232421,0/8388608,0
60200000,59144,45267088,2232421,0/8388608,0
60300000,59144,56574416,2232421,0/8388608,0
60400000,59144,67883264,2232421,0/8388608,0
60500000,59728,14178984,2241423,0/8388608,0
60600000,59728,25484344,2241423,0/8388608,0
60700000,59728,36791152,2241423,0/8388608,0
60800000,59728,48097912,2241423,0/8388608,0
60900000,59728,59406168,2241423,0/8388608,0
61000000,60296,5700296,2250373,0/8388608,0
61100000,60296,17006000,2250373,0/8388608,0
61200000,60296,28310816,2250373,0/8388608,0
61300000,60296,39618608,2250373,0/8388608,0
61400000,60296,50925440,2250373,0/8388608,0
61500000,60296,62231832,2250373,0/8388608,0
61600000,60864,8526360,2259376,0/8388608,0
61700000,60864,19833584,2259376,0/8388608,0
61800000,60864,31139664,2259376,0/8388608,0
61900000,60864,42446728,2259376,0/8388608,0
62000000,60864,53754464,2259376,0/8388608,0
62100000,60864,65064048,2259376,0/8388608,0
62200000,61432,11356488,2268567,0/8388608,0
62300000,59912,22661384,2262370,0/8388608,0
62400000,59912,33967696,2262370,0/8388608,0
62500000,59912,45273976,2262370,0/8388608,0
62600000,59912,56580208,2262370,0/8388608,0
62700000,59912,67887600,2262370,0/8388608,0
62800000,60496,14179144,2271401,0/8388608,0
62900000,60496,25484856,2271401,0/8388608,0
63000000,60496,36789424,2271401,0/8388608,0
63100000,60496,48094752,2271401,0/8388608,0
63200000,60496,59401144,2271401,0/8388608,0
63300000,61064,5695120,2281169,0/8388608,0
63400000,61064,17003808,2281169,0/8388608,0
63500000,61064,28311272,2281169,0/8388608,0
63600000,61064,39618064,2281169,0/8388608,0
63700000,61064,50927344,2281169,0/8388608,0
63800000,61064,62236664,2281169,0/8388608,0
63900000,61632,8529648,2290765,0/8388608,0
64000000,61632,19836176,2290765,0/8388608,0
64100000,61632,31144968,2290765,0/8388608,0
64200000,61632,42451544,2290765,0/8388608,0
64300000,61632,53756144,2290765,0/8388608,0
64400000,61632,65062800,2290765,0/8388608,0
64500000,62200,11353672,2301068,0/8388608,0
64600000,60680,22661184,2293162,0/8388608,0
64700000,60680,33969504,2293162,0/8388608,0
64800000,60680,45277768,2293162,0/8388608,0
64900000,60680,56586656,2293162,0/8388608,0
65000000,60680,67892240,2293162,0/8388608,0
65100000,61248,14184768,2302347,0/8388608,0
65200000,61248,25492584,2302347,0/8388608,0
65300000,61248,36799416,2302347,0/8388608,0
65400000,61248,48107712,2302347,0/8388608,0
65500000,61248,59414704,2302347,0/8388608,0
65600000,61816,5708488,2311562,0/8388608,0
65700000,61816,17013552,2311562,0/8388608,0
65800000,61816,28321032,2311562,0/8388608,0
65900000,61816,39628992,2311562,0/8388608,0
66000000,61816,50933424,2311562,0/8388608,0
66100000,61816,62240320,2311562,0/8388608,0
66200000,62384,8535576,2321030,0/8388608,0
66300000,62384,19844432,2321030,0/8388608,0
66400000,62384,31152192,2321030,0/8388608,0
66500000,62384,42457416,2321030,0/8388608,0
66600000,62384,53764784,2321030,0/8388608,0
66700000,62384,65072080,2321030,0/8388608,0
66800000,62952,11364192,2330289,0/8388608,0
66900000,61464,22672064,2324302,0/8388608,0
67000000,61464,33978584,2324302,0/8388608,0
67100000,61464,45285224,2324302,0/8388608,0
67200000,61464,56591440,2324302,0/8388608,0
67300000,61464,67899712,2324302,0/8388608,0
67400000,62032,14192264,2334256,0/8388608,0
67500000,62032,25500232,2334256,0/8388608,0
67600000,62032,36807136,2334256,0/8388608,0
67700000,62032,48114920,2334256,0/8388608,0
67800000,62032,59420168,2334256,0/8388608,0
67900000,62600,5712584,2343927,0/8388608,0
68000000,62600,17018688,2343927,0/8388608,0
68100000,62600,28325128,2343927,0/8388608,0
68200000,62600,39630832,2343927,0/8388608,0
68300000,62600,50937304,2343927,0/8388608,0
68400000,62600,62246096,2343927,0/8388608,0
68500000,63168,8538912,2353465,0/8388608,0
68600000,63168,19846032,2353465,0/8388608,0
68700000,63168,31154088,2353465,0/8388608,0
68800000,63168,42462472,2353465,0/8388608,0
68900000,63168,53771456,2353465,0/8388608,0
69000000,63168,65080000,2353465,0/8388608,0
69100000,63736,11370344,2362972,0/8388608,0
69200000,62360,22674720,2356580,0/8388608,0
69300000,62360,33982224,2356580,0/8388608,0
69400000,62360,45291472,2356580,0/8388608,0
69500000,62360,56598104,2356580,0/8388608,0
69600000,62360,67906592,2356580,0/8388608,0
69700000,62944,14202120,2366389,0/8388608,0
69800000,62944,25510120,2366389,0/8388608,0
69900000,62944,36820632,2366389,0/8388608,0
70000000,62944,48126352,2366389,0/8388608,0
70100000,62944,59436488,2366389,0/8388608,0
70200000,63512,5730040,2376117,0/8388608,0
70300000,63512,17037872,2376117,0/8388608,0
70400000,63512,28344560,2376117,0/8388608,0
70500000,63512,39649968,2376117,0/8388608,0
70600000,63512,50956616,2376117,0/8388608,0
70700000,63512,62262696,2376117,0/8388608,0
70800000,64080,8557440,2385969,0/8388608,0
70900000,64080,19864192,2385969,0/8388608,0
71000000,64080,31171104,2385969,0/8388608,0
71100000,64080,42475896,2385969,0/8388608,0
71200000,64080,53782408,2385969,0/8388608,0
71300000,64080,65090240,2385969,0/8388608,0
71400000,64664,11381104,2396359,0/8388608,0
71500000,63288,22687168,2389778,0/8388608,0
71600000,63288,33994520,2389778,0/8388608,0
71700000,63288,45299928,2389778,0/8388608,0
71800000,63288,56607648,2389778,0/8388608,0
71900000,63288,67914528,2389778,0/8388608,0
72000000,63872,14207752,2399793,0/8388608,0
72100000,63872,25515096,2399793,0/8388608,0
72200000,63872,36819560,2399793,0/8388608,0
72300000,63872,48125656,2399793,0/8388608,0
72400000,63872,59431576,2399793,0/8388608,0
72500000,64440,5724440,2410444,0/8388608,0
72600000,64440,17030480,2410444,0/8388608,0
72700000,64440,28336264,2410444,0/8388608,0
72800000,64440,39641968,2410444,0/8388608,0
72900000,64440,50948056,2410444,0/8388608,0
73000000,64440,62255176,2410444,0/8388608,0
73100000,65008,8549224,2420599,0/8388608,0
73200000,65008,19857904,2420599,0/8388608,0
73300000,65008,31165768,2420599,0/8388608,0
73400000,65008,42471456,2420599,0/8388608,0
73500000,65008,53777776,2420599,0/8388608,0
73600000,65008,65086048,2420599,0/8388608,0
73700000,65576,11378256,2430758,0/8388608,0
73800000,64088,22686816,2424131,0/8388608,0
73900000,64088,33992560,2424131,0/8388608,0
74000000,64088,45299656,2424131,0/8388608,0
74100000,64088,56606480,2424131,0/8388608,0
74200000,64088,67912248,2424131,0/8388608,0
74300000,64656,14205128,2434765,0/8388608,0
74400000,64656,25513536,2434765,0/8388608,0
74500000,64656,36819280,2434765,0/8388608,0
74600000,64656,48128856,2434765,0/8388608,0
74700000,64656,59434328,2434765,0/8388608,0
74800000,65224,5726920,2446198,0/8388608,0
74900000,65224,17034000,2446198,0/8388608,0
75000000,65224,28340840,2446198,0/8388608,0
75100000,65224,39649088,2446198,0/8388608,0
75200000,65224,50958088,2446198,0/8388608,0
75300000,65224,62266552,2446198,0/8388608,0
75400000,65792,8559976,2457652,0/8388608,0
75500000,65792,19868992,2457652,0/8388608,0
75600000,65792,31175816,2457652,0/8388608,0
75700000,65792,42482328,2457652,0/8388608,0
75800000,65792,53787968,2457652,0/8388608,0
75900000,65792,65094816,2457652,0/8388608,0
76000000,66360,11389736,2468213,0/8388608,0
76100000,65048,22696712,2460304,0/8388608,0
76200000,65048,34002304,2460304,0/8388608,0
76300000,65048,45309432,2460304,0/8388608,0
76400000,65048,56615008,2460304,0/8388608,0
76500000,65048,67922368,2460304,0/8388608,0
76600000,65616,14214216,2471053,0/8388608,0
76700000,65616,25521552,2471053,0/8388608,0
76800000,65616,36828232,2471053,0/8388608,0
76900000,65616,48136536,2471053,0/8388608,0
77000000,65616,59441968,2471053,0/8388608,0
77100000,66184,5735616,2482136,0/8388608,0
77200000,66184,17042192,2482136,0/8388608,0
77300000,66184,28348232,2482136,0/8388608,0
77400000,66184,39654576,2482136,0/8388608,0
77500000,66184,50959472,2482136,0/8388608,0
77600000,66184,62265440,2482136,0/8388608,0
77700000,66752,8560664,2493153,0/8388608,0
77800000,66752,19869176,2493153,0/8388608,0
77900000,66752,31177776,2493153,0/8388608,0
78000000,66752,42485048,2493153,0/8388608,0
78100000,66752,53791648,2493153,0/8388608,0
78200000,66752,65100024,2493153,0/8388608,0
78300000,67320,11392648,2504306,0/8388608,0
78400000,66008,22701176,2498122,0/8388608,0
78500000,66008,34008136,2498122,0/8388608,0
78600000,66008,45314184,2498122,0/8388608,0
78700000,66008,56620096,2498122,0/8388608,0
78800000,66008,67928720,2498122,0/8388608,0
78900000,66576,14221400,2509418,0/8388608,0
79000000,66576,25527240,2509418,0/8388608,0
79100000,66576,36836432,2509418,0/8388608,0
79200000,66576,48142472,2509418,0/8388608,0
79300000,66576,59448632,2509418,0/8388608,0
79400000,67144,5741768,2521546,0/8388608,0
79500000,67144,17045712,2521546,0/8388608,0
79600000,67144,28354136,2521546,0/8388608,0
79700000,67144,39658808,2521546,0/8388608,0
79800000,67144,50965072,2521546,0/8388608,0
79900000,67144,62270328,2521546,0/8388608,0
80000000,67728,8565896,2533446,0/8388608,0
80100000,67728,19874392,2533446,0/8388608,0
80200000,67728,31181512,2533446,0/8388608,0
80300000,67728,42485760,2533446,0/8388608,0
80400000,67728,53790592,2533446,0/8388608,0
80500000,67728,65099672,2533446,0/8388608,0
80600000,68312,11391880,2545387,0/8388608,0
80700000,67128,22698776,2538758,0/8388608,0
80800000,67128,34003328,2538758,0/8388608,0
80900000,67128,45309416,2538758,0/8388608,0
81000000,67128,56618944,2538758,0/8388608,0
81100000,67128,67924800,2538758,0/8388608,0
81200000,67712,14219464,2550947,0/8388608,0
81300000,67712,25524088,2550947,0/8388608,0
81400000,67712,36831472,2550947,0/8388608,0
81500000,67712,48140312,2550947,0/8388608,0
81600000,67712,59446056,2550947,0/8388608,0
81700000,68296,5740096,2563442,0/8388608,0
81800000,68296,17047960,2563442,0/8388608,0
81900000,68296,28356896,2563442,0/8388608,0
82000000,68296,39662464,2563442,0/8388608,0
82100000,68296,50967768,2563442,0/8388608,0
82200000,68296,62272600,2563442,0/8388608,0
82300000,69008,8564248,2576150,0/8388608,0
82400000,69008,19870720,2576150,0/8388608,0
82500000,69008,31177896,2576150,0/8388608,0
82600000,69008,42484536,2576150,0/8388608,0
82700000,69008,53792080,2576150,0/8388608,0
82800000,69008,65100464,2576150,0/8388608,0
82900000,69720,11393832,2589331,0/8388608,0
83000000,68264,22701664,2582348,0/8388608,0
83100000,68264,34008944,2582348,0/8388608,0
83200000,68264,45315472,2582348,0/8388608,0
83300000,68264,56623632,2582348,0/8388608,0
83400000,68264,67929624,2582348,0/8388608,0
83500000,68976,14223384,2595451,0/8388608,0
83600000,68976,25530160,2595451,0/8388608,0
83700000,68976,36839200,2595451,0/8388608,0
83800000,68976,48148824,2595451,0/8388608,0
83900000,68976,59456216,2595451,0/8388608,0
84000000,69688,5750680,2608830,0/8388608,0
84100000,69688,17059056,2608830,0/8388608,0
84200000,69688,28367208,2608830,0/8388608,0
84300000,69688,39675040,2608830,0/8388608,0
84400000,69688,50982496,2608830,0/8388608,0
84500000,69688,62290888,2608830,0/8388608,0
84600000,70400,8583448,2622690,0/8388608,0
84700000,70400,19892224,2622690,0/8388608,0
84800000,70400,31199272,2622690,0/8388608,0
84900000,70400,42506440,2622690,0/8388608,0
85000000,70400,53811728,2622690,0/8388608,0
85100000,70400,65120704,2622690,0/8388608,0
85200000,71112,11413896,2637336,0/8388608,0
85300000,69576,22722448,2629723,0/8388608,0
85400000,69576,34029376,2629723,0/8388608,0
85500000,69576,45334664,2629723,0/8388608,0
85600000,69576,56640896,2629723,0/8388608,0
85700000,69576,67947784,2629723,0/8388608,0
85800000,70288,14242696,2643934,0/8388608,0
85900000,70288,25550056,2643934,0/8388608,0
86000000,70288,36855808,2643934,0/8388608,0
86100000,70288,48163672,2643934,0/8388608,0
86200000,70288,59469768,2643934,0/8388608,0
86300000,71000,5762576,2658641,0/8388608,0
86400000,71000,17071232,2658641,0/8388608,0
86500000,71000,28377016,2658641,0/8388608,0
86600000,71000,39685864,2658641,0/8388608,0
86700000,71000,50992376,2658641,0/8388608,0
86800000,71000,62299328,2658641,0/8388608,0
86900000,71712,8594448,2673664,0/8388608,0
87000000,71712,19899952,2673664,0/8388608,0
87100000,71712,31206936,2673664,0/8388608,0
87200000,71712,42512360,2673664,0/8388608,0
87300000,71712,53818544,2673664,0/8388608,0
87400000,71712,65127272,2673664,0/8388608,0
87500000,72456,11421392,2689792,0/8388608,0
87600000,70904,22727112,2682043,0/8388608,0
87700000,70904,34035408,2682043,0/8388608,0
87800000,70904,45343288,2682043,0/8388608,0
87900000,70904,56648720,2682043,0/8388608,0
88000000,70904,67956784,2682043,0/8388608,0
88100000,71664,14249816,2697936,0/8388608,0
88200000,71664,25554800,2697936,0/8388608,0
88300000,71664,36860320,2697936,0/8388608,0
88400000,71664,48166800,2697936,0/8388608,0
88500000,71664,59470120,2697936,0/8388608,0
88600000,72408,5762008,2715528,0/8388608,0
88700000,72408,17067008,2715528,0/8388608,0
88800000,72408,28373256,2715528,0/8388608,0
88900000,72408,39678576,2715528,0/8388608,0
89000000,72408,50986576,2715528,0/8388608,0
89100000,72408,62293328,2715528,0/8388608,0
89200000,73152,8584312,2733040,0/8388608,0
89300000,73152,19893328,2733040,0/8388608,0
89400000,73152,31199296,2733040,0/8388608,0
89500000,73152,42505664,2733040,0/8388608,0
89600000,73152,53813504,2733040,0/8388608,0
89700000,73152,65120432,2733040,0/8388608,0
89800000,73896,11412664,2751241,0/8388608,0
89900000,72456,22719472,2741876,0/8388608,0
90000000,72456,34024704,2741876,0/8388608,0
90100000,72456,45334680,2741876,0/8388608,0
90200000,72456,56642112,2741876,0/8388608,0
90300000,72456,67947192,2741876,0/8388608,0
90400000,73200,14238104,2761831,0/8388608,0
90500000,73200,25546840,2761831,0/8388608,0
90600000,73200,36853856,2761831,0/8388608,0
90700000,73200,48159800,2761831,0/8388608,0
90800000,73200,59466920,2761831,0/8388608,0
90900000,73976,5761240,2781390,0/8388608,0
91000000,73976,17069432,2781390,0/8388608,0
91100000,73976,28377240,2781390,0/8388608,0
91200000,73976,39684272,2781390,0/8388608,0
91300000,73976,50992040,2781390,0/8388608,0
91400000,73976,62300704,2781390,0/8388608,0
91500000,74752,8595256,2801967,0/8388608,0
91600000,74752,19903536,2801967,0/8388608,0
91700000,74752,31212104,2801967,0/8388608,0
91800000,74752,42517720,2801967,0/8388608,0
91900000,74752,53821496,2801967,0/8388608,0
92000000,74752,65128928,2801967,0/8388608,0
92100000,75656,11422928,2822961,0/8388608,0
92200000,74312,22727776,2812399,0/8388608,0
92300000,74312,34034560,2812399,0/8388608,0
92400000,74312,45339912,2812399,0/8388608,0
92500000,74312,56646064,2812399,0/8388608,0
92600000,74312,67954864,2812399,0/8388608,0
92700000,75248,14247256,2834421,0/8388608,0
92800000,75248,25557064,2834421,0/8388608,0
92900000,75248,36862624,2834421,0/8388608,0
93000000,75248,48167816,2834421,0/8388608,0
93100000,75248,59473928,2834421,0/8388608,0
93200000,76184,5769256,2858239,0/8388608,0
93300000,76184,17075128,2858239,0/8388608,0
93400000,76184,28382472,2858239,0/8388608,0
93500000,76184,39688032,2858239,0/8388608,0
93600000,76184,50994712,2858239,0/8388608,0
93700000,76184,62304168,2858239,0/8388608,0
93800000,77120,8597160,2883511,0/8388608,0
93900000,77120,19903136,2883511,0/8388608,0
94000000,77120,31210328,2883511,0/8388608,0
94100000,77120,42515736,2883511,0/8388608,0
94200000,77120,53821272,2883511,0/8388608,0
94300000,77120,65130192,2883511,0/8388608,0
94400000,78072,11422296,2909884,0/8388608,0
94500000,76600,22727200,2899837,0/8388608,0
94600000,76600,34036064,2899837,0/8388608,0
94700000,76600,45342200,2899837,0/8388608,0
94800000,76600,56650096,2899837,0/8388608,0
94900000,76600,67956032,2899837,0/8388608,0
95000000,77680,14249752,2929063,0/8388608,0
95100000,77680,25555256,2929063,0/8388608,0
95200000,77680,36861408,2929063,0/8388608,0
95300000,77680,48167880,2929063,0/8388608,0
95400000,77680,59476496,2929063,0/8388608,0
95500000,78792,5770920,2960354,0/8388608,0
95600000,78792,17079136,2960354,0/8388608,0
95700000,78792,28385624,2960354,0/8388608,0
95800000,78792,39693000,2960354,0/8388608,0
95900000,78792,50999664,2960354,0/8388608,0
96000000,78792,62309464,2960354,0/8388608,0
96100000,79936,8604072,2994912,0/8388608,0
96200000,79936,19910096,2994912,0/8388608,0
96300000,79936,31217304,2994912,0/8388608,0
96400000,79936,42523400,2994912,0/8388608,0
96500000,79936,53830680,2994912,0/8388608,0
96600000,79936,65139216,2994912,0/8388608,0
96700000,81240,11433864,3033854,0/8388608,0
96800000,79816,22740800,3021796,0/8388608,0
96900000,79816,34048800,3021796,0/8388608,0
97000000,79816,45354648,3021796,0/8388608,0
97100000,79816,56661968,3021796,0/8388608,0
97200000,79816,67969680,3021796,0/8388608,0
97300000,81296,14262392,3066673,0/8388608,0
97400000,81296,25569592,3066673,0/8388608,0
97500000,81296,36877448,3066673,0/8388608,0
97600000,81296,48182624,3066673,0/8388608,0
97700000,81296,59487496,3066673,0/8388608,0
97800000,82968,5780552,3120227,0/8388608,0
97900000,82968,17086456,3120227,0/8388608,0
98000000,82968,28395560,3120227,0/8388608,0
98100000,82968,39702688,3120227,0/8388608,0
98200000,82968,51009216,3120227,0/8388608,0
98300000,82968,62317256,3120227,0/8388608,0
98400000,84848,8607672,3188578,0/8388608,0
98500000,84848,19913472,3188578,0/8388608,0
98600000,84848,31218856,3188578,0/8388608,0
98700000,84848,42526072,3188578,0/8388608,0
98800000,84848,53834768,3188578,0/8388608,0
98900000,84848,65141456,3188578,0/8388608,0
99000000,87304,11433400,3278596,0/8388608,0
99100000,85912,22741136,3255066,0/8388608,0
99200000,85912,34046464,3255066,0/8388608,0
99300000,85912,45354072,3255066,0/8388608,0
99400000,85912,56662112,3255066,0/8388608,0
99500000,85912,67970824,3255066,0/8388608,0
99600000,89824,14265272,3399412,0/8388608,0
99700000,89824,25572304,3399412,0/8388608,0
99800000,89824,36878096,3399412,0/8388608,0
99900000,89824,48186392,3399412,0/8388608,0
