opseq,index_size,memtable_size,sst_size,block_cache/block_cache_capacity,block_cache_pinned_usage
100,0,419408,0,0/8388608,0
200,0,832616,0,0/8388608,0
300,0,1245792,0,0/8388608,0
400,0,1659120,0,0/8388608,0
500,0,2072304,0,0/8388608,0
600,0,2485432,0,0/8388608,0
700,0,2898672,0,0/8388608,0
800,0,3311896,0,0/8388608,0
900,0,3725152,0,0/8388608,0
1000,0,4138200,0,0/8388608,0
1500,0,6204288,0,0/8388608,0
2000,0,8270208,0,0/8388608,0
2500,0,10341104,0,0/8388608,0
3000,0,12407128,0,0/8388608,0
3500,0,14473224,0,0/8388608,0
4000,0,16539152,0,0/8388608,0
4500,0,18609744,0,0/8388608,0
5000,0,20676128,0,0/8388608,0
6000,0,24808496,0,0/8388608,0
7000,0,28948976,0,0/8388608,0
8000,0,33081288,0,0/8388608,0
9000,0,37221424,0,0/8388608,0
10000,0,41353776,0,0/8388608,0
15000,0,62027856,0,0/8388608,0
20000,0,82703968,0,0/8388608,0
25000,0,103381824,0,0/8388608,0
30000,0,124059768,0,0/8388608,0
35000,406024,79674776,31296163,0/8388608,0
40000,406024,100340824,31296163,0/8388608,0
45000,406024,121002472,31296163,0/8388608,0
