opseq,index_size,memtable_size,sst_size,block_cache/block_cache_capacity,block_cache_pinned_usage
100,0,112456,0,0/8388608,0
200,0,219744,0,0/8388608,0
300,0,327072,0,0/8388608,0
400,0,434352,0,0/8388608,0
500,0,541696,0,0/8388608,0
600,0,648960,0,0/8388608,0
700,0,756264,0,0/8388608,0
800,0,863560,0,0/8388608,0
900,0,970840,0,0/8388608,0
1000,0,1078192,0,0/8388608,0
1500,0,1614624,0,0/8388608,0
2000,0,2151112,0,0/8388608,0
2500,0,2687696,0,0/8388608,0
3000,0,3224344,0,0/8388608,0
3500,0,3760992,0,0/8388608,0
4000,0,4297568,0,0/8388608,0
4500,0,4834112,0,0/8388608,0
5000,0,5370600,0,0/8388608,0
6000,0,6443776,0,0/8388608,0
7000,0,7516896,0,0/8388608,0
8000,0,8594168,0,0/8388608,0
9000,0,9667288,0,0/8388608,0
10000,0,10739992,0,0/8388608,0
15000,0,16104952,0,0/8388608,0
20000,0,21474248,0,0/8388608,0
25000,0,26844280,0,0/8388608,0
30000,0,32209600,0,0/8388608,0
35000,0,37579536,0,0/8388608,0
40000,0,42949360,0,0/8388608,0
45000,0,48314504,0,0/8388608,0
50000,0,53684600,0,0/8388608,0
60000,0,64419184,0,0/8388608,0
70000,0,75159472,0,0/8388608,0
80000,0,85894632,0,0/8388608,0
90000,0,96630368,0,0/8388608,0
100000,0,107371536,0,0/8388608,0
150000,153480,95989600,11119920,0/8388608,0
200000,306752,84603704,22222183,0/8388608,0
250000,459608,73245728,33301828,0/8388608,0
300000,459608,126903816,33301828,0/8388608,0
350000,613680,115546424,44460352,17152/8388608,17152
400000,353040,104191224,69944297,0/8388608,0
450000,506568,92832616,36605091,0/8388608,0
500000,659840,81475840,47708542,0/8388608,0
600000,812840,123774464,58799759,17152/8388608,17152
700000,526072,101061136,38012415,0/8388608,0
800000,832264,78348896,60209627,21440/8388608,21440
900000,985616,120649960,71321313,0/8388608,0
1000000,689904,97935008,49861028,0/8388608,0
1100000,995984,75220128,72038600,21440/8388608,21440
1200000,542952,117519032,39216635,0/8388608,0
1300000,849448,94804312,61430608,17152/8388608,21440
1400000,549176,72089936,39661221,0/8388608,0
1500000,702000,114389480,50736301,0/8388608,0
1600000,1008256,91675248,72938702,0/8388608,0
1700000,707536,68961176,51127554,0/8388608,0
1800000,861432,111263720,62278426,21456/8388608,21456
1900000,557016,88550392,40221264,0/8388608,0
2000000,862904,65838976,62389070,21440/8388608,21440
2100000,1016352,108137872,73509625,0/8388608,0
2200000,711808,85423848,51457941,0/8388608,0
2300000,864504,127725904,62532412,17152/8388608,17152
2400000,563960,105010240,40735941,0/8388608,0
2500000,871096,82293176,62987705,21440/8388608,21440
2600000,1024064,124591088,74069661,0/8388608,0
2700000,717808,101874048,51886655,0/8388608,0
2800000,1024160,79157584,74084325,21440/8388608,21440
2900000,566472,121458432,40920984,0/8388608,0
3000000,872232,98746248,63071685,17152/8388608,17152
3100000,569848,76033816,41166469,0/8388608,0
3200000,721936,118332280,52197060,0/8388608,0
3300000,417024,95616144,93361716,0/8388608,0
3400000,724336,72901032,52348893,0/8388608,0
3500000,877544,115198752,63442362,21456/8388608,21456
3600000,572296,92484616,41344318,0/8388608,0
3700000,879240,69771728,63596005,21456/8388608,21456
3800000,1032480,112071456,74698233,0/8388608,0
3900000,725936,89358616,52461255,0/8388608,0
4000000,1032128,66643744,74663088,21440/8388608,21440
4100000,574712,108941776,41503328,0/8388608,0
4200000,881448,86226152,63726267,21456/8388608,21456
4300000,1034784,128526256,74829617,0/8388608,0
4400000,729504,105810440,52705169,0/8388608,0
4500000,1036048,83094728,74918877,21440/8388608,21440
4600000,577016,125394048,41663179,0/8388608,0
4700000,883272,102680872,63863543,21456/8388608,21456
4800000,579816,79969184,41870665,0/8388608,0
4900000,733216,122265592,52983817,0/8388608,0
5000000,1040288,99552104,75235838,0/8388608,0
5100000,733376,76837520,53003746,0/8388608,0
5200000,886536,119139184,64091153,21456/8388608,21456
5300000,581096,96424848,41954402,0/8388608,0
5400000,888184,73709456,64215654,21440/8388608,21440
5500000,1041648,116009912,75338277,0/8388608,0
5600000,735744,93293008,53170307,0/8388608,0
5700000,1042144,70580776,75377604,21440/8388608,21440
5800000,583400,112879800,42113370,0/8388608,0
5900000,889256,90167544,64269005,21440/8388608,21440
6000000,585528,67452608,42286174,0/8388608,0
6100000,739152,109755104,53422032,0/8388608,0
6200000,1045904,87042936,75643444,20400/8388608,20400
6300000,585144,129342928,42244240,0/8388608,0
6400000,892168,106628384,64496359,21440/8388608,21440
6500000,585064,83915080,42234562,0/8388608,0
6600000,738496,126213416,53347301,0/8388608,0
6700000,1045200,103499848,75575866,0/8388608,0
6800000,738640,80783976,53370814,0/8388608,0
6900000,891896,123084776,64472821,21440/8388608,21440
7000000,587128,100374960,42398460,0/8388608,0
7100000,894696,77658080,64693291,21440/8388608,21440
7200000,1047600,119958136,75783698,0/8388608,0
7300000,738880,97244272,53399117,0/8388608,0
7400000,1046112,74530128,75657563,21440/8388608,21440
7500000,588376,116827720,42470022,0/8388608,0
7600000,895816,94111736,64750589,21440/8388608,21440
7700000,588584,71398640,42501920,0/8388608,0
7800000,741808,113699856,53600542,0/8388608,0
7900000,1048592,90986432,75835672,0/8388608,0
8000000,742576,68272728,53664276,0/8388608,0
8100000,895432,110572080,64737961,21440/8388608,21440
8200000,589672,87859560,42570981,0/8388608,0
8300000,895944,65148272,64761411,21440/8388608,21440
8400000,1049184,107447024,75858670,0/8388608,0
8500000,743104,84731504,53684562,0/8388608,0
8600000,896648,127030944,64813076,21440/8388608,21440
8700000,590664,104319696,42656687,0/8388608,0
8800000,898568,81605552,64967132,21440/8388608,21440
8900000,1051808,123905904,76072526,0/8388608,0
9000000,744240,101191192,53758945,0/8388608,0
9100000,1051696,78479216,76038743,21440/8388608,21440
9200000,591912,120778808,42726472,0/8388608,0
9300000,898936,98063600,64976968,21440/8388608,21440
9400000,592024,75351264,42754577,0/8388608,0
9500000,745648,117650296,53888696,0/8388608,0
9600000,1052832,94933808,76157882,0/8388608,0
9700000,746528,72217424,53935319,0/8388608,0
9800000,899896,114517968,65048236,21456/8388608,21456
9900000,592696,91804984,42801545,0/8388608,0
10000000,899304,69092528,65016632,17152/8388608,17152
10100000,1052752,111391440,76136098,0/8388608,0
10200000,747152,88679200,53992398,0/8388608,0
10300000,1053568,65965360,76212490,21440/8388608,21440
10400000,594200,108266112,42908317,0/8388608,0
10500000,900824,85551552,65129115,21456/8388608,21456
10600000,1053792,127851856,76214321,0/8388608,0
10700000,747808,105140104,54028921,0/8388608,0
10800000,1052976,82427544,76141005,21440/8388608,21440
10900000,593704,124727992,42852669,0/8388608,0
11000000,899800,102012296,65036990,21440/8388608,21440
11100000,595400,79295432,42992429,0/8388608,0
11200000,748992,121596312,54130247,0/8388608,0
11300000,1055696,98880632,76357968,0/8388608,0
11400000,748368,76167440,54057879,0/8388608,0
11500000,901592,118471696,65155533,21456/8388608,17168
11600000,597288,95758064,43104198,0/8388608,0
11700000,903592,73044016,65298815,21440/8388608,21440
11800000,1056400,115345488,76373893,0/8388608,0
11900000,749280,92632272,54155412,0/8388608,0
12000000,1054608,69917088,76291225,21440/8388608,21440
12100000,596920,112214976,43105299,0/8388608,0
12200000,903512,89502392,65323683,21440/8388608,21440
12300000,598712,66787448,43220871,0/8388608,0
12400000,752832,109085216,54384336,0/8388608,0
12500000,1059632,86371576,76616198,21440/8388608,21440
12600000,598136,128670080,43180487,0/8388608,0
12700000,905112,105955848,65432465,21456/8388608,21456
12800000,599608,83242120,43310829,0/8388608,0
12900000,752608,125541408,54402307,0/8388608,0
13000000,1059216,102828000,76621941,0/8388608,0
13100000,752416,80112192,54346584,0/8388608,0
13200000,905736,122410184,65451984,21440/8388608,21440
13300000,598664,99697384,43217854,0/8388608,0
13400000,904072,76982080,65350258,21440/8388608,21440
13500000,1057664,119282536,76483349,0/8388608,0
13600000,752896,96567320,54412974,0/8388608,0
13700000,1059392,73854336,76623258,17152/8388608,17152
13800000,600200,116153736,43322726,0/8388608,0
13900000,906536,93440032,65521750,21440/8388608,21440
14000000,600200,70727496,43327276,0/8388608,0
14100000,753440,113027272,54424211,0/8388608,0
14200000,1058704,90311568,76547937,21440/8388608,21440
14300000,753840,67598448,54463987,0/8388608,0
14400000,906824,109898944,65553046,17152/8388608,17152
14500000,601000,87182984,43374869,0/8388608,0
14600000,754624,129482280,54502540,0/8388608,0
14700000,1061488,106768576,76732416,0/8388608,0
14800000,755072,84053272,54548191,0/8388608,0
14900000,908312,126352904,65648890,21456/8388608,21456
15000000,601800,103640384,43449208,0/8388608,0
15100000,908504,80924496,65682408,21440/8388608,17152
15200000,1061984,123222088,76812163,0/8388608,0
15300000,755472,100509680,54599747,0/8388608,0
15400000,1061856,77794160,76800761,17152/8388608,21440
15500000,602536,120092656,43493396,0/8388608,0
15600000,909160,97377240,65704887,21456/8388608,17152
15700000,602152,74661512,43462802,0/8388608,0
15800000,755392,116961768,54566843,0/8388608,0
15900000,1062160,94247400,76804623,0/8388608,0
16000000,756288,71533056,54648390,0/8388608,0
16100000,909544,113834304,65749697,17152/8388608,17168
16200000,603896,91121816,43593014,0/8388608,0
16300000,910376,68407640,65792583,17152/8388608,17152
16400000,1063840,110707408,76914149,0/8388608,0
16500000,758288,87993616,54792694,0/8388608,0
16600000,1064336,65284176,76968134,21472/8388608,21472
16700000,604136,107583064,43611803,0/8388608,0
16800000,911416,84871432,65885098,21440/8388608,21440
16900000,1064416,127170176,76985762,0/8388608,0
17000000,756880,104455880,54712632,0/8388608,0
17100000,1063792,81740832,76961127,17152/8388608,17152
17200000,605576,124041192,43717876,0/8388608,0
17300000,912488,101329432,65975906,21456/8388608,21456
17400000,604248,78615264,43647818,0/8388608,0
17500000,757632,120911288,54767051,0/8388608,0
17600000,1063536,98197928,76963418,0/8388608,0
17700000,757536,75487136,54763862,0/8388608,0
17800000,910968,117785976,65889803,17152/8388608,17168
17900000,605512,95070848,43712801,0/8388608,0
18000000,912312,72355760,65959718,17152/8388608,21440
18100000,1065536,114657040,77062280,0/8388608,0
18200000,758416,91944744,54810015,0/8388608,0
18300000,1064432,69230688,77006216,21456/8388608,21456
18400000,605496,111529480,43730338,0/8388608,0
18500000,911864,88813024,65956057,21440/8388608,21440
18600000,606344,66098752,43763697,0/8388608,0
18700000,759552,108399568,54871394,0/8388608,0
18800000,1066720,85685136,77148125,17152/8388608,21456
18900000,605192,127986368,43701676,0/8388608,0
19000000,911560,105275848,65922549,21472/8388608,21472
19100000,605528,82560168,43720833,0/8388608,0
19200000,759104,124860248,54863195,0/8388608,0
19300000,1065104,102147256,77055644,0/8388608,0
19400000,760000,79434208,54911639,0/8388608,0
19500000,913160,121731960,66012822,17152/8388608,21456
19600000,607048,99016216,43819269,0/8388608,0
19700000,913624,76303144,66045956,21440/8388608,21440
19800000,1066368,118604040,77123041,0/8388608,0
19900000,759520,95892040,54893397,0/8388608,0
20000000,1066464,73178312,77155725,21440/8388608,17152
20100000,607352,115478096,43853831,0/8388608,0
20200000,914200,92764480,66093881,17152/8388608,17152
20300000,607704,70050880,43888573,0/8388608,0
20400000,761472,112350208,55040198,0/8388608,0
20500000,1067808,89634744,77258535,17152/8388608,21440
20600000,760480,66924320,54949973,0/8388608,0
20700000,913752,109227152,66062563,17152/8388608,17152
20800000,607144,86513384,43843413,0/8388608,0
20900000,760448,128813264,54959459,0/8388608,0
21000000,1065184,106099080,77058288,0/8388608,0
21100000,761216,83382224,54998141,0/8388608,0
21200000,915320,125680512,66169394,17152/8388608,17152
21300000,608232,102963176,43915058,0/8388608,0
21400000,914072,80247656,66087848,21440/8388608,21440
21500000,1067376,122548752,77208558,0/8388608,0
21600000,761008,99835760,55019209,0/8388608,0
21700000,1067296,77120016,77237557,21440/8388608,17152
21800000,608216,119418672,43914876,0/8388608,0
21900000,915080,96703672,66160472,21440/8388608,17152
22000000,610392,73987728,44081221,0/8388608,0
22100000,764208,116288328,55240663,0/8388608,0
22200000,1071168,93571760,77504215,17152/8388608,21440
22300000,763104,70856264,55151812,0/8388608,0
22400000,916072,113155480,66255857,21440/8388608,21440
22500000,610088,90443360,44046322,0/8388608,0
22600000,916504,67732000,66266928,21440/8388608,21440
22700000,1070048,110033296,77393350,0/8388608,0
22800000,762576,87317664,55097635,0/8388608,0
22900000,915000,129616584,66152326,17168/8388608,17168
23000000,609512,106902008,43994172,0/8388608,0
23100000,917480,84188056,66323806,21440/8388608,21440
23200000,1070768,126486736,77436969,0/8388608,0
23300000,762864,103774624,55132699,0/8388608,0
23400000,1069600,81064192,77382834,21440/8388608,21440
23500000,609768,123362248,44017243,0/8388608,0
23600000,916696,100647448,66264570,21440/8388608,21440
23700000,610856,77932712,44087329,0/8388608,0
23800000,763824,120230072,55185697,0/8388608,0
23900000,1070480,97517656,77428209,0/8388608,0
24000000,763232,74807560,55163709,0/8388608,0
24100000,916152,117108328,66257668,21440/8388608,21440
24200000,610376,94391832,44059107,0/8388608,0
24300000,917032,71677712,66288609,17152/8388608,17152
24400000,1070272,113977976,77396433,0/8388608,0
24500000,764496,91263968,55235807,0/8388608,0
24600000,1070960,68550040,77470325,17152/8388608,17152
24700000,610328,110850184,44065886,0/8388608,0
24800000,918520,88137448,66406868,21440/8388608,21440
24900000,611576,65426992,44158007,0/8388608,0
25000000,765776,107725256,55339469,0/8388608,0
25100000,1072944,85012040,77596467,16224/8388608,16224
25200000,612344,127312248,44196267,0/8388608,0
25300000,919064,104596840,66442055,17152/8388608,12864
25400000,612536,81881144,44227353,0/8388608,0
25500000,766784,124178264,55419629,0/8388608,0
25600000,1072352,101462920,77589272,0/8388608,0
25700000,765232,78747152,55305220,0/8388608,0
25800000,918776,121047064,66435844,21440/8388608,17152
25900000,612760,98333656,44239952,0/8388608,0
26000000,918184,75619104,66387386,21440/8388608,21440
26100000,1071552,117918160,77506311,0/8388608,0
26200000,765904,95204408,55335588,0/8388608,0
26300000,1072544,72489064,77579354,21440/8388608,21440
26400000,612264,114792144,44210970,0/8388608,0
26500000,918520,92077688,66426933,21456/8388608,21456
26600000,612792,69362864,44236114,0/8388608,0
26700000,765696,111661472,55322970,0/8388608,0
26800000,1072304,88948008,77545806,21456/8388608,21456
26900000,765024,66232856,55282733,0/8388608,0
27000000,918888,108532400,66442794,17152/8388608,17152
27100000,612952,85817576,44251595,0/8388608,0
27200000,765904,128118128,55343432,0/8388608,0
27300000,1072800,105407400,77611440,0/8388608,0
27400000,766160,82693368,55364330,0/8388608,0
27500000,919640,124996336,66490195,21440/8388608,17152
27600000,613464,102281856,44304927,0/8388608,0
27700000,920168,79569792,66559910,21440/8388608,21440
27800000,1074000,121871032,77714022,0/8388608,0
27900000,766144,99157552,55377240,0/8388608,0
28000000,1072480,76443528,77606302,21456/8388608,21456
28100000,613416,118743872,44297215,0/8388608,0
28200000,919880,96028096,66520506,21456/8388608,21456
28300000,613528,73312704,44302202,0/8388608,0
28400000,766432,115612048,55389621,0/8388608,0
28500000,1072960,92898424,77609302,4288/8388608,4288
28600000,766336,70181408,55361320,0/8388608,0
28700000,919288,112480032,66456878,21440/8388608,21440
28800000,613416,89765632,44293411,0/8388608,0
28900000,920680,67052664,66574623,17152/8388608,21456
29000000,1074240,109355008,77707340,0/8388608,0
29100000,767232,86640624,55441287,0/8388608,0
29200000,920184,128939472,66536966,17152/8388608,21440
29300000,615128,106225992,44416295,0/8388608,0
29400000,920504,83511096,66554515,21440/8388608,21440
29500000,1073488,125810696,77650337,0/8388608,0
29600000,766976,103095928,55446232,0/8388608,0
29700000,1072576,80380848,77616640,21440/8388608,21440
29800000,614568,122679200,44378383,0/8388608,0
29900000,920696,99966344,66568071,21440/8388608,21440
30000000,613880,77250496,44326916,0/8388608,0
30100000,767728,119548816,55489518,0/8388608,0
30200000,1073936,96834048,77698611,18304/8388608,18304
30300000,769280,74120752,55597329,0/8388608,0
30400000,922280,116423592,66702149,21456/8388608,21456
30500000,613480,93710032,44298490,0/8388608,0
30600000,920792,70996320,66584534,21440/8388608,21440
30700000,1073760,113296368,77677182,0/8388608,0
30800000,768160,90582112,55524224,0/8388608,0
30900000,1075296,67868144,77795845,21456/8388608,21456
31000000,615416,110169360,44443851,0/8388608,0
31100000,922296,87455768,66701290,17152/8388608,17152
31200000,1075680,129754376,77829610,0/8388608,0
31300000,768688,107042776,55572426,0/8388608,0
31400000,1075408,84326728,77809928,21440/8388608,21440
31500000,616200,126625680,44477282,0/8388608,0
31600000,922696,103911976,66685417,21440/8388608,21440
31700000,614328,81197384,44346279,0/8388608,0
31800000,767632,123496568,55461532,0/8388608,0
31900000,1073808,100782992,77677042,0/8388608,0
32000000,768304,78067232,55531121,0/8388608,0
32100000,921096,120368544,66616346,21440/8388608,21440
32200000,614984,97651144,44408203,0/8388608,0
32300000,920872,74939600,66590523,21472/8388608,21472
32400000,1074720,117240160,77748093,0/8388608,0
32500000,770944,94526832,55722116,0/8388608,0
32600000,1078176,71811544,78002363,21440/8388608,21440
32700000,616984,114111232,44548609,0/8388608,0
32800000,923688,91394080,66786857,21456/8388608,21456
32900000,616856,68681368,44544115,0/8388608,0
33000000,770064,110979392,55646043,0/8388608,0
33100000,1075856,88266328,77824107,16128/8388608,16128
33200000,769648,65553024,55621093,0/8388608,0
33300000,922808,107851648,66721290,21456/8388608,17168
33400000,616488,85136984,44512952,0/8388608,0
33500000,769728,127436720,55623990,0/8388608,0
33600000,1075952,104725008,77837574,0/8388608,0
33700000,770176,82012352,55680800,0/8388608,0
33800000,922872,124311344,66754490,17152/8388608,21440
33900000,616632,101595864,44527367,0/8388608,0
34000000,923000,78879368,66742822,17152/8388608,21440
34100000,1075424,121180104,77791090,0/8388608,0
34200000,770816,98462920,55701656,0/8388608,0
34300000,1076528,75748496,77871749,21440/8388608,17152
34400000,616328,118049848,44492608,0/8388608,0
34500000,923016,95335552,66745460,21456/8388608,21456
34600000,616808,72621560,44516524,0/8388608,0
34700000,770160,114921376,55636059,0/8388608,0
34800000,1075824,92208192,77804503,21440/8388608,21440
34900000,770528,69495368,55674476,0/8388608,0
35000000,924776,111796016,66856811,17152/8388608,17152
35100000,617528,89082904,44593638,0/8388608,0
35200000,923688,66369784,66791770,17152/8388608,17152
35300000,1077200,108668624,77928183,0/8388608,0
35400000,771328,85956408,55724351,0/8388608,0
35500000,924824,128258048,66854207,17152/8388608,17152
35600000,617368,105542888,44566302,0/8388608,0
35700000,923544,82828360,66769420,21440/8388608,21440
35800000,1076960,125129648,77898170,0/8388608,0
35900000,771904,102416264,55799468,0/8388608,0
36000000,1077920,79701760,77989491,21440/8388608,21440
36100000,617752,122001264,44607999,0/8388608,0
36200000,925016,99286568,66883830,21440/8388608,21440
36300000,619224,76571232,44700697,0/8388608,0
36400000,772496,118869112,55812431,0/8388608,0
36500000,1078416,96153488,77990215,7536/8388608,7536
36600000,771280,73440208,55731718,0/8388608,0
36700000,925608,115740648,66926036,21440/8388608,21440
36800000,617528,93027648,44601922,0/8388608,0
36900000,923432,70311416,66782563,21440/8388608,17152
37000000,1076672,112611424,77888771,0/8388608,0
37100000,772448,89894736,55821150,0/8388608,0
37200000,1079104,67181152,78060542,17152/8388608,17152
37300000,618632,109485680,44671801,0/8388608,0
37400000,925128,86769504,66892370,21456/8388608,21456
37500000,1078336,129068352,78003036,0/8388608,0
37600000,772064,106353784,55804930,0/8388608,0
37700000,1077968,83640456,77992805,21440/8388608,21440
37800000,619736,125942608,44744539,0/8388608,0
37900000,927384,103227376,67039488,21440/8388608,21440
38000000,619320,80513880,44712641,0/8388608,0
38100000,772000,122811096,55782028,0/8388608,0
38200000,1078144,100097384,77981528,0/8388608,0
38300000,771328,77380120,55761145,0/8388608,0
38400000,924600,119676768,66877026,17152/8388608,17152
38500000,618904,96962368,44689544,0/8388608,0
38600000,925592,74245360,66924278,17152/8388608,21440
38700000,1079136,116547400,78057218,0/8388608,0
38800000,774080,93832528,55933825,0/8388608,0
38900000,1079456,71115344,78076715,21440/8388608,21440
39000000,619128,113416192,44701095,0/8388608,0
