opseq,index_size,memtable_size,sst_size,block_cache/block_cache_capacity,block_cache_pinned_usage
100,0,16080,0,0/8388608,0
200,0,27344,0,0/8388608,0
300,0,38672,0,0/8388608,0
400,0,49952,0,0/8388608,0
500,0,61264,0,0/8388608,0
600,0,72544,0,0/8388608,0
700,0,83832,0,0/8388608,0
800,0,95120,0,0/8388608,0
900,0,106400,0,0/8388608,0
1000,0,117720,0,0/8388608,0
1500,0,174096,0,0/8388608,0
2000,0,230576,0,0/8388608,0
2500,0,287056,0,0/8388608,0
3000,0,343848,0,0/8388608,0
3500,0,400528,0,0/8388608,0
4000,0,457128,0,0/8388608,0
4500,0,513752,0,0/8388608,0
5000,0,570256,0,0/8388608,0
6000,0,683328,0,0/8388608,0
7000,0,796280,0,0/8388608,0
8000,0,909560,0,0/8388608,0
9000,0,1022592,0,0/8388608,0
10000,0,1135760,0,0/8388608,0
15000,0,1701280,0,0/8388608,0
20000,0,2266920,0,0/8388608,0
25000,0,2832768,0,0/8388608,0
30000,0,3397920,0,0/8388608,0
35000,0,3963392,0,0/8388608,0
40000,0,4528912,0,0/8388608,0
45000,0,5094512,0,0/8388608,0
50000,0,5659912,0,0/8388608,0
60000,0,6790352,0,0/8388608,0
70000,0,7920800,0,0/8388608,0
80000,0,9055272,0,0/8388608,0
90000,0,10185768,0,0/8388608,0
100000,0,11317120,0,0/8388608,0
150000,0,16975680,0,0/8388608,0
200000,0,22629208,0,0/8388608,0
250000,0,28286920,0,0/8388608,0
300000,0,33944072,0,0/8388608,0
350000,0,39597800,0,0/8388608,0
400000,0,45255528,0,0/8388608,0
450000,0,50913160,0,0/8388608,0
500000,0,56567128,0,0/8388608,0
600000,0,67882296,0,0/8388608,0
700000,0,79192616,0,0/8388608,0
800000,0,90506944,0,0/8388608,0
900000,345528,36765112,17644784,0/8388608,0
1000000,345528,48068888,17644784,0/8388608,0
1100000,345528,59376864,17644784,0/8388608,0
1200000,345528,70683240,17644784,0/8388608,0
1300000,345528,81990768,17644784,0/8388608,0
1400000,691056,28266376,35266558,0/8388608,0
1500000,691056,39572104,35266558,0/8388608,0
1600000,691056,50880640,35266558,0/8388608,0
1700000,691056,62187160,35266558,0/8388608,0
1800000,691056,73493608,35266558,0/8388608,0
1900000,691056,84799360,35266558,0/8388608,0
2000000,1036568,31091736,52902602,0/8388608,0
2100000,1036568,42397888,52902602,0/8388608,0
2200000,1036568,53705104,52902602,0/8388608,0
2300000,1036568,65015360,52902602,0/8388608,0
2400000,1036568,76320368,52902602,0/8388608,0
2500000,1036568,87625528,52902602,0/8388608,0
2600000,1382048,33915936,70531396,16448/8388608,16448
2700000,1382048,45222544,70531396,16448/8388608,16448
2800000,1382048,56529248,70531396,16432/8388608,16432
2900000,1382048,67838360,70531396,16432/8388608,16432
3000000,1382048,79144448,70531396,16448/8388608,16448
3100000,1382048,90454304,70531396,0/8388608,0
3200000,1382048,101761832,70531396,0/8388608,0
3300000,1710528,48056568,75408431,0/8388608,0
3400000,1710528,59362464,75408431,0/8388608,0
3500000,1710528,70669176,75408431,0/8388608,0
3600000,1710528,81977112,75408431,0/8388608,0
3700000,2055976,28270568,93034412,0/8388608,0
3800000,2055976,39577456,93034412,0/8388608,0
3900000,2055976,50883704,93034412,0/8388608,0
4000000,2055976,62190632,93034412,0/8388608,0
4100000,2055976,73499912,93034412,0/8388608,0
4200000,2055976,84807088,93034412,0/8388608,0
4300000,2401472,31102928,110668654,0/8388608,0
4400000,2401472,42410496,110668654,0/8388608,0
4500000,2401472,53717632,110668654,0/8388608,0
4600000,2401472,65023912,110668654,0/8388608,0
4700000,2401472,76332216,110668654,0/8388608,0
4800000,2401472,87639632,110668654,0/8388608,0
4900000,2746856,33931280,128297985,20624/8388608,20624
5000000,2746856,45240392,128297985,20624/8388608,20624
5100000,2746856,56545920,128297985,20624/8388608,16448
5200000,2746856,67851904,128297985,20624/8388608,20624
5300000,2746856,79159128,128297985,20624/8388608,20624
5400000,3092336,25453480,145920986,16512/8388608,16512
5500000,3092336,36760384,145920986,20624/8388608,20624
5600000,3092336,48067272,145920986,20624/8388608,20624
5700000,3092336,59375128,145920986,20624/8388608,20624
5800000,3092336,70682048,145920986,16512/8388608,16512
5900000,3092336,81989208,145920986,20624/8388608,20624
6000000,3437768,28280264,163543278,16448/8388608,16448
6100000,3437768,39586600,163543278,0/8388608,0
6200000,3437768,50893424,163543278,0/8388608,0
6300000,3406096,62200408,149146211,0/8388608,0
6400000,3406096,73508136,149146211,0/8388608,0
6500000,3406096,84817880,149146211,0/8388608,0
6600000,3751608,31111000,166777123,0/8388608,0
6700000,3751608,42417096,166777123,0/8388608,0
6800000,3751608,53723696,166777123,0/8388608,0
6900000,3751608,65032224,166777123,0/8388608,0
7000000,3751608,76341040,166777123,0/8388608,0
7100000,3751608,87646664,166777123,0/8388608,0
7200000,4097104,33936160,184410116,20624/8388608,20624
7300000,4097104,45241600,184410116,20624/8388608,20624
7400000,4097104,56549056,184410116,20608/8388608,16432
7500000,4097104,67857632,184410116,20624/8388608,20624
7600000,4097104,79163448,184410116,20624/8388608,20624
7700000,4442648,25457032,202038749,20624/8388608,20624
7800000,4442648,36763776,202038749,20608/8388608,20608
7900000,4442648,48068264,202038749,20608/8388608,20608
8000000,4442648,59377200,202038749,20624/8388608,20624
8100000,4442648,70686120,202038749,20624/8388608,20624
8200000,4442648,81993224,202038749,20624/8388608,20624
8300000,4788144,28282728,219660565,20624/8388608,20624
8400000,4788144,39587896,219660565,20624/8388608,16448
8500000,4788144,50896608,219660565,16512/8388608,20624
8600000,4788144,62203464,219660565,20624/8388608,20624
8700000,4788144,73511280,219660565,20624/8388608,20624
8800000,4788144,84816352,219660565,20624/8388608,20624
8900000,5133608,31105256,237292581,20624/8388608,20624
9000000,5133608,42411880,237292581,20624/8388608,20624
9100000,5133608,53721312,237292581,0/8388608,0
9200000,5077616,65027776,221901040,0/8388608,0
9300000,5077616,76332248,221901040,0/8388608,0
9400000,5077616,87637608,221901040,0/8388608,0
9500000,5423192,33930944,239538692,20624/8388608,16512
9600000,5423192,45236880,239538692,20624/8388608,20624
9700000,5423192,56542992,239538692,20608/8388608,20608
9800000,5423192,67853648,239538692,20624/8388608,20624
9900000,5423192,79161296,239538692,20608/8388608,20608
10000000,5768720,25453800,257172126,20608/8388608,20608
10100000,5768720,36760592,257172126,20624/8388608,20624
10200000,5768720,48067832,257172126,20624/8388608,20624
10300000,5768720,59374144,257172126,16448/8388608,16448
10400000,5768720,70681336,257172126,20608/8388608,20608
10500000,5768720,81988400,257172126,16448/8388608,16448
10600000,6114104,28279160,274795393,20624/8388608,20624
10700000,6114104,39585872,274795393,20592/8388608,20592
10800000,6114104,50892520,274795393,20608/8388608,20608
10900000,6114104,62199096,274795393,20624/8388608,20624
11000000,6114104,73508560,274795393,20624/8388608,20624
11100000,6114104,84816664,274795393,16512/8388608,20624
11200000,6459536,31109112,292421804,20624/8388608,20624
11300000,6459536,42414296,292421804,20624/8388608,20624
11400000,6459536,53720368,292421804,20608/8388608,20608
11500000,6459536,65027560,292421804,20624/8388608,20624
11600000,6459536,76333920,292421804,20624/8388608,20624
11700000,6459536,87641184,292421804,20624/8388608,20624
11800000,6459536,98948480,292421804,20624/8388608,20624
11900000,6804984,45241432,310057728,20624/8388608,20624
12000000,6804984,56545936,310057728,20624/8388608,20624
12100000,6724512,67854976,533148980,16496/8388608,20608
12200000,6724512,79163696,533148980,20608/8388608,20608
12300000,7069928,25457160,311244833,20608/8388608,20608
12400000,7069928,36763192,311244833,20608/8388608,20608
12500000,7069928,48069072,311244833,20608/8388608,20608
12600000,7069928,59376192,311244833,20608/8388608,20608
12700000,7069928,70683048,311244833,20608/8388608,20608
12800000,7069928,81991464,311244833,20608/8388608,20608
12900000,7069928,93299848,311244833,20608/8388608,20608
13000000,7415328,39590920,328869062,20608/8388608,20608
13100000,7415328,50895984,328869062,20608/8388608,20608
13200000,7415328,62199864,328869062,20592/8388608,20592
13300000,7415328,73508816,328869062,20608/8388608,20608
13400000,7415328,84814848,328869062,20608/8388608,20608
13500000,7760760,31108008,346492251,20608/8388608,20608
13600000,7760760,42415944,346492251,20592/8388608,20592
13700000,7760760,53724384,346492251,20592/8388608,20592
13800000,7760760,65034960,346492251,20608/8388608,20608
13900000,7760760,76342032,346492251,20608/8388608,20608
14000000,7760760,87649912,346492251,20608/8388608,20608
14100000,8106192,33944976,364123324,20608/8388608,20608
14200000,8106192,45250920,364123324,20608/8388608,20608
14300000,8106192,56558272,364123324,20608/8388608,20608
14400000,8106192,67864168,364123324,20672/8388608,20672
14500000,8106192,79170416,364123324,20672/8388608,20672
14600000,8451656,25465768,381757112,20592/8388608,20592
14700000,8451656,36773344,381757112,20608/8388608,20608
14800000,8451656,48080104,381757112,20608/8388608,20608
14900000,8451656,59388024,381757112,20608/8388608,20608
15000000,8451656,70695552,381757112,20608/8388608,20608
15100000,8451656,82001624,381757112,16448/8388608,16448
15200000,8797152,28295640,399388160,20592/8388608,20592
15300000,8797152,39600016,399388160,20592/8388608,20592
15400000,8692744,50908064,381992671,28832/8388608,28832
15500000,8692744,62214864,381992671,28832/8388608,24672
15600000,8692744,73522968,381992671,28816/8388608,28816
15700000,8692744,84829184,381992671,28832/8388608,28832
15800000,9038192,31122552,399616645,28832/8388608,24672
15900000,9038192,42427832,399616645,28800/8388608,28800
16000000,9038192,53735792,399616645,28816/8388608,28816
16100000,9038192,65043016,399616645,28816/8388608,28816
16200000,9038192,76349184,399616645,28832/8388608,28832
16300000,9383752,22640232,417247171,28816/8388608,28816
16400000,9383752,33945744,417247171,28816/8388608,28816
16500000,9383752,45251328,417247171,28816/8388608,28816
16600000,9383752,56560672,417247171,24656/8388608,24656
16700000,9383752,67868280,417247171,28816/8388608,28816
16800000,9383752,79173664,417247171,28832/8388608,28832
16900000,9383752,90479608,417247171,28832/8388608,28832
17000000,9729264,36771848,434882592,24720/8388608,28832
17100000,9729264,48078968,434882592,28816/8388608,24704
17200000,9729264,59385336,434882592,28832/8388608,28832
17300000,9729264,70692528,434882592,28832/8388608,28832
17400000,9729264,81998280,434882592,28816/8388608,28816
17500000,10074744,28290776,452536728,28832/8388608,28832
17600000,10074744,39596224,452536728,28816/8388608,28816
17700000,10074744,50900048,452536728,28832/8388608,28832
17800000,10074744,62207584,452536728,28832/8388608,28832
17900000,10074744,73514208,452536728,28832/8388608,28832
18000000,10074744,84823936,452536728,28832/8388608,28832
18100000,10420288,31116712,470182099,28832/8388608,28832
18200000,10420288,42426360,470182099,28832/8388608,28832
18300000,10420288,53733728,470182099,28832/8388608,28832
18400000,10420288,65041200,470182099,28816/8388608,28816
18500000,10420288,76348944,470182099,28816/8388608,28816
18600000,10420288,87657896,470182099,28816/8388608,28816
18700000,10765672,33950640,487827526,28816/8388608,24704
18800000,10765672,45256632,487827526,28832/8388608,28832
18900000,10765672,56563472,487827526,24720/8388608,24672
19000000,10765672,67871304,487827526,28816/8388608,28816
19100000,10765672,79177176,487827526,28832/8388608,28832
19200000,11111104,25468312,505483214,28832/8388608,28832
19300000,11111104,36775712,505483214,28832/8388608,28832
19400000,11111104,48082328,505483214,28832/8388608,28832
19500000,11111104,59389224,505483214,0/8388608,0
19600000,10911384,70695920,477720741,32976/8388608,32976
19700000,10911384,82002568,477720741,32992/8388608,32992
19800000,11256848,28294728,495376243,32976/8388608,28800
19900000,11256848,39602000,495376243,32992/8388608,28816
20000000,11256848,50911856,495376243,32992/8388608,32992
20100000,11256848,62219736,495376243,32976/8388608,32976
20200000,11256848,73528672,495376243,32992/8388608,32992
20300000,11256848,84833304,495376243,32992/8388608,32992
20400000,11256848,96138832,495376243,28864/8388608,28864
20500000,11602248,42430936,513021742,32960/8388608,32960
20600000,11602248,53735184,513021742,32976/8388608,28816
20700000,11602248,65041848,513021742,32976/8388608,32976
20800000,11602248,76349040,513021742,28880/8388608,33040
20900000,11602248,87657672,513021742,32960/8388608,32960
21000000,11947712,33950832,530666839,32960/8388608,32960
21100000,11947712,45260040,530666839,32960/8388608,32960
21200000,11947712,56566944,530666839,32960/8388608,32960
21300000,11947712,67874160,530666839,32944/8388608,32944
21400000,11947712,79180352,530666839,32944/8388608,32944
21500000,12293192,25471128,548319939,32960/8388608,32960
21600000,12293192,36779824,548319939,32960/8388608,32960
21700000,12293192,48083672,548319939,32944/8388608,32944
21800000,12293192,59388056,548319939,32944/8388608,32944
21900000,12293192,70694528,548319939,32944/8388608,32944
22000000,12293192,82002472,548319939,32944/8388608,32944
22100000,12638864,28296248,565979047,32928/8388608,32928
22200000,12638864,39602608,565979047,32944/8388608,32944
22300000,12638864,50909256,565979047,32944/8388608,28784
22400000,12638864,62214728,565979047,32928/8388608,32928
22500000,12638864,73522864,565979047,32928/8388608,32928
22600000,12638864,84830056,565979047,32944/8388608,32944
22700000,12638864,96136952,565979047,32944/8388608,32944
22800000,12984376,42429744,583629245,28768/8388608,28768
22900000,12984376,53736160,583629245,32928/8388608,32928
23000000,12984376,65042848,583629245,28784/8388608,32944
23100000,12984376,76347344,583629245,32928/8388608,32928
23200000,12984376,87655240,583629245,32944/8388608,32944
23300000,13329872,33946360,601274321,32928/8388608,32928
23400000,13329872,45253640,601274321,32944/8388608,32944
23500000,13329872,56559680,601274321,32944/8388608,32944
23600000,13329872,67865648,601274321,32928/8388608,32928
23700000,13329872,79173608,601274321,32944/8388608,32944
23800000,13675304,25467368,618921581,32944/8388608,32944
23900000,13675304,36772192,618921581,32912/8388608,32912
24000000,13675304,48079560,618921581,28784/8388608,28784
24100000,13675304,59387608,618921581,32944/8388608,32944
24200000,13675304,70695224,618921581,32944/8388608,32944
24300000,13675304,81999832,618921581,32928/8388608,32928
24400000,14020832,28294072,636576527,32944/8388608,32944
24500000,14020832,39601808,636576527,32944/8388608,32944
24600000,14020832,50909040,636576527,0/8388608,0
24700000,13724560,62216408,601349675,0/8388608,0
24800000,13724560,73521672,601349675,37024/8388608,37024
24900000,13724560,84827168,601349675,41168/8388608,41168
25000000,14070040,31120528,619004157,41184/8388608,41184
25100000,14070040,42430328,619004157,41168/8388608,41168
25200000,14070040,53737120,619004157,41184/8388608,41184
25300000,14070040,65045272,619004157,41184/8388608,41184
25400000,14070040,76349992,619004157,41184/8388608,41184
25500000,14070040,87657840,619004157,41184/8388608,41184
25600000,14070040,98966032,619004157,41168/8388608,41168
25700000,14415520,45260376,636651477,41168/8388608,41168
25800000,14415520,56565712,636651477,41184/8388608,41184
25900000,14415520,67870520,636651477,37008/8388608,37008
26000000,14415520,79175024,636651477,41184/8388608,41184
26100000,14760952,25465720,654299043,41152/8388608,41152
26200000,14760952,36771512,654299043,41184/8388608,41184
26300000,14760952,48077360,654299043,41184/8388608,41184
26400000,14760952,59382888,654299043,36992/8388608,41152
26500000,14760952,70690912,654299043,41168/8388608,41168
26600000,14760952,81997032,654299043,41168/8388608,41168
26700000,15106496,28289904,671954867,37040/8388608,37040
26800000,15106496,39596784,671954867,41152/8388608,41152
26900000,15106496,50904488,671954867,41152/8388608,41152
27000000,15106496,62206152,671954867,41120/8388608,41120
27100000,15106496,73514960,671954867,41152/8388608,41152
27200000,15106496,84824024,671954867,36992/8388608,36992
27300000,15452008,31117592,689609465,41168/8388608,41168
27400000,15452008,42423608,689609465,41168/8388608,41168
27500000,15452008,53730272,689609465,41168/8388608,41168
27600000,15452008,65037096,689609465,41152/8388608,41152
27700000,15452008,76345240,689609465,41168/8388608,37008
27800000,15452008,87651336,689609465,41168/8388608,41168
27900000,15797488,33945728,707258711,41168/8388608,41168
28000000,15797488,45253240,707258711,41168/8388608,37056
28100000,15797488,56561024,707258711,41168/8388608,41168
28200000,15797488,67870024,707258711,41168/8388608,41168
28300000,15797488,79177488,707258711,37008/8388608,41168
28400000,16142840,25470872,724903345,41152/8388608,41152
28500000,16142840,36776960,724903345,41168/8388608,41168
28600000,16142840,48084360,724903345,41168/8388608,41168
28700000,16142840,59390472,724903345,41152/8388608,41152
28800000,16142840,70697584,724903345,41136/8388608,41136
28900000,16142840,82005448,724903345,41152/8388608,41152
29000000,16488272,28298616,742554061,41136/8388608,41136
29100000,16488272,39604928,742554061,41168/8388608,37008
29200000,16488272,50910752,742554061,41152/8388608,41152
29300000,16488272,62216824,742554061,41168/8388608,41168
29400000,16488272,73522144,742554061,41152/8388608,41152
29500000,16488272,84829192,742554061,41152/8388608,41152
29600000,16488272,96136432,742554061,41152/8388608,41152
29700000,16833768,42430520,760208221,41168/8388608,41168
29800000,16833768,53736240,760208221,41168/8388608,41168
29900000,16833768,65045296,760208221,41168/8388608,41168
30000000,16833768,76352032,760208221,37008/8388608,37008
30100000,16833768,87658936,760208221,41168/8388608,41168
30200000,17179248,33951776,777862688,41152/8388608,41152
30300000,17179248,45260264,777862688,41152/8388608,41152
30400000,17179248,56565504,777862688,41168/8388608,41168
30500000,17179248,67869728,777862688,41168/8388608,41168
30600000,17179248,79174016,777862688,41168/8388608,41168
30700000,17524664,25469448,795510545,37040/8388608,37040
30800000,17524664,36778368,795510545,41168/8388608,41168
30900000,17043712,48087536,745937100,49472/8388608,45280
31000000,17043712,59393976,745937100,45296/8388608,49472
31100000,17043712,70701344,745937100,49472/8388608,49472
31200000,17043712,82010272,745937100,49472/8388608,49472
31300000,17389112,28302200,763579398,49472/8388608,49472
31400000,17389112,39607632,763579398,45328/8388608,45328
31500000,17389112,50915152,763579398,49472/8388608,49472
31600000,17389112,62220424,763579398,49456/8388608,49456
31700000,17389112,73528008,763579398,49440/8388608,49440
31800000,17389112,84836200,763579398,49440/8388608,49440
31900000,17734480,31129496,781234573,49456/8388608,49456
32000000,17734480,42436792,781234573,49440/8388608,49440
32100000,17734480,53743008,781234573,49424/8388608,49424
32200000,17734480,65050944,781234573,49456/8388608,49456
32300000,17734480,76358912,781234573,49456/8388608,49456
32400000,17734480,87666568,781234573,49456/8388608,49456
32500000,17734480,98974928,781234573,49456/8388608,49456
32600000,18079896,45266008,798887156,49408/8388608,49408
32700000,18079896,56571872,798887156,49440/8388608,49440
32800000,18079896,67880752,798887156,49440/8388608,49440
32900000,18079896,79187592,798887156,49440/8388608,45280
33000000,18425392,25478712,816535713,45264/8388608,49424
33100000,18425392,36785368,816535713,49440/8388608,49440
33200000,18425392,48091400,816535713,49440/8388608,49440
33300000,18425392,59397896,816535713,45264/8388608,45264
33400000,18425392,70704128,816535713,45264/8388608,45264
33500000,18425392,82010688,816535713,49488/8388608,49488
33600000,18770904,28304192,834181474,49488/8388608,49488
33700000,18770904,39612320,834181474,45232/8388608,49392
33800000,18770904,50918136,834181474,49424/8388608,49424
33900000,18770904,62225952,834181474,45264/8388608,49424
34000000,18770904,73532192,834181474,49424/8388608,49424
34100000,18770904,84839288,834181474,49424/8388608,49424
34200000,19116288,31133712,851845440,45232/8388608,45232
34300000,19116288,42439480,851845440,49392/8388608,49392
34400000,19116288,53746496,851845440,45232/8388608,45232
34500000,19116288,65053328,851845440,45216/8388608,45216
34600000,19116288,76359984,851845440,49392/8388608,49392
34700000,19116288,87665776,851845440,49392/8388608,49392
34800000,19461816,33958880,869500689,49456/8388608,49456
34900000,19461816,45265976,869500689,49456/8388608,49456
35000000,19461816,56572592,869500689,49376/8388608,49376
35100000,19461816,67880136,869500689,45232/8388608,45232
35200000,19461816,79187320,869500689,49360/8388608,49360
35300000,19807312,25479296,887154456,45232/8388608,45232
35400000,19807312,36786000,887154456,49392/8388608,49392
35500000,19807312,48094728,887154456,49376/8388608,49376
35600000,19807312,59398256,887154456,49392/8388608,49392
35700000,19807312,70706080,887154456,49392/8388608,49392
35800000,19807312,82012376,887154456,49392/8388608,49392
35900000,20152776,28304440,904800483,49392/8388608,49392
36000000,20152776,39612256,904800483,49392/8388608,49392
36100000,20152776,50919472,904800483,49376/8388608,49376
36200000,20152776,62225576,904800483,49392/8388608,49392
36300000,20498304,8519960,922446754,49392/8388608,49392
36400000,20498304,19827304,922446754,49392/8388608,49392
36500000,20498304,31134192,922446754,49376/8388608,49376
36600000,19768768,42441768,855797655,45344/8388608,45344
36700000,19768768,53748432,855797655,45312/8388608,41200
36800000,19768768,65055768,855797655,45328/8388608,45328
36900000,19768768,76361112,855797655,45344/8388608,45344
37000000,19768768,87668192,855797655,45344/8388608,45344
37100000,20114264,33959504,873450500,45312/8388608,45312
37200000,20114264,45266136,873450500,45328/8388608,45328
37300000,20114264,56569832,873450500,45328/8388608,45328
37400000,20114264,67877624,873450500,45328/8388608,45328
37500000,20114264,79183648,873450500,41152/8388608,45328
37600000,20459760,25478680,891105930,45328/8388608,41152
37700000,20459760,36784912,891105930,45328/8388608,45328
37800000,20459760,48092376,891105930,45312/8388608,45312
37900000,20459760,59396936,891105930,45328/8388608,45328
38000000,20459760,70701488,891105930,45344/8388608,45344
38100000,20459760,82007464,891105930,45344/8388608,45344
38200000,20805288,28298056,908758334,41136/8388608,45312
38300000,20805288,39603280,908758334,45312/8388608,45312
38400000,20805288,50908320,908758334,45312/8388608,45312
38500000,20805288,62215224,908758334,41136/8388608,41136
38600000,20805288,73523776,908758334,41152/8388608,41152
38700000,20805288,84832200,908758334,45312/8388608,45312
38800000,21150816,31125176,926405752,45312/8388608,45312
38900000,21150816,42431656,926405752,45312/8388608,45312
39000000,21150816,53738760,926405752,41120/8388608,41120
39100000,21150816,65047280,926405752,45296/8388608,45296
39200000,21150816,76355152,926405752,41168/8388608,41168
39300000,21150816,87661448,926405752,45312/8388608,45312
39400000,21496296,33952712,944056011,45312/8388608,45312
39500000,21496296,45259992,944056011,45296/8388608,45296
39600000,21496296,56565056,944056011,45296/8388608,45296
39700000,21496296,67875368,944056011,45296/8388608,45296
39800000,21496296,79180384,944056011,45280/8388608,45280
39900000,21841760,25473832,961710540,45280/8388608,45280
40000000,21841760,36779552,961710540,45280/8388608,45280
40100000,21841760,48088952,961710540,45296/8388608,45296
40200000,21841760,59394032,961710540,45280/8388608,41168
40300000,21841760,70701368,961710540,45280/8388608,45280
40400000,21841760,82007624,961710540,45280/8388608,45280
40500000,21841760,93313040,961710540,45280/8388608,45280
40600000,22187272,39606752,979363328,45280/8388608,45280
40700000,22187272,50913128,979363328,45248/8388608,45248
40800000,22187272,62220728,979363328,45280/8388608,45280
40900000,22187272,73529128,979363328,45280/8388608,45280
41000000,22187272,84834520,979363328,45264/8388608,45264
41100000,22532784,31125608,997012179,41136/8388608,41136
41200000,22532784,42431544,997012179,45264/8388608,45264
41300000,22532784,53736848,997012179,45264/8388608,45264
41400000,22532784,65045648,997012179,45248/8388608,45248
41500000,22532784,76351344,997012179,41104/8388608,45264
41600000,22532784,87657448,997012179,45280/8388608,45280
41700000,22878360,33950224,1014661932,41120/8388608,41120
41800000,22878360,45257768,1014661932,45280/8388608,45280
41900000,22878360,56564760,1014661932,45264/8388608,41104
42000000,22878360,67872312,1014661932,45264/8388608,45264
42100000,22878360,79175336,1014661932,45248/8388608,45248
42200000,23223856,25467672,1032319099,41104/8388608,45264
42300000,23223856,36774192,1032319099,45296/8388608,45296
42400000,23223856,48081928,1032319099,45280/8388608,45280
42500000,23223856,59387080,1032319099,45264/8388608,45264
42600000,23569416,5682632,1049975925,45264/8388608,45264
42700000,23569416,16991136,1049975925,45264/8388608,45264
42800000,23569416,28297032,1049975925,45248/8388608,41088
42900000,22844416,39603968,1038066907,45296/8388608,49408
43000000,22844416,50911248,1038066907,49440/8388608,49440
43100000,22844416,62216264,1038066907,49440/8388608,49440
43200000,22844416,73520240,1038066907,49456/8388608,49456
43300000,22844416,84826248,1038066907,49424/8388608,45312
43400000,23189912,31119224,1055714701,49440/8388608,49440
43500000,23189912,42425144,1055714701,45264/8388608,45264
43600000,23189912,53731496,1055714701,49424/8388608,49424
43700000,23189912,65037440,1055714701,49408/8388608,45248
43800000,23189912,76343648,1055714701,49392/8388608,49392
43900000,23535520,22637344,1073360406,49360/8388608,49360
44000000,23535520,33942648,1073360406,49392/8388608,49392
44100000,23535520,45248328,1073360406,49408/8388608,49408
44200000,23535520,56555744,1073360406,49424/8388608,49424
44300000,23535520,67864944,1073360406,45312/8388608,49424
44400000,23535520,79173616,1073360406,49424/8388608,49424
44500000,23535520,90480224,1073360406,49424/8388608,49424
44600000,23881048,36775504,1091016913,49392/8388608,49392
44700000,23881048,48084136,1091016913,49392/8388608,49392
44800000,23881048,59390352,1091016913,49408/8388608,49408
44900000,23881048,70696560,1091016913,49408/8388608,49408
45000000,23881048,82001368,1091016913,49392/8388608,49392
45100000,24226400,28294680,1108671625,49408/8388608,49408
45200000,24226400,39601696,1108671625,49408/8388608,49408
45300000,24226400,50907392,1108671625,49408/8388608,49408
45400000,24226400,62212936,1108671625,49408/8388608,49408
45500000,24226400,73520576,1108671625,49376/8388608,49376
45600000,24226400,84829032,1108671625,49376/8388608,49376
45700000,24571928,31121320,1126327276,49376/8388608,49376
45800000,24571928,42427176,1126327276,45280/8388608,45280
45900000,24571928,53736024,1126327276,49408/8388608,49408
46000000,24571928,65044560,1126327276,49392/8388608,49392
46100000,24571928,76351280,1126327276,49408/8388608,49408
46200000,24917392,22640160,1143970460,49392/8388608,49392
46300000,24917392,33948576,1143970460,49360/8388608,49360
46400000,24917392,45255840,1143970460,45248/8388608,45248
46500000,24917392,56563768,1143970460,49408/8388608,49408
46600000,24917392,67871680,1143970460,49360/8388608,49360
46700000,24917392,79177680,1143970460,49408/8388608,49408
46800000,24917392,90483168,1143970460,49408/8388608,49408
46900000,25262952,36776928,1161621749,49392/8388608,49392
47000000,25262952,48082568,1161621749,49408/8388608,45248
47100000,25262952,59389288,1161621749,49408/8388608,49408
47200000,25262952,70697064,1161621749,49408/8388608,49408
47300000,25262952,82005824,1161621749,49408/8388608,49408
47400000,25608480,28297376,1179277922,49392/8388608,49392
47500000,25608480,39603920,1179277922,49376/8388608,49376
47600000,25608480,50909920,1179277922,49376/8388608,49376
47700000,25608480,62217168,1179277922,49360/8388608,49360
47800000,25608480,73523784,1179277922,49376/8388608,49376
47900000,25608480,84829040,1179277922,49392/8388608,49392
48000000,25954040,31122024,1196933024,49376/8388608,45216
48100000,25954040,42426888,1196933024,49376/8388608,49376
48200000,25954040,53732032,1196933024,49376/8388608,49376
48300000,25954040,65040296,1196933024,49392/8388608,49392
48400000,26299536,11332520,1214581640,49392/8388608,49392
48500000,26299536,22641072,1214581640,45200/8388608,49360
48600000,26299536,33950304,1214581640,49376/8388608,49376
48700000,26299536,45255192,1214581640,49376/8388608,49376
48800000,26299536,56560816,1214581640,0/8388608,0
48900000,25437640,67867992,1187914770,45280/8388608,45280
49000000,25437640,79175912,1187914770,45264/8388608,45264
49100000,25783184,25466968,1205560914,45248/8388608,45248
49200000,25783184,36772976,1205560914,45264/8388608,45264
49300000,25783184,48080104,1205560914,45280/8388608,45280
49400000,25783184,59383960,1205560914,45248/8388608,45248
49500000,25783184,70690152,1205560914,41088/8388608,45248
49600000,25783184,81994800,1205560914,45248/8388608,45248
49700000,25783184,93301296,1205560914,45248/8388608,45248
49800000,26128696,39593328,1223215702,45280/8388608,45280
49900000,26128696,50899776,1223215702,41120/8388608,41120
50000000,26128696,62204456,1223215702,45296/8388608,45296
50100000,26128696,73511120,1223215702,45280/8388608,45280
50200000,26128696,84815864,1223215702,45280/8388608,45280
50300000,26474192,31106632,1240871959,45280/8388608,45280
50400000,26474192,42416232,1240871959,45280/8388608,45280
50500000,26474192,53723376,1240871959,45264/8388608,45264
50600000,26474192,65029464,1240871959,45264/8388608,45264
50700000,26474192,76337688,1240871959,45280/8388608,45280
50800000,26474192,87643672,1240871959,45280/8388608,45280
50900000,26819672,33933368,1258536750,45248/8388608,45248
51000000,26819672,45240824,1258536750,45280/8388608,45280
51100000,26819672,56546960,1258536750,45248/8388608,41136
51200000,26819672,67854368,1258536750,45280/8388608,45280
51300000,26819672,79161296,1258536750,45264/8388608,45264
51400000,27165152,25453408,1276181407,45280/8388608,45280
51500000,27165152,36760992,1276181407,45280/8388608,41120
51600000,27165152,48068936,1276181407,45264/8388608,45264
51700000,27165152,59374344,1276181407,45280/8388608,45280
51800000,27165152,70682096,1276181407,41104/8388608,45264
51900000,27165152,81986744,1276181407,45280/8388608,45280
52000000,27165152,93293296,1276181407,45280/8388608,45280
52100000,27510552,39585504,1293832570,45264/8388608,45264
52200000,27510552,50890296,1293832570,45264/8388608,45264
52300000,27510552,62198120,1293832570,45264/8388608,41104
52400000,27510552,73504872,1293832570,45280/8388608,45280
52500000,27510552,84811920,1293832570,45280/8388608,45280
52600000,27856048,31105224,1311489541,45264/8388608,45264
52700000,27856048,42410296,1311489541,45264/8388608,45264
52800000,27856048,53716608,1311489541,45280/8388608,45280
52900000,27856048,65024208,1311489541,45280/8388608,45280
53000000,27856048,76332888,1311489541,45264/8388608,41104
53100000,27856048,87638920,1311489541,41104/8388608,45264
53200000,28201608,33931984,1329140824,45280/8388608,45280
53300000,28201608,45235976,1329140824,45280/8388608,45280
53400000,28201608,56546368,1329140824,45280/8388608,45280
53500000,28201608,67853232,1329140824,45280/8388608,45280
53600000,28201608,79160432,1329140824,45280/8388608,45280
53700000,28547168,25451432,1346784233,45280/8388608,45280
53800000,28547168,36758512,1346784233,41120/8388608,45280
53900000,28547168,48064104,1346784233,41120/8388608,41120
54000000,28547168,59369192,1346784233,45264/8388608,41104
54100000,28547168,70674760,1346784233,41120/8388608,45280
54200000,28547168,81979992,1346784233,45280/8388608,45280
54300000,28547168,93284928,1346784233,45280/8388608,45280
54400000,28892648,39578296,1364434546,45264/8388608,45264
54500000,28892648,50885968,1364434546,45264/8388608,45264
54600000,28892648,62190680,1364434546,45280/8388608,45280
54700000,29238288,8484952,1382094639,45280/8388608,45280
54800000,29238288,19790016,1382094639,41120/8388608,41120
54900000,28589080,31097432,1357100171,49424/8388608,49424
55000000,28589080,42404776,1357100171,49424/8388608,49424
55100000,28589080,53711440,1357100171,49424/8388608,49424
55200000,28589080,65019416,1357100171,49424/8388608,49424
55300000,28589080,76327488,1357100171,49424/8388608,49424
55400000,28589080,87634456,1357100171,49424/8388608,49424
55500000,28934528,33928080,1374754637,49424/8388608,49424
55600000,28934528,45233416,1374754637,49424/8388608,49424
55700000,28934528,56539792,1374754637,49408/8388608,49408
55800000,28934528,67846320,1374754637,49424/8388608,49424
55900000,28934528,79155648,1374754637,49424/8388608,49424
56000000,29279976,25450056,1392402589,49424/8388608,49424
56100000,29279976,36754784,1392402589,49376/8388608,49376
56200000,29279976,48062200,1392402589,45312/8388608,45312
56300000,29279976,59368840,1392402589,49408/8388608,49408
56400000,29279976,70676584,1392402589,49408/8388608,49408
56500000,29279976,81985024,1392402589,49392/8388608,49392
56600000,29625408,28279048,1410048647,49376/8388608,49376
56700000,29625408,39585376,1410048647,49376/8388608,49376
56800000,29625408,50891712,1410048647,49392/8388608,49392
56900000,29625408,62195816,1410048647,45296/8388608,49408
57000000,29625408,73501432,1410048647,49392/8388608,45280
57100000,29625408,84808680,1410048647,49392/8388608,49392
57200000,29625408,96113912,1410048647,49392/8388608,49392
57300000,29970808,42409176,1427704037,49440/8388608,49440
57400000,29970808,53716896,1427704037,49408/8388608,49408
57500000,29970808,65024480,1427704037,49408/8388608,49408
57600000,29970808,76329952,1427704037,49392/8388608,49392
57700000,29970808,87634920,1427704037,49408/8388608,49408
57800000,30316192,33927200,1445361105,49408/8388608,49408
57900000,30316192,45233880,1445361105,49376/8388608,49376
58000000,30316192,56538720,1445361105,49392/8388608,49392
58100000,30316192,67845256,1445361105,49392/8388608,49392
58200000,30316192,79150992,1445361105,49408/8388608,49408
58300000,30661784,25443416,1463015909,49408/8388608,49408
58400000,30661784,36753192,1463015909,49408/8388608,45232
58500000,30661784,48058632,1463015909,49408/8388608,49408
58600000,30661784,59364808,1463015909,49408/8388608,49408
58700000,30661784,70674640,1463015909,49392/8388608,49392
58800000,30661784,81984344,1463015909,49408/8388608,49408
58900000,31007264,28276424,1480663296,49376/8388608,45216
59000000,31007264,39583616,1480663296,49392/8388608,49392
59100000,31007264,50889472,1480663296,49376/8388608,49376
59200000,31007264,62198936,1480663296,45232/8388608,45232
59300000,31007264,73506696,1480663296,45280/8388608,45280
59400000,31007264,84813128,1480663296,49392/8388608,45232
59500000,31007264,96120992,1480663296,49392/8388608,49392
59600000,31352728,42412728,1498312316,49392/8388608,49392
59700000,31352728,53719752,1498312316,49392/8388608,49392
59800000,31352728,65026856,1498312316,49392/8388608,49392
59900000,31352728,76333680,1498312316,49392/8388608,49392
60000000,31352728,87640600,1498312316,49392/8388608,49392
60100000,31698256,33933312,1515967869,49392/8388608,49392
60200000,31698256,45240616,1515967869,49392/8388608,49392
60300000,31698256,56549200,1515967869,45232/8388608,49392
60400000,31698256,67854560,1515967869,49376/8388608,49376
60500000,32043752,14145232,1533623213,49376/8388608,49376
60600000,32043752,25452696,1533623213,45232/8388608,45232
60700000,31259536,36762720,1500693650,0/8388608,0
60800000,31259536,48071384,1500693650,45312/8388608,45312
60900000,31259536,59377976,1500693650,45328/8388608,45328
61000000,31259536,70684960,1500693650,45328/8388608,45328
61100000,31259536,81989256,1500693650,45296/8388608,45296
61200000,31604888,28281240,1518339470,45312/8388608,45312
61300000,31604888,39588800,1518339470,45312/8388608,45312
61400000,31604888,50895056,1518339470,45328/8388608,45328
61500000,31604888,62201176,1518339470,45328/8388608,45328
61600000,31604888,73509368,1518339470,41104/8388608,41104
61700000,31604888,84813680,1518339470,45328/8388608,45328
61800000,31950480,31107800,1535987079,41136/8388608,45312
61900000,31950480,42412744,1535987079,45328/8388608,45328
62000000,31950480,53719176,1535987079,41152/8388608,45328
62100000,31950480,65026976,1535987079,45312/8388608,45312
62200000,31950480,76333768,1535987079,45312/8388608,45312
62300000,31950480,87641128,1535987079,45312/8388608,45312
62400000,32295960,33932880,1553642200,45280/8388608,45280
62500000,32295960,45240008,1553642200,41088/8388608,41088
62600000,32295960,56546864,1553642200,45296/8388608,45296
62700000,32295960,67853824,1553642200,45312/8388608,45312
62800000,32295960,79160944,1553642200,45296/8388608,45296
62900000,32641472,25454552,1571298691,45280/8388608,45280
63000000,32641472,36761920,1571298691,45312/8388608,45312
63100000,32641472,48069880,1571298691,45312/8388608,45312
63200000,32641472,59375496,1571298691,45280/8388608,45280
63300000,32641472,70683928,1571298691,45296/8388608,45296
63400000,32641472,81989368,1571298691,45296/8388608,45296
63500000,32987064,28284072,1588952353,45280/8388608,45280
63600000,32987064,39591632,1588952353,45280/8388608,45280
63700000,32987064,50896032,1588952353,45280/8388608,45280
63800000,32987064,62203352,1588952353,45280/8388608,45280
63900000,32987064,73511456,1588952353,45264/8388608,41152
64000000,32987064,84817480,1588952353,45248/8388608,45248
64100000,33332608,31111200,1606599077,45264/8388608,45264
64200000,33332608,42419832,1606599077,45280/8388608,45280
64300000,33332608,53725416,1606599077,45264/8388608,45264
64400000,33332608,65033784,1606599077,45248/8388608,45248
64500000,33332608,76340816,1606599077,45248/8388608,45248
64600000,33332608,87646616,1606599077,45280/8388608,45280
64700000,33332608,98955240,1606599077,45280/8388608,45280
64800000,33677960,45246136,1624248791,45280/8388608,45280
64900000,33677960,56553680,1624248791,45280/8388608,45280
65000000,33677960,67861120,1624248791,45280/8388608,45280
65100000,33677960,79167728,1624248791,41104/8388608,45264
65200000,33677960,90474440,1624248791,45264/8388608,45264
65300000,34023472,36767248,1642017500,41104/8388608,41104
65400000,34023472,48073016,1642017500,45264/8388608,45264
65500000,34023472,59378376,1642017500,45264/8388608,45264
65600000,34023472,70685896,1642017500,45280/8388608,45280
65700000,34023472,81993848,1642017500,41104/8388608,41104
65800000,34368888,28285624,1659671828,45280/8388608,45280
65900000,34368888,39592704,1659671828,45280/8388608,45280
66000000,34368888,50899264,1659671828,45248/8388608,45248
66100000,34368888,62203432,1659671828,45296/8388608,45296
66200000,34368888,73510064,1659671828,45264/8388608,45264
66300000,34368888,84816696,1659671828,45264/8388608,45264
66400000,34714304,31107792,1677318379,45280/8388608,45280
66500000,34714304,42416728,1677318379,45264/8388608,45264
66600000,34714304,53723344,1677318379,45264/8388608,45264
66700000,34714304,65031000,1677318379,45280/8388608,45280
66800000,35059848,11324904,1694965625,45264/8388608,45264
66900000,34405480,22629872,1665048568,49408/8388608,49408
67000000,34405480,33935928,1665048568,49376/8388608,49376
67100000,34405480,45244008,1665048568,49408/8388608,49408
67200000,34405480,56551864,1665048568,45232/8388608,45232
67300000,34405480,67857800,1665048568,49408/8388608,49408
67400000,34405480,79165376,1665048568,49392/8388608,49392
67500000,34751056,25460424,1682718041,45200/8388608,45200
67600000,34751056,36768464,1682718041,49408/8388608,49408
67700000,34751056,48078536,1682718041,45216/8388608,45216
67800000,34751056,59385248,1682718041,49392/8388608,49392
67900000,34751056,70692000,1682718041,49392/8388608,49392
68000000,34751056,82000192,1682718041,45248/8388608,45248
68100000,35096424,28293912,1700366678,49392/8388608,49392
68200000,35096424,39602352,1700366678,49392/8388608,49392
68300000,35096424,50908304,1700366678,49408/8388608,49408
68400000,35096424,62214568,1700366678,49408/8388608,49408
68500000,35096424,73522256,1700366678,49392/8388608,49392
68600000,35096424,84829032,1700366678,49408/8388608,49408
68700000,35441904,31123976,1718015803,45296/8388608,49408
68800000,35441904,42432024,1718015803,49408/8388608,49408
68900000,35441904,53736352,1718015803,49408/8388608,45248
69000000,35441904,65043680,1718015803,49408/8388608,49408
69100000,35441904,76349944,1718015803,49408/8388608,49408
69200000,35441904,87656944,1718015803,49408/8388608,49408
69300000,35787432,33947208,1735663810,45232/8388608,45232
69400000,35787432,45256648,1735663810,49392/8388608,49392
69500000,35787432,56563496,1735663810,49376/8388608,49376
69600000,35787432,67870672,1735663810,45296/8388608,49408
69700000,35787432,79178720,1735663810,49376/8388608,49376
69800000,36132768,25470696,1753313870,45200/8388608,45200
69900000,36132768,36775104,1753313870,49408/8388608,49408
70000000,36132768,48082376,1753313870,49408/8388608,49408
70100000,36132768,59387776,1753313870,49360/8388608,49360
70200000,36132768,70695344,1753313870,49392/8388608,49392
70300000,36132768,82001832,1753313870,49360/8388608,49360
70400000,36478280,28293384,1770970111,49408/8388608,49408
70500000,36478280,39600352,1770970111,45248/8388608,49408
70600000,36478280,50909392,1770970111,49392/8388608,49392
70700000,36478280,62217064,1770970111,49392/8388608,49392
70800000,36478280,73523248,1770970111,49376/8388608,49376
70900000,36478280,84829064,1770970111,49392/8388608,49392
71000000,36823632,31121432,1788622441,49392/8388608,49392
71100000,36823632,42425304,1788622441,45216/8388608,49376
71200000,36823632,53732880,1788622441,49408/8388608,49408
71300000,36823632,65036608,1788622441,49408/8388608,45296
71400000,36823632,76345016,1788622441,49392/8388608,49392
71500000,36823632,87652888,1788622441,49392/8388608,49392
71600000,36823632,98959992,1788622441,45280/8388608,49392
71700000,37169160,45252568,1806272565,49344/8388608,49344
71800000,37169160,56558792,1806272565,49376/8388608,49376
71900000,37169160,67865936,1806272565,49360/8388608,49360
72000000,37169160,79174944,1806272565,45216/8388608,45216
72100000,37514608,25469096,1823919745,49392/8388608,49392
72200000,37514608,36776064,1823919745,49376/8388608,49376
72300000,37514608,48083792,1823919745,49376/8388608,49376
72400000,37514608,59391528,1823919745,49408/8388608,49408
72500000,37860184,5685064,1841572306,49392/8388608,49392
72600000,37860184,16993416,1841572306,49360/8388608,49360
72700000,37066880,28300880,1803980253,0/8388608,0
72800000,37066880,39606496,1803980253,4160/8388608,4160
72900000,37066880,50912248,1803980253,4160/8388608,8320
73000000,37066880,62219024,1803980253,8320/8388608,8320
73100000,37066880,73527184,1803980253,8320/8388608,4160
73200000,37066880,84832144,1803980253,8320/8388608,8320
73300000,37412296,31123880,1821635750,8320/8388608,8320
73400000,37412296,42431752,1821635750,4160/8388608,4160
73500000,37412296,53739064,1821635750,4160/8388608,4160
73600000,37412296,65048536,1821635750,4160/8388608,4160
73700000,37412296,76353928,1821635750,4160/8388608,4160
73800000,37412296,87662800,1821635750,4160/8388608,0
73900000,37757760,33956160,1839282127,0/8388608,0
74000000,37757760,45263992,1839282127,0/8388608,0
74100000,37757760,56572592,1839282127,0/8388608,0
74200000,37738832,67879912,1821083046,49344/8388608,49344
74300000,37738832,79187104,1821083046,53504/8388608,53504
74400000,38084312,25480376,1838728414,53488/8388608,53488
74500000,38084312,36787336,1838728414,53504/8388608,53504
74600000,38084312,48096008,1838728414,53488/8388608,53488
74700000,38084312,59402104,1838728414,53488/8388608,53488
74800000,38084312,70710768,1838728414,53504/8388608,53504
74900000,38084312,82017304,1838728414,53504/8388608,53504
75000000,38429792,28308776,1856379882,53504/8388608,53504
75100000,38429792,39615328,1856379882,53504/8388608,53504
75200000,38429792,50920952,1856379882,53504/8388608,53504
75300000,38429792,62227520,1856379882,53488/8388608,53488
75400000,38429792,73534376,1856379882,53504/8388608,53504
75500000,38429792,84840800,1856379882,49328/8388608,49328
75600000,38775304,31135560,1874037974,53488/8388608,53488
75700000,38775304,42442216,1874037974,53488/8388608,53488
75800000,38775304,53750432,1874037974,53504/8388608,53504
75900000,38775304,65058608,1874037974,53504/8388608,53504
76000000,38775304,76366424,1874037974,53488/8388608,53488
76100000,38775304,87672544,1874037974,53488/8388608,53488
76200000,39120736,33967344,1891693404,53456/8388608,53456
76300000,39120736,45273528,1891693404,53504/8388608,53504
76400000,39120736,56579976,1891693404,53504/8388608,53504
76500000,39120736,67888464,1891693404,53504/8388608,53504
76600000,39120736,79195104,1891693404,49344/8388608,49344
76700000,39466296,25487464,1909341029,53504/8388608,53504
76800000,39466296,36795632,1909341029,53472/8388608,53472
76900000,39466296,48102112,1909341029,53504/8388608,53504
77000000,39466296,59409144,1909341029,53504/8388608,53504
77100000,39466296,70717104,1909341029,53504/8388608,53504
77200000,39466296,82025224,1909341029,53504/8388608,53504
77300000,39811744,28317720,1926991908,49344/8388608,53504
77400000,39811744,39627232,1926991908,53488/8388608,53488
77500000,39811744,50933592,1926991908,49344/8388608,53504
77600000,39811744,62239688,1926991908,53504/8388608,53504
77700000,39811744,73545784,1926991908,53504/8388608,53504
77800000,39811744,84851264,1926991908,49344/8388608,53504
77900000,40157240,31143528,1944646103,53504/8388608,53504
78000000,40157240,42449888,1944646103,53504/8388608,53504
78100000,40157240,53757808,1944646103,53504/8388608,53504
78200000,40157240,65066304,1944646103,53488/8388608,53488
78300000,40157240,76372160,1944646103,53504/8388608,53504
78400000,40157240,87679480,1944646103,49328/8388608,53488
78500000,40502768,33972568,1962302708,53488/8388608,53488
78600000,40502768,45280728,1962302708,53504/8388608,53504
78700000,40502768,56587392,1962302708,49392/8388608,49392
78800000,40848216,2881040,1979949545,53504/8388608,53504
78900000,40848216,14187512,1979949545,53504/8388608,53504
79000000,40848216,25495064,1979949545,45232/8388608,45232
79100000,40031184,36801808,1940951949,8320/8388608,8320
79200000,40031184,48105944,1940951949,4160/8388608,4160
79300000,40031184,59413912,1940951949,8320/8388608,8320
79400000,40031184,70721896,1940951949,8320/8388608,8320
79500000,40031184,82029208,1940951949,8320/8388608,8320
79600000,40376664,28323672,1958595743,8320/8388608,8320
79700000,40376664,39630224,1958595743,4160/8388608,4160
79800000,40376664,50937256,1958595743,4160/8388608,4160
79900000,40376664,62241416,1958595743,4160/8388608,4160
80000000,40376664,73547968,1958595743,4160/8388608,4160
80100000,40376664,84853752,1958595743,4160/8388608,4160
80200000,40722080,31147720,1976250020,4160/8388608,4160
80300000,40722080,42454216,1976250020,0/8388608,0
80400000,40582064,53761312,1949030942,49424/8388608,49424
80500000,40582064,65071344,1949030942,49408/8388608,49408
80600000,40582064,76379856,1949030942,49424/8388608,49424
80700000,40582064,87687568,1949030942,49408/8388608,45248
80800000,40927496,33980600,1966685299,45264/8388608,49424
80900000,40927496,45285936,1966685299,49424/8388608,49424
81000000,40927496,56591984,1966685299,49424/8388608,49424
81100000,40927496,67898288,1966685299,49424/8388608,49424
81200000,40927496,79202848,1966685299,45248/8388608,45248
81300000,41273008,25494136,1984335814,49392/8388608,49392
81400000,41273008,36802816,1984335814,49392/8388608,49392
81500000,41273008,48110280,1984335814,49376/8388608,49376
81600000,41273008,59415768,1984335814,49392/8388608,49392
81700000,41273008,70723200,1984335814,45216/8388608,45216
81800000,41273008,82032104,1984335814,49392/8388608,49392
81900000,41273008,93337736,1984335814,49392/8388608,49392
82000000,41618520,39628912,2001979257,49392/8388608,49392
82100000,41618520,50935408,2001979257,49392/8388608,49392
82200000,41618520,62242272,2001979257,49392/8388608,49392
82300000,41618520,73549504,2001979257,49392/8388608,49392
82400000,41618520,84857304,2001979257,49392/8388608,49392
82500000,41963952,31151208,2019633235,49392/8388608,49392
82600000,41963952,42459160,2019633235,49376/8388608,49376
82700000,41963952,53766328,2019633235,49376/8388608,49376
82800000,41963952,65073520,2019633235,49376/8388608,49376
82900000,41963952,76379600,2019633235,45216/8388608,49376
83000000,41963952,87685832,2019633235,49392/8388608,49392
83100000,42309304,33981056,2037288624,49360/8388608,49360
83200000,42309304,45289688,2037288624,49376/8388608,49376
83300000,42309304,56595648,2037288624,49376/8388608,49376
83400000,42309304,67904472,2037288624,49392/8388608,49392
83500000,42309304,79210208,2037288624,49376/8388608,49376
83600000,42654720,25500648,2054941769,49376/8388608,49376
83700000,42654720,36805904,2054941769,49376/8388608,49376
83800000,42654720,48111016,2054941769,49376/8388608,49376
83900000,42654720,59416736,2054941769,49392/8388608,49392
84000000,42654720,70725480,2054941769,49392/8388608,49392
84100000,42654720,82031672,2054941769,49376/8388608,49376
84200000,42654720,93337968,2054941769,49376/8388608,49376
84300000,43000264,39632080,2072601975,49408/8388608,49408
84400000,43000264,50939792,2072601975,49376/8388608,49376
84500000,43000264,62246152,2072601975,49376/8388608,49376
84600000,43000264,73553872,2072601975,49360/8388608,49360
84700000,43000264,84860728,2072601975,49392/8388608,49392
84800000,43345680,31152152,2090247451,49376/8388608,45216
84900000,43345680,42459256,2090247451,49376/8388608,49376
85000000,43345680,53767504,2090247451,49376/8388608,49376
85100000,43345680,65075680,2090247451,45216/8388608,49376
85200000,43345680,76382056,2090247451,49376/8388608,49376
85300000,43345680,87688744,2090247451,49392/8388608,49392
85400000,43691112,33982128,2107903330,49392/8388608,49392
85500000,43691112,45289064,2107903330,49376/8388608,49376
85600000,43691112,56596336,2107903330,49360/8388608,45200
85700000,44036496,2892192,2125558260,45264/8388608,45264
85800000,44036496,14198920,2125558260,49408/8388608,49408
85900000,43265800,25505736,2087434749,8320/8388608,4160
86000000,43265800,36812192,2087434749,4160/8388608,4160
86100000,43265800,48119720,2087434749,8320/8388608,4160
86200000,43265800,59425592,2087434749,8320/8388608,4160
86300000,43265800,70733088,2087434749,8320/8388608,8320
86400000,43265800,82040488,2087434749,8320/8388608,8320
86500000,43611296,28332792,2105083039,8320/8388608,8320
86600000,43611296,39639696,2105083039,8320/8388608,8320
86700000,43611296,50946672,2105083039,4160/8388608,4160
86800000,43611296,62255920,2105083039,4160/8388608,4160
86900000,43611296,73562480,2105083039,0/8388608,0
87000000,43611296,84868816,2105083039,4160/8388608,4160
87100000,43611296,96176200,2105083039,0/8388608,0
87200000,43761688,42469608,2095684564,53488/8388608,53488
87300000,43761688,53775960,2095684564,53488/8388608,49376
87400000,43761688,65084080,2095684564,53472/8388608,53472
87500000,43761688,76390880,2095684564,53504/8388608,53504
87600000,43761688,87696752,2095684564,53504/8388608,53504
87700000,44107104,33991240,2113338048,53504/8388608,53504
87800000,44107104,45299080,2113338048,53504/8388608,53504
87900000,44107104,56606048,2113338048,53504/8388608,53504
88000000,44107104,67918304,2113338048,53504/8388608,53504
88100000,44107104,79225208,2113338048,53504/8388608,53504
88200000,44452584,25519640,2130991851,53504/8388608,53504
88300000,44452584,36825960,2130991851,53504/8388608,53504
88400000,44452584,48131256,2130991851,53488/8388608,53488
88500000,44452584,59437984,2130991851,53504/8388608,53504
88600000,44452584,70746560,2130991851,53504/8388608,53504
88700000,44452584,82054024,2130991851,53504/8388608,53504
88800000,44798112,28345344,2148642443,53504/8388608,53504
88900000,44798112,39649216,2148642443,53504/8388608,53504
89000000,44798112,50954640,2148642443,53472/8388608,53472
89100000,44798112,62259928,2148642443,53504/8388608,53504
89200000,44798112,73566624,2148642443,53504/8388608,49344
89300000,44798112,84874392,2148642443,53504/8388608,53504
89400000,45143624,31165192,2166287912,53488/8388608,53488
89500000,45143624,42471504,2166287912,53488/8388608,53488
89600000,45143624,53779120,2166287912,53504/8388608,53504
89700000,45143624,65084824,2166287912,53488/8388608,53488
89800000,45143624,76391992,2166287912,53488/8388608,53488
89900000,45143624,87698480,2166287912,49344/8388608,53504
90000000,45489104,33993544,2183941594,53504/8388608,53504
90100000,45489104,45299592,2183941594,53472/8388608,53472
90200000,45489104,56605088,2183941594,53504/8388608,53504
90300000,45489104,67913152,2183941594,53488/8388608,53488
90400000,45489104,79217440,2183941594,53504/8388608,53504
90500000,45834584,25510048,2201596108,53488/8388608,53488
90600000,45834584,36816864,2201596108,53504/8388608,53504
90700000,45834584,48123128,2201596108,53488/8388608,53488
90800000,45834584,59429928,2201596108,53504/8388608,53504
90900000,45834584,70736328,2201596108,49344/8388608,49344
91000000,45834584,82043280,2201596108,53504/8388608,53504
91100000,45834584,93347592,2201596108,49328/8388608,49328
91200000,46180224,39639616,2219253340,53488/8388608,53488
91300000,46180224,50944368,2219253340,53472/8388608,53472
91400000,46180224,62251032,2219253340,53488/8388608,53488
91500000,46180224,73561040,2219253340,53488/8388608,53488
91600000,46180224,84864616,2219253340,53456/8388608,49296
91700000,46525736,31155960,2236899727,53488/8388608,53488
91800000,46525736,42463976,2236899727,53504/8388608,53504
91900000,46525736,53769024,2236899727,53488/8388608,53488
92000000,46525736,65075968,2236899727,53504/8388608,53504
92100000,46871360,11368840,2254549024,53472/8388608,53472
92200000,46871360,22673984,2254549024,53504/8388608,53504
92300000,45932408,33980544,2208439145,8320/8388608,8320
92400000,45932408,45285256,2208439145,8320/8388608,8320
92500000,45932408,56593288,2208439145,8320/8388608,8320
92600000,45932408,67901448,2208439145,8320/8388608,8320
92700000,45932408,79206984,2208439145,8320/8388608,8320
92800000,46277872,25497832,2226091771,8320/8388608,8320
92900000,46277872,36804160,2226091771,8320/8388608,8320
93000000,46277872,48114440,2226091771,8320/8388608,8320
93100000,46277872,59421536,2226091771,4160/8388608,4160
93200000,46277872,70730872,2226091771,8320/8388608,8320
93300000,46277872,82037872,2226091771,4160/8388608,4160
93400000,46623368,28329528,2243744012,0/8388608,0
93500000,46623368,39635520,2243744012,0/8388608,0
93600000,46393688,50941728,2212662697,4160/8388608,4160
93700000,46393688,62247712,2212662697,8320/8388608,8320
93800000,46393688,73554224,2212662697,8320/8388608,8320
93900000,46393688,84861976,2212662697,4160/8388608,4160
94000000,46739216,31153984,2230314984,8320/8388608,8320
94100000,46739216,42461688,2230314984,4160/8388608,8320
94200000,46739216,53768992,2230314984,8320/8388608,8320
94300000,46739216,65073960,2230314984,8320/8388608,8320
94400000,46739216,76382000,2230314984,8320/8388608,8320
94500000,46739216,87691432,2230314984,8320/8388608,8320
94600000,47084824,33987368,2247960868,4160/8388608,8320
94700000,47084824,45291720,2247960868,4160/8388608,8320
94800000,47084824,56601232,2247960868,8320/8388608,8320
94900000,47084824,67905864,2247960868,8320/8388608,8320
95000000,47084824,79212976,2247960868,8320/8388608,8320
95100000,47084824,90520496,2247960868,8320/8388608,8320
95200000,47430320,36812960,2265612504,8320/8388608,8320
95300000,47430320,48120328,2265612504,8320/8388608,8320
95400000,47430320,59428720,2265612504,0/8388608,0
95500000,46859296,70734304,2215827300,61680/8388608,61680
95600000,46859296,82041272,2215827300,61696/8388608,61696
95700000,47204696,28334344,2233483241,57536/8388608,57536
95800000,47204696,39640472,2233483241,57552/8388608,57552
95900000,47204696,50944560,2233483241,61728/8388608,61728
96000000,47204696,62251864,2233483241,61712/8388608,61712
96100000,47204696,73559424,2233483241,61696/8388608,61696
96200000,47204696,84867608,2233483241,61696/8388608,61696
96300000,47550208,31160392,2251138054,61712/8388608,61712
96400000,47550208,42467992,2251138054,61696/8388608,61696
96500000,47550208,53774168,2251138054,61728/8388608,61728
96600000,47550208,65082736,2251138054,61696/8388608,61696
96700000,47550208,76388880,2251138054,61696/8388608,61696
96800000,47550208,87694128,2251138054,61696/8388608,61696
96900000,47895704,33987744,2268781852,61712/8388608,61712
97000000,47895704,45294440,2268781852,61712/8388608,61712
97100000,47895704,56601136,2268781852,61696/8388608,61696
97200000,47895704,67910000,2268781852,61712/8388608,61712
97300000,47895704,79215104,2268781852,61712/8388608,61712
97400000,48241216,25506312,2286428105,61712/8388608,61712
97500000,48241216,36811432,2286428105,57552/8388608,57552
97600000,48241216,48120368,2286428105,61696/8388608,61696
97700000,48241216,59425128,2286428105,61696/8388608,61696
97800000,48241216,70733168,2286428105,61712/8388608,61712
97900000,48241216,82040184,2286428105,57536/8388608,61696
98000000,48586744,28334224,2304083342,61744/8388608,61744
98100000,48586744,39642368,2304083342,57536/8388608,57536
98200000,48586744,50947448,2304083342,61696/8388608,61696
98300000,48586744,62253096,2304083342,61728/8388608,61728
98400000,48586744,73561472,2304083342,61696/8388608,61696
98500000,48586744,84867288,2304083342,61696/8388608,61696
98600000,48932128,31158936,2321736860,61696/8388608,61696
98700000,48932128,42465800,2321736860,61728/8388608,61728
98800000,48932128,53773320,2321736860,57600/8388608,57600
98900000,48932128,65080616,2321736860,57616/8388608,61728
99000000,49277576,11374136,2339385661,61680/8388608,57520
99100000,49277576,22680112,2339385661,61712/8388608,61712
99200000,48211232,33985912,2286160500,8320/8388608,8320
99300000,48211232,45292440,2286160500,8320/8388608,8320
99400000,48211232,56597936,2286160500,8320/8388608,8320
99500000,48211232,67905232,2286160500,8320/8388608,8320
99600000,48211232,79211792,2286160500,4160/8388608,4160
99700000,48556872,25503912,2303806945,8320/8388608,8320
99800000,48556872,36809888,2303806945,8320/8388608,4160
99900000,48556872,48115960,2303806945,8320/8388608,8320
100000000,48556872,59422424,2303806945,8320/8388608,8320
100100000,48556872,70730072,2303806945,4160/8388608,4160
100200000,48556872,82036456,2303806945,8320/8388608,8320
100300000,48902400,28329128,2321462905,8320/8388608,8320
100400000,48902400,39635280,2321462905,0/8388608,0
100500000,48570304,50942032,2290382248,8320/8388608,8320
100600000,48570304,62248368,2290382248,4160/8388608,4160
100700000,48570304,73554600,2290382248,8320/8388608,8320
100800000,48570304,84861808,2290382248,8320/8388608,4160
100900000,48915800,31153784,2308036910,8320/8388608,8320
101000000,48915800,42460928,2308036910,8320/8388608,8320
101100000,48915800,53767152,2308036910,8320/8388608,8320
101200000,48915800,65075656,2308036910,8320/8388608,8320
101300000,48915800,76383416,2308036910,8320/8388608,8320
101400000,49261168,22676224,2325701199,8320/8388608,8320
101500000,49261168,33983680,2325701199,4160/8388608,4160
101600000,49261168,45290664,2325701199,4160/8388608,4160
101700000,49261168,56598640,2325701199,0/8388608,0
101800000,48880144,67907184,2296876022,8320/8388608,8320
101900000,48880144,79215104,2296876022,8320/8388608,4160
102000000,49225576,25506920,2314521208,8320/8388608,8320
102100000,49225576,36814728,2314521208,8320/8388608,8320
102200000,49225576,48123736,2314521208,8320/8388608,8320
102300000,49225576,59431776,2314521208,8320/8388608,8320
102400000,49225576,70740480,2314521208,8320/8388608,8320
102500000,49225576,82047512,2314521208,8320/8388608,8320
102600000,49225576,93352312,2314521208,8320/8388608,8320
102700000,49571072,39646784,2332167745,4160/8388608,8320
102800000,49571072,50950672,2332167745,8320/8388608,8320
102900000,49571072,62260152,2332167745,8320/8388608,8320
103000000,49571072,73567688,2332167745,8320/8388608,4160
103100000,49571072,84872504,2332167745,8320/8388608,8320
103200000,49916536,31167192,2349818849,8320/8388608,8320
103300000,49916536,42474984,2349818849,0/8388608,0
103400000,49449760,53783248,2308102437,61792/8388608,61792
103500000,49449760,65091968,2308102437,61792/8388608,61792
103600000,49449760,76399488,2308102437,61776/8388608,57616
103700000,49449760,87707528,2308102437,61792/8388608,61792
103800000,49795224,34000224,2325755818,61792/8388608,61792
103900000,49795224,45305240,2325755818,61776/8388608,61776
104000000,49795224,56611904,2325755818,61776/8388608,57616
104100000,49795224,67919216,2325755818,61760/8388608,61760
104200000,49795224,79225552,2325755818,61760/8388608,61760
104300000,50140752,25519072,2343404518,57600/8388608,57600
104400000,50140752,36828064,2343404518,61744/8388608,61744
104500000,50140752,48136456,2343404518,61744/8388608,61744
104600000,50140752,59444072,2343404518,61760/8388608,61760
104700000,50140752,70750608,2343404518,61744/8388608,61744
104800000,50140752,82058320,2343404518,61760/8388608,61760
104900000,50140752,93364800,2343404518,61760/8388608,61760
105000000,50486232,39655600,2361049163,61728/8388608,61728
105100000,50486232,50963184,2361049163,61712/8388608,61712
105200000,50486232,62272536,2361049163,61712/8388608,61712
105300000,50486232,73579360,2361049163,61728/8388608,61728
105400000,50486232,84883832,2361049163,61728/8388608,61728
105500000,50831600,31177240,2378701369,61712/8388608,61712
105600000,50831600,42483840,2378701369,61712/8388608,61712
105700000,50831600,53789256,2378701369,61712/8388608,61712
105800000,50831600,65098080,2378701369,57616/8388608,57616
105900000,50831600,76404752,2378701369,61728/8388608,61728
106000000,50831600,87710072,2378701369,61712/8388608,61712
106100000,51177096,34002896,2396358048,61712/8388608,61712
106200000,51177096,45309528,2396358048,57568/8388608,57568
106300000,51177096,56616944,2396358048,61712/8388608,61712
106400000,51177096,67926224,2396358048,61728/8388608,61728
106500000,51177096,79230848,2396358048,61728/8388608,61728
106600000,51522704,25524200,2414012817,57568/8388608,57568
106700000,51522704,36831752,2414012817,61712/8388608,61712
106800000,51522704,48139896,2414012817,61728/8388608,61728
106900000,51522704,59446344,2414012817,61728/8388608,61728
107000000,51868264,5737688,2431657935,57568/8388608,57568
107100000,51868264,17043472,2431657935,61728/8388608,61728
107200000,50815616,28349768,2379642381,4160/8388608,8320
107300000,50815616,39656656,2379642381,4160/8388608,4160
107400000,50815616,50962768,2379642381,4160/8388608,8320
107500000,50815616,62268856,2379642381,8320/8388608,8320
107600000,50815616,73573872,2379642381,8320/8388608,8320
107700000,50815616,84881080,2379642381,8320/8388608,8320
107800000,51161080,31174712,2397291626,8320/8388608,8320
107900000,51161080,42482792,2397291626,8320/8388608,8320
108000000,51161080,53786864,2397291626,8320/8388608,8320
108100000,51161080,65096136,2397291626,4160/8388608,4160
108200000,51161080,76406296,2397291626,8320/8388608,8320
108300000,51161080,87715384,2397291626,4160/8388608,4160
108400000,51506592,34007952,2414946942,0/8388608,0
108500000,51125232,45316288,2379256574,4160/8388608,4160
108600000,51125232,56622928,2379256574,8320/8388608,8320
108700000,51125232,67930560,2379256574,8320/8388608,8320
108800000,51125232,79238480,2379256574,4160/8388608,4160
108900000,51470616,25531592,2396910920,4160/8388608,8320
109000000,51470616,36835144,2396910920,8320/8388608,8320
109100000,51470616,48142248,2396910920,8320/8388608,8320
109200000,51470616,59448600,2396910920,8320/8388608,8320
109300000,51470616,70757264,2396910920,4160/8388608,4160
109400000,51470616,82063368,2396910920,8320/8388608,4160
109500000,51816048,28355928,2414557357,4160/8388608,4160
109600000,51816048,39663688,2414557357,8320/8388608,8320
109700000,51816048,50970272,2414557357,8320/8388608,8320
109800000,51816048,62276680,2414557357,8320/8388608,8320
109900000,51816048,73585728,2414557357,4160/8388608,4160
110000000,51816048,84890168,2414557357,4160/8388608,4160
110100000,52161496,31184456,2432205246,0/8388608,0
110200000,51827304,42489544,2405532561,8320/8388608,8320
110300000,51827304,53792960,2405532561,8320/8388608,8320
110400000,51827304,65099264,2405532561,8320/8388608,8320
110500000,51827304,76407328,2405532561,4160/8388608,4160
110600000,51827304,87714864,2405532561,4160/8388608,8320
110700000,52172800,34006752,2423186461,4160/8388608,4160
110800000,52172800,45312456,2423186461,8320/8388608,4160
110900000,52172800,56619872,2423186461,8320/8388608,8320
111000000,52172800,67926288,2423186461,8320/8388608,8320
111100000,52172800,79233216,2423186461,8320/8388608,8320
111200000,52518280,25528616,2440841992,4160/8388608,8320
111300000,52518280,36835776,2440841992,8320/8388608,8320
111400000,52518280,48142920,2440841992,4160/8388608,4160
111500000,52518280,59449144,2440841992,4160/8388608,4160
111600000,52518280,70755760,2440841992,4160/8388608,4160
111700000,52518280,82061112,2440841992,4160/8388608,4160
111800000,52518280,93370200,2440841992,4160/8388608,4160
111900000,52483808,39664000,2422846515,65888/8388608,65888
112000000,52483808,50970704,2422846515,65920/8388608,65920
112100000,52483808,62276232,2422846515,65936/8388608,65936
112200000,52483808,73583536,2422846515,65920/8388608,65920
112300000,52483808,84892392,2422846515,65936/8388608,61824
112400000,52829288,31183392,2440495034,65920/8388608,65920
112500000,52829288,42489240,2440495034,65920/8388608,65920
112600000,52829288,53795040,2440495034,65936/8388608,65936
112700000,52829288,65104656,2440495034,65888/8388608,65888
112800000,52829288,76411224,2440495034,65888/8388608,65888
112900000,52829288,87716688,2440495034,65904/8388608,61744
113000000,53174800,34010544,2458146432,65888/8388608,65888
113100000,53174800,45315632,2458146432,65872/8388608,65872
113200000,53174800,56621016,2458146432,65952/8388608,65952
113300000,53174800,67927056,2458146432,65872/8388608,65872
113400000,53174800,79232432,2458146432,65872/8388608,65872
113500000,53174800,90540400,2458146432,65872/8388608,65872
113600000,53520216,36832400,2475804958,65872/8388608,65872
113700000,53520216,48139288,2475804958,65872/8388608,65872
113800000,53520216,59447144,2475804958,65888/8388608,65888
113900000,53520216,70755128,2475804958,65856/8388608,65856
114000000,53520216,82063480,2475804958,65872/8388608,65872
114100000,53865728,28357784,2493459040,65888/8388608,65888
114200000,53865728,39662544,2493459040,65872/8388608,65872
114300000,53865728,50972528,2493459040,65872/8388608,65872
114400000,53865728,62279992,2493459040,61680/8388608,65840
114500000,53865728,73587248,2493459040,65840/8388608,61728
114600000,53865728,84893992,2493459040,65856/8388608,65856
114700000,54211208,31186568,2511104320,65824/8388608,65824
114800000,54211208,42493016,2511104320,65808/8388608,65808
114900000,54211208,53801472,2511104320,65824/8388608,65824
115000000,54211208,65109832,2511104320,65824/8388608,65824
115100000,54556736,11401928,2528749682,65824/8388608,61648
115200000,53429536,22709376,2472385351,8320/8388608,8320
115300000,53429536,34016552,2472385351,8320/8388608,8320
115400000,53429536,45323192,2472385351,8320/8388608,8320
115500000,53429536,56630336,2472385351,8320/8388608,8320
115600000,53429536,67937488,2472385351,8320/8388608,8320
115700000,53429536,79244208,2472385351,8320/8388608,8320
115800000,53774968,25535784,2490040777,8320/8388608,8320
115900000,53774968,36842720,2490040777,8320/8388608,8320
116000000,53774968,48149032,2490040777,8320/8388608,8320
116100000,53774968,59455096,2490040777,8320/8388608,8320
116200000,53774968,70762160,2490040777,0/8388608,4160
116300000,53774968,82069040,2490040777,4160/8388608,4160
116400000,53774968,93375744,2490040777,0/8388608,0
116500000,53755072,39669224,2470411203,8320/8388608,8320
116600000,53755072,50977456,2470411203,8320/8388608,8320
116700000,53755072,62283456,2470411203,8320/8388608,8320
116800000,53755072,73589808,2470411203,8320/8388608,8320
116900000,53755072,84895560,2470411203,8320/8388608,8320
117000000,54100504,31188280,2488061546,8320/8388608,8320
117100000,54100504,42494184,2488061546,8320/8388608,8320
117200000,54100504,53800272,2488061546,8320/8388608,8320
117300000,54100504,65107520,2488061546,4160/8388608,4160
117400000,54100504,76415808,2488061546,8320/8388608,4160
117500000,54100504,87721624,2488061546,8320/8388608,8320
117600000,54446176,34014448,2505706101,8320/8388608,8320
117700000,54446176,45322736,2505706101,4160/8388608,4160
117800000,54446176,56630832,2505706101,0/8388608,0
117900000,54149480,67939936,2469749553,8320/8388608,8320
118000000,54149480,79248144,2469749553,8320/8388608,8320
118100000,54494896,25540136,2487415587,8320/8388608,8320
118200000,54494896,36845056,2487415587,8320/8388608,8320
118300000,54494896,48151624,2487415587,8320/8388608,8320
118400000,54494896,59457608,2487415587,8320/8388608,8320
118500000,54494896,70762576,2487415587,8320/8388608,8320
118600000,54494896,82068168,2487415587,8320/8388608,8320
118700000,54494896,93373504,2487415587,8320/8388608,8320
118800000,54840456,39666640,2505072747,8320/8388608,8320
118900000,54840456,50973944,2505072747,8320/8388608,8320
119000000,54840456,62284104,2505072747,8320/8388608,8320
119100000,54840456,73591728,2505072747,8320/8388608,8320
119200000,54840456,84898856,2505072747,4160/8388608,4160
119300000,55185936,31193576,2522727035,4160/8388608,4160
119400000,55185936,42500056,2522727035,4160/8388608,4160
119500000,55185936,53805072,2522727035,4160/8388608,4160
119600000,55185936,65113240,2522727035,0/8388608,0
119700000,54839440,76418192,2661421732,53504/8388608,57664
119800000,54839440,87727536,2485203052,57664/8388608,57664
119900000,55184904,34018296,2502846487,57616/8388608,57616
120000000,55184904,45323720,2502846487,57584/8388608,57584
120100000,55184904,56631088,2502846487,57568/8388608,57568
120200000,55184904,67936568,2502846487,57584/8388608,57584
120300000,55184904,79243176,2502846487,57616/8388608,57616
120400000,55184904,90549104,2502846487,57616/8388608,57616
120500000,55530464,36842928,2520499390,53472/8388608,53472
120600000,55530464,48149440,2520499390,57600/8388608,53488
120700000,55530464,59455400,2520499390,57616/8388608,57616
120800000,55530464,70762864,2520499390,53456/8388608,57616
120900000,55530464,82071288,2520499390,53488/8388608,57600
121000000,55875928,28362504,2538153833,57600/8388608,57600
121100000,55875928,39667920,2538153833,57616/8388608,57616
121200000,55875928,50975408,2538153833,53440/8388608,53440
121300000,55875928,62283760,2538153833,57584/8388608,57584
121400000,55875928,73589528,2538153833,57584/8388608,57584
121500000,55875928,84898880,2538153833,53440/8388608,53440
121600000,56221504,31190872,2555810248,53424/8388608,53424
121700000,56221504,42497160,2555810248,57600/8388608,57600
121800000,56221504,53805456,2555810248,57584/8388608,57584
121900000,56221504,65114144,2555810248,57568/8388608,57568
122000000,56221504,76422544,2555810248,57600/8388608,57600
122100000,56567064,22714048,2573458069,53424/8388608,53424
122200000,56567064,34021120,2573458069,57616/8388608,57616
122300000,56567064,45330216,2573458069,57616/8388608,57616
122400000,56567064,56639112,2573458069,57600/8388608,53440
122500000,56567064,67946832,2573458069,53424/8388608,53424
122600000,56567064,79254000,2573458069,57584/8388608,57584
122700000,56567064,90557456,2573458069,57584/8388608,57584
122800000,56912528,36851736,2591104478,53488/8388608,53488
122900000,56912528,48159960,2591104478,57584/8388608,57584
123000000,56912528,59467400,2591104478,57584/8388608,57584
123100000,56912528,70775072,2591104478,53440/8388608,53440
123200000,56912528,82081160,2591104478,57616/8388608,57616
123300000,57258056,28372584,2608758659,57616/8388608,57616
123400000,57258056,39681440,2608758659,57600/8388608,57600
123500000,57258056,50988592,2608758659,57600/8388608,57600
123600000,57258056,62296912,2608758659,57600/8388608,57600
123700000,57603616,8590600,2626417653,57600/8388608,57600
123800000,56639544,19899184,2578613042,8320/8388608,8320
123900000,56639544,31207032,2578613042,8320/8388608,8320
124000000,56639544,42514464,2578613042,8320/8388608,8320
124100000,56639544,53819904,2578613042,8320/8388608,8320
124200000,56639544,65125072,2578613042,8320/8388608,8320
124300000,56639544,76433456,2578613042,4160/8388608,4160
124400000,56639544,87740616,2578613042,8320/8388608,8320
124500000,56985056,34033984,2596265031,8320/8388608,8320
124600000,56985056,45340896,2596265031,8320/8388608,8320
124700000,56985056,56647448,2596265031,8320/8388608,8320
124800000,56985056,67957056,2596265031,4160/8388608,4160
124900000,56985056,79264528,2596265031,0/8388608,0
125000000,56907864,25558008,2575070799,8320/8388608,8320
