opseq,index_size,memtable_size,sst_size,block_cache/block_cache_capacity,block_cache_pinned_usage
100,0,40384,0,0/8388608,0
200,0,75696,0,0/8388608,0
300,0,111104,0,0/8388608,0
400,0,146448,0,0/8388608,0
500,0,181728,0,0/8388608,0
600,0,217152,0,0/8388608,0
700,0,252400,0,0/8388608,0
800,0,287712,0,0/8388608,0
900,0,323056,0,0/8388608,0
1000,0,358296,0,0/8388608,0
1500,0,534800,0,0/8388608,0
2000,0,711328,0,0/8388608,0
2500,0,887888,0,0/8388608,0
3000,0,1064368,0,0/8388608,0
3500,0,1240848,0,0/8388608,0
4000,0,1417536,0,0/8388608,0
4500,0,1594000,0,0/8388608,0
5000,0,1770640,0,0/8388608,0
6000,0,2123728,0,0/8388608,0
7000,0,2476912,0,0/8388608,0
8000,0,2829920,0,0/8388608,0
9000,0,3182936,0,0/8388608,0
10000,0,3536096,0,0/8388608,0
15000,0,5301432,0,0/8388608,0
20000,0,7067104,0,0/8388608,0
25000,0,8837528,0,0/8388608,0
30000,0,10602984,0,0/8388608,0
35000,0,12368120,0,0/8388608,0
40000,0,14133048,0,0/8388608,0
45000,0,15898296,0,0/8388608,0
50000,0,17667784,0,0/8388608,0
60000,0,21198840,0,0/8388608,0
70000,0,24729208,0,0/8388608,0
80000,0,28264552,0,0/8388608,0
90000,0,31794688,0,0/8388608,0
100000,0,35330280,0,0/8388608,0
150000,0,52993624,0,0/8388608,0
200000,0,70656808,0,0/8388608,0
250000,0,88317960,0,0/8388608,0
300000,0,105980608,0,0/8388608,0
350000,0,123642720,0,0/8388608,0
400000,436392,76254800,33549578,0/8388608,0
450000,436392,93908464,33549578,0/8388608,0
500000,436392,111562920,33549578,0/8388608,0
600000,872880,81825696,67135349,0/8388608,0
700000,872880,117132240,67135349,0/8388608,0
800000,1309640,87423128,100744939,0/8388608,0
900000,1309640,122730864,100744939,0/8388608,0
1000000,1746304,93022808,134344554,16064/8388608,12048
1100000,1746304,128328512,134344554,16064/8388608,16064
1200000,2182872,98621288,167933934,12048/8388608,16064
1300000,2619488,68917288,201518658,16064/8388608,16064
1400000,2619488,104225128,201518658,16064/8388608,16064
1500000,3056088,74519648,235109376,16064/8388608,16064
1600000,3056088,109828504,235109376,0/8388608,0
1700000,3441344,80123408,260536583,16064/8388608,20080
1800000,3441344,115431008,260536583,20080/8388608,20080
1900000,3877848,85725256,294124654,20080/8388608,20080
2000000,3877848,121034632,294124654,20080/8388608,20080
2100000,4314416,91327856,327718972,20080/8388608,20080
2200000,4314416,126633808,327718972,20080/8388608,20080
2300000,4751096,96929728,361310737,20080/8388608,20080
2400000,5187744,67222080,394909278,20080/8388608,20080
2500000,5187744,102526920,394909278,16064/8388608,20080
2600000,5624264,72824160,428498848,20080/8388608,20080
2700000,5624264,108130408,428498848,20080/8388608,20080
2800000,6060848,78422936,462091642,20080/8388608,20080
2900000,6060848,113731712,462091642,20080/8388608,20080
3000000,6295656,84025192,736551006,32128/8388608,32128
3100000,6295656,119330944,736551006,32128/8388608,32128
3200000,6732144,89624272,509589572,32128/8388608,32128
3300000,6732144,124932904,509589572,32128/8388608,32128
3400000,7168568,95226344,543159995,32128/8388608,32128
3500000,7605024,65519392,576744053,32128/8388608,32128
3600000,7605024,100825984,576744053,32128/8388608,32128
3700000,8041496,71119704,610332890,28112/8388608,28112
3800000,8041496,106429112,610332890,32128/8388608,32128
3900000,8477952,76725136,643914683,28112/8388608,32128
4000000,8477952,112031952,643914683,32128/8388608,32128
4100000,8914376,82325256,677486777,32128/8388608,32128
4200000,8914376,117632296,677486777,32128/8388608,32128
4300000,9350752,87929624,711059602,28112/8388608,28112
4400000,9350752,123238200,711059602,32128/8388608,32128
4500000,9787384,93532080,744660151,32128/8388608,32128
4600000,9787384,128839872,744660151,28112/8388608,28112
4700000,10224064,99133928,778263356,32128/8388608,32128
4800000,10660536,69427680,811858217,32128/8388608,32128
4900000,10660536,104736944,811858217,32128/8388608,32128
5000000,11097184,75030896,845445429,32128/8388608,32128
5100000,11097184,110339648,845445429,32128/8388608,32128
5200000,11533560,80633648,879008554,32128/8388608,32128
5300000,10853176,115942560,1296283323,52240/8388608,52240
5400000,11289680,86238064,853859046,52208/8388608,52208
5500000,11289680,121545600,853859046,52208/8388608,52208
5600000,11726296,91840736,887460638,52208/8388608,52208
5700000,11726296,127147064,887460638,52208/8388608,52208
5800000,12162784,97439904,921049034,52208/8388608,48192
5900000,12599256,67732280,954632627,52208/8388608,48192
6000000,12599256,103039696,954632627,52208/8388608,52208
6100000,13035712,73332928,988202632,48192/8388608,52208
6200000,13035712,108641024,988202632,52208/8388608,52208
6300000,13472168,78934904,1021782657,52208/8388608,52208
6400000,13472168,114241568,1021782657,52208/8388608,52208
6500000,13908656,84535032,1055366766,52208/8388608,52208
6600000,13908656,119841824,1055366766,52208/8388608,52208
6700000,14781296,25121648,1122517618,52208/8388608,52208
6800000,14781296,60424184,1122517618,52208/8388608,52208
6900000,12807976,95731304,1782126690,40176/8388608,40176
7000000,13244448,66026096,995438243,40160/8388608,40160
7100000,13244448,101335480,995438243,40160/8388608,40160
7200000,13680936,71627808,1029024530,40160/8388608,40160
7300000,13680936,106934952,1029024530,36144/8388608,36144
7400000,14117296,77228736,1062603121,40160/8388608,40160
7500000,14117296,112539232,1062603121,40160/8388608,40160
7600000,14553736,82834208,1096189138,40160/8388608,40160
7700000,14553736,118140984,1096189138,40160/8388608,40160
7800000,14990208,88435464,1129773042,40160/8388608,40160
