index_size,memtable_size,sst_size,block_cache/block_cache_capacity,block_cache_pinned_usage
0,112512,0,0/8388608,0
0,219792,0,0/8388608,0
0,327104,0,0/8388608,0
0,434400,0,0/8388608,0
0,541728,0,0/8388608,0
0,649008,0,0/8388608,0
0,756336,0,0/8388608,0
0,863616,0,0/8388608,0
0,970944,0,0/8388608,0
0,1078224,0,0/8388608,0
0,1614864,0,0/8388608,0
0,2151312,0,0/8388608,0
0,2687888,0,0/8388608,0
0,3224560,0,0/8388608,0
0,3761056,0,0/8388608,0
0,4297584,0,0/8388608,0
0,4834128,0,0/8388608,0
0,5370736,0,0/8388608,0
0,6443888,0,0/8388608,0
0,7517040,0,0/8388608,0
0,8594216,0,0/8388608,0
0,9667480,0,0/8388608,0
0,10740424,0,0/8388608,0
0,16105672,0,0/8388608,0
0,21475304,0,0/8388608,0
0,26845352,0,0/8388608,0
0,32210664,0,0/8388608,0
0,37580824,0,0/8388608,0
0,42950632,0,0/8388608,0
0,48315336,0,0/8388608,0
0,53685624,0,0/8388608,0
0,64420800,0,0/8388608,0
0,75160824,0,0/8388608,0
0,85896920,0,0/8388608,0
0,96633048,0,0/8388608,0
0,107373496,0,0/8388608,0
430520,95990928,36592016,0/8388608,0
861024,84600928,73205534,0/8388608,0
1291400,73243960,109822278,0/8388608,0
1291400,126901136,109822278,0/8388608,0
1721632,115544440,146440333,17152/8388608,17152
2152168,104185840,183070990,17152/8388608,17152
2582464,92828328,219686913,17152/8388608,17152
3012744,81469680,256302701,17152/8388608,17152
3379848,123772000,432578355,21472/8388608,21472
4240920,101057640,359374458,21440/8388608,21440
5101576,78342960,432589614,21440/8388608,21440
5532160,120641864,469207863,21440/8388608,21440
6392832,97927440,542421712,17152/8388608,17152
7020248,75212048,594175730,38624/8388608,38624
7450624,117512264,630804114,38592/8388608,38592
8311136,94797216,704036508,34304/8388608,38592
9171840,72083920,777277656,38592/8388608,38592
9601928,114383648,813878721,38592/8388608,38592
10463144,91666920,887151680,38592/8388608,38592
11323912,68951592,960359423,38592/8388608,38592
11271640,46235400,953361876,60096/8388608,60096
11702160,88534120,989975891,60096/8388608,55808
12563104,65821648,1063235229,60032/8388608,60032
12993320,108120248,1099849468,60032/8388608,55744
13853624,85405352,1173060507,60032/8388608,60032
