index_size,memtable_size,sst_size,block_cache/block_cache_capacity,block_cache_pinned_usage
0,1951632,0,0/8388608,0
0,3706424,0,0/8388608,0
0,5378280,0,0/8388608,0
0,7074944,0,0/8388608,0
0,8846976,0,0/8388608,0
0,10585184,0,0/8388608,0
0,12302920,0,0/8388608,0
0,13973720,0,0/8388608,0
0,15697928,0,0/8388608,0
0,17413368,0,0/8388608,0
0,25979864,0,0/8388608,0
0,34468200,0,0/8388608,0
0,43122120,0,0/8388608,0
0,51613136,0,0/8388608,0
0,60205960,0,0/8388608,0
0,68753856,0,0/8388608,0
0,77369200,0,0/8388608,0
0,85917664,0,0/8388608,0
0,103121352,0,0/8388608,0
0,120337176,0,0/8388608,0
429784,72555048,36538987,0/8388608,0
429784,89811600,36538987,0/8388608,0
429784,107020416,36538987,0/8388608,0
859904,127678464,73114765,0/8388608,0
1720016,83594440,146289064,17152/8388608,17152
2149800,105507744,182855258,17152/8388608,17152
2579552,126012544,219420469,17152/8388608,17152
3439280,82341856,292594897,17152/8388608,17152
3807456,103170904,322505681,21472/8388608,21472
4237016,123819312,359046263,21440/8388608,21440
5097160,80022176,432204272,21440/8388608,21440
5957416,120778736,505351273,21440/8388608,21440
7016008,97592536,593786817,38592/8388608,38592
8305888,74612848,703560538,38592/8388608,38592
9165392,116811992,776709826,38592/8388608,38592
10455560,93538872,886469181,38592/8388608,38592
12627648,106544648,1065507613,42928/8388608,42928
16274648,119630144,1376600027,51536/8388608,51536
19064840,67573408,1614176081,47200/8388608,47200
22311528,81409696,1889777906,51456/8388608,47168
25631760,31175248,2171349864,47184/8388608,47184
25749168,110791320,2179575083,8576/8388608,8576
26673424,124130840,2256365358,8576/8388608,8576
28038360,73135328,2371610217,8576/8388608,8576
28523472,102915912,2409767305,8576/8388608,8576
28487400,65853432,2404797381,0/8388608,0
30634312,90552000,2587756432,68608/8388608,68608
32017664,115771832,2703452932,8576/8388608,8576
30410344,78369320,2566249815,8576/8388608,8576
30700984,37661984,2590914241,0/8388608,0
34469104,66399528,2912757381,68608/8388608,64320
31985792,93902984,2701125026,4288/8388608,4288
31882312,121904400,2691901528,4288/8388608,4288
29999112,86385080,2530900920,8576/8388608,4288
32599536,112724272,2753107566,4288/8388608,4288
31259712,79989256,2638560845,4288/8388608,4288
30852264,109486032,2603379951,8576/8388608,8576
34705464,6359320,2932581821,81520/8388608,81520
32247584,100829792,2722629491,4288/8388608,4288
30523336,129319368,2575628196,4288/8388608,8576
33705216,84796392,2847811813,72944/8388608,72944
