index_size,memtable_size,sst_size,block_cache/block_cache_capacity,block_cache_pinned_usage
0,112416,0,0/8388608,0
0,219744,0,0/8388608,0
0,326992,0,0/8388608,0
0,434256,0,0/8388608,0
0,541520,0,0/8388608,0
0,648800,0,0/8388608,0
0,756144,0,0/8388608,0
0,863504,0,0/8388608,0
0,970864,0,0/8388608,0
0,1078176,0,0/8388608,0
0,1614784,0,0/8388608,0
0,2151344,0,0/8388608,0
0,2687904,0,0/8388608,0
0,3224400,0,0/8388608,0
0,3760784,0,0/8388608,0
0,4297328,0,0/8388608,0
0,4833760,0,0/8388608,0
0,5370464,0,0/8388608,0
0,6443520,0,0/8388608,0
0,7516624,0,0/8388608,0
0,8594120,0,0/8388608,0
0,9667256,0,0/8388608,0
0,10740344,0,0/8388608,0
0,16105808,0,0/8388608,0
0,21475080,0,0/8388608,0
0,26845288,0,0/8388608,0
0,32210024,0,0/8388608,0
0,37579336,0,0/8388608,0
0,42949384,0,0/8388608,0
0,48314552,0,0/8388608,0
0,53684432,0,0/8388608,0
0,64420040,0,0/8388608,0
0,75160704,0,0/8388608,0
0,85895696,0,0/8388608,0
0,96630656,0,0/8388608,0
0,107370704,0,0/8388608,0
430888,95991792,63196513,0/8388608,0
861808,84604840,126397265,0/8388608,0
1292552,73247112,189579937,0/8388608,0
1292552,126904008,189579937,0/8388608,0
1723136,115545048,252742466,17168/8388608,17168
2154104,104187824,315954794,17200/8388608,17200
2584784,92831904,379124834,17184/8388608,17184
3015400,81472432,442288495,0/8388608,0
3382016,123769488,495176299,21504/8388608,21504
4243872,101056816,621591411,21504/8388608,21504
5105424,78346112,747930804,17216/8388608,17216
5536312,120645288,811137751,21488/8388608,21488
6162960,97931232,901931306,30128/8388608,30112
7024048,75214448,1028245799,34432/8388608,34432
7454824,117513400,1091431677,34400/8388608,34400
8316024,94796968,1217767266,34416/8388608,34416
9177416,72080744,1344117847,34400/8388608,34400
9607904,114382664,1407264568,34368/8388608,34368
10469792,91669016,1533699532,34368/8388608,34368
10560320,68952992,1545315998,0/8388608,0
10991144,111251520,1608505071,55904/8388608,55904
11852728,88537936,1734873715,55952/8388608,55952
12714360,65824224,1861261243,55904/8388608,55904
13144992,108124760,1924417616,55920/8388608,55920
14436824,20395264,2113905370,55936/8388608,55936
