opseq,index_size,memtable_size,sst_size,block_cache/block_cache_capacity,block_cache_pinned_usage
100,0,112448,0,0/8388608,0
200,0,219808,0,0/8388608,0
300,0,327296,0,0/8388608,0
400,0,434592,0,0/8388608,0
500,0,541904,0,0/8388608,0
600,0,649216,0,0/8388608,0
700,0,756512,0,0/8388608,0
800,0,863816,0,0/8388608,0
900,0,971112,0,0/8388608,0
1000,0,1078416,0,0/8388608,0
1500,0,1614848,0,0/8388608,0
2000,0,2151344,0,0/8388608,0
2500,0,2687776,0,0/8388608,0
3000,0,3224304,0,0/8388608,0
3500,0,3760848,0,0/8388608,0
4000,0,4297328,0,0/8388608,0
4500,0,4833744,0,0/8388608,0
5000,0,5370224,0,0/8388608,0
6000,0,6443152,0,0/8388608,0
7000,0,7516072,0,0/8388608,0
8000,0,8594248,0,0/8388608,0
9000,0,9667288,0,0/8388608,0
10000,0,10740632,0,0/8388608,0
15000,0,16106216,0,0/8388608,0
20000,0,21476352,0,0/8388608,0
25000,0,26846408,0,0/8388608,0
30000,0,32211976,0,0/8388608,0
35000,0,37581664,0,0/8388608,0
40000,0,42951640,0,0/8388608,0
45000,0,48317208,0,0/8388608,0
50000,0,53686584,0,0/8388608,0
60000,0,64421048,0,0/8388608,0
70000,0,75161072,0,0/8388608,0
80000,0,85896848,0,0/8388608,0
90000,0,96631488,0,0/8388608,0
100000,0,107371568,0,0/8388608,0
150000,430440,95990624,36585601,0/8388608,0
200000,860944,84601960,73197146,0/8388608,0
250000,1291336,73243824,109807986,0/8388608,0
300000,1291336,126900768,109807986,0/8388608,0
350000,1721552,115544048,146420333,17152/8388608,12864
400000,2152136,104184856,183053018,17152/8388608,17152
450000,2582480,92827472,219674734,17152/8388608,17152
500000,3012760,81473984,256292162,17152/8388608,17152
600000,3379848,123772768,432571332,21472/8388608,21472
700000,4240968,101062136,359393729,21440/8388608,21440
800000,5101464,78347424,432611107,17152/8388608,17152
900000,5532016,120645336,469228948,21440/8388608,21440
1000000,6392704,97929856,542450770,21440/8388608,21440
1100000,7020056,75215088,594185803,38592/8388608,38592
1200000,7450400,117514856,630812412,34304/8388608,34304
1300000,8310880,94800392,704049712,38592/8388608,38592
1400000,9171616,72086928,777277307,38592/8388608,38592
1500000,9601720,114387952,813874329,38592/8388608,38592
1600000,10462984,91678224,887153885,34304/8388608,38592
1700000,11323752,68963792,960365927,38592/8388608,38592
1800000,11271480,46249640,953368878,60096/8388608,60096
1900000,11702000,88549424,989983369,60096/8388608,60096
2000000,12562944,65834416,1063240938,60048/8388608,60048
2100000,12993240,108133600,1099851828,60032/8388608,60032
2200000,13853512,85418472,1173074351,55744/8388608,55744
