index_size,memtable_size,sst_size,block_cache/block_cache_capacity,block_cache_pinned_usage
0,3114040,0,0/8388608,0
0,4888432,0,0/8388608,0
0,6590256,0,0/8388608,0
0,8284600,0,0/8388608,0
0,9952288,0,0/8388608,0
0,11677240,0,0/8388608,0
0,13443120,0,0/8388608,0
0,15254504,0,0/8388608,0
0,17045672,0,0/8388608,0
0,18724240,0,0/8388608,0
0,27379016,0,0/8388608,0
0,35965680,0,0/8388608,0
0,44653568,0,0/8388608,0
0,53231704,0,0/8388608,0
0,61955584,0,0/8388608,0
0,70691200,0,0/8388608,0
0,79174352,0,0/8388608,0
0,87741816,0,0/8388608,0
0,104941784,0,0/8388608,0
0,122164984,0,0/8388608,0
430200,74267280,63097135,0/8388608,0
430200,91452392,63097135,0/8388608,0
430200,108625456,63097135,0/8388608,0
860592,129687112,126231141,0/8388608,0
1721376,81767824,252488712,12912/8388608,17216
2151544,102387520,315586794,17216/8388608,17216
2581536,122638456,378658482,17200/8388608,17200
3379568,84101552,494817856,17184/8388608,21504
3810152,107370040,557974159,21504/8388608,21504
4240192,127274192,621044892,21504/8388608,21504
5101040,83089152,747322408,17216/8388608,21520
5728840,125344264,838266389,30096/8388608,30096
7020064,101574768,1027660145,30080/8388608,30080
8311352,76276648,1217070729,30064/8388608,30064
8674480,121738736,1268904494,38704/8388608,38704
9965256,95555632,1458226436,38704/8388608,38704
14599784,109188160,2136179725,60144/8388608,60144
17632016,128777752,2578653115,47328/8388608,47328
22340960,17702816,3267645894,60192/8388608,60208
24270488,94992032,3548559915,64448/8388608,64448
25718160,114410360,3759562501,77360/8388608,77360
26012184,127591872,3801248368,0/8388608,0
26204832,74102704,3828481020,0/8388608,0
26876448,80623184,3925580825,0/8388608,0
29003848,96404320,4441464070,4304/8388608,8592
28444480,104170264,4154613191,4304/8388608,4304
31073376,65385752,4541749823,0/8388608,0
29116344,80359824,4253389132,4288/8388608,4288
31294472,91684160,4574015920,77392/8388608,77392
29410744,114166752,4296285331,8576/8388608,8576
32594400,8266888,4764141493,77408/8388608,77408
29852688,100768928,4563915158,4288/8388608,4304
28251200,71165720,4124766070,0/8388608,0
29808528,110855264,4354603020,4288/8388608,4288
28293416,78114576,4130769709,0/8388608,0
29961696,114280016,4376553853,1184/8388608,1184
28361528,84622464,4140380767,4288/8388608,8576
29722600,119708008,4341613863,0/8388608,0
28278384,77453848,4128508828,0/8388608,0
30505624,118243976,4456612102,0/8388608,0
28829096,65643560,4209391006,8576/8388608,4288
