index_size,memtable_size,sst_size,block_cache/block_cache_capacity,block_cache_pinned_usage
0,112464,0,0/8388608,0
0,219864,0,0/8388608,0
0,327168,0,0/8388608,0
0,434464,0,0/8388608,0
0,541744,0,0/8388608,0
0,649024,0,0/8388608,0
0,756344,0,0/8388608,0
0,863696,0,0/8388608,0
0,970920,0,0/8388608,0
0,1078240,0,0/8388608,0
0,1614656,0,0/8388608,0
0,2151248,0,0/8388608,0
0,2687696,0,0/8388608,0
0,3224128,0,0/8388608,0
0,3760776,0,0/8388608,0
0,4297304,0,0/8388608,0
0,4833728,0,0/8388608,0
0,5370080,0,0/8388608,0
0,6443080,0,0/8388608,0
0,7516208,0,0/8388608,0
0,8594160,0,0/8388608,0
0,9667176,0,0/8388608,0
0,10740224,0,0/8388608,0
0,16105200,0,0/8388608,0
0,21475528,0,0/8388608,0
0,26845392,0,0/8388608,0
0,32210632,0,0/8388608,0
0,37580472,0,0/8388608,0
0,42950344,0,0/8388608,0
0,48315304,0,0/8388608,0
0,53685896,0,0/8388608,0
0,64420520,0,0/8388608,0
0,75160848,0,0/8388608,0
0,85896032,0,0/8388608,0
0,96631184,0,0/8388608,0
0,107371088,0,0/8388608,0
430888,95988384,63196513,0/8388608,0
861760,84597736,126399245,0/8388608,0
1292520,73240248,189584043,0/8388608,0
1292520,126895616,189584043,0/8388608,0
1723152,115538536,252745623,17168/8388608,17168
2154056,104180600,315958858,17184/8388608,17184
2584768,92823768,379129981,17184/8388608,17184
3015480,81465072,442295899,0/8388608,0
3382256,123766624,495184003,21520/8388608,21520
4244144,101051896,621594976,21504/8388608,21504
5105520,78335936,747937163,21472/8388608,21472
5536536,120638128,811150620,21504/8388608,21504
6163024,97921808,901940831,30112/8388608,30144
7024288,75208592,1028257761,34416/8388608,30128
7455048,117503688,1091440474,34400/8388608,34400
8316344,94788752,1217778323,34400/8388608,34400
9177752,72074312,1344127858,30096/8388608,34400
9608256,114373336,1407273552,34400/8388608,34400
10470208,91659384,1533709693,34432/8388608,34432
10560816,68945504,1545319063,0/8388608,0
10991560,111244952,1608504868,55856/8388608,55856
11853080,88530360,1734871300,55888/8388608,55888
12714904,65816688,1861261282,55888/8388608,51600
13145472,108118040,1924417525,55904/8388608,55904
14437352,20389520,2113903307,55904/8388608,51600
