opseq,index_size,memtable_size,sst_size,block_cache/block_cache_capacity,block_cache_pinned_usage
100,0,16128,0,0/8388608,0
200,0,27472,0,0/8388608,0
300,0,38736,0,0/8388608,0
400,0,49984,0,0/8388608,0
500,0,61288,0,0/8388608,0
600,0,72512,0,0/8388608,0
700,0,83760,0,0/8388608,0
800,0,95024,0,0/8388608,0
900,0,106304,0,0/8388608,0
1000,0,117616,0,0/8388608,0
1500,0,174216,0,0/8388608,0
2000,0,230816,0,0/8388608,0
2500,0,287296,0,0/8388608,0
3000,0,343696,0,0/8388608,0
3500,0,400200,0,0/8388608,0
4000,0,456624,0,0/8388608,0
4500,0,513280,0,0/8388608,0
5000,0,569848,0,0/8388608,0
6000,0,683016,0,0/8388608,0
7000,0,796280,0,0/8388608,0
8000,0,909432,0,0/8388608,0
9000,0,1022512,0,0/8388608,0
10000,0,1135584,0,0/8388608,0
15000,0,1701200,0,0/8388608,0
20000,0,2266328,0,0/8388608,0
25000,0,2831840,0,0/8388608,0
30000,0,3396752,0,0/8388608,0
35000,0,3962184,0,0/8388608,0
40000,0,4527728,0,0/8388608,0
45000,0,5092944,0,0/8388608,0
50000,0,5658352,0,0/8388608,0
60000,0,6789408,0,0/8388608,0
70000,0,7920768,0,0/8388608,0
80000,0,9055032,0,0/8388608,0
90000,0,10186008,0,0/8388608,0
100000,0,11316248,0,0/8388608,0
150000,0,16972984,0,0/8388608,0
200000,0,22627328,0,0/8388608,0
250000,0,28286160,0,0/8388608,0
300000,0,33942888,0,0/8388608,0
350000,0,39597464,0,0/8388608,0
400000,0,45255016,0,0/8388608,0
450000,0,50911528,0,0/8388608,0
500000,0,56563896,0,0/8388608,0
600000,0,67879424,0,0/8388608,0
700000,0,79189264,0,0/8388608,0
800000,0,90504640,0,0/8388608,0
900000,0,101815856,0,0/8388608,0
1000000,341368,48074576,43658621,0/8388608,0
1100000,341368,59381024,43658621,0/8388608,0
1200000,341368,70688824,43658621,0/8388608,0
1300000,341368,81995360,43658621,0/8388608,0
1400000,341368,93303960,43658621,0/8388608,0
1500000,682640,39574096,87051603,0/8388608,0
1600000,682640,50882112,87051603,0/8388608,0
1700000,682640,62189072,87051603,0/8388608,0
1800000,682640,73497832,87051603,0/8388608,0
1900000,682640,84804056,87051603,0/8388608,0
2000000,682640,96109872,87051603,0/8388608,0
2100000,1023992,42402856,130482295,0/8388608,0
2200000,1023992,53710432,130482295,0/8388608,0
2300000,1023992,65014800,130482295,0/8388608,0
2400000,1023992,76321016,130482295,0/8388608,0
2500000,1023992,87628056,130482295,0/8388608,0
2600000,1023992,98934616,130482295,0/8388608,0
2700000,1365296,45230008,173894218,16704/8388608,16704
2800000,1365296,56536656,173894218,16704/8388608,16704
2900000,1365296,67842928,173894218,16704/8388608,16704
3000000,1365296,79148296,173894218,16704/8388608,16704
3100000,1365296,90455936,173894218,16704/8388608,16704
3200000,1365296,101761296,173894218,16704/8388608,16704
3300000,1706536,48054120,217275935,16704/8388608,16704
3400000,1706536,59360744,217275935,16704/8388608,16704
3500000,1706536,70668304,217275935,16704/8388608,16704
3600000,1706536,81972872,217275935,16704/8388608,16704
3700000,1706536,93279256,217275935,16704/8388608,16704
3800000,2047856,39570776,260679020,16704/8388608,16704
3900000,2047856,50878928,260679020,0/8388608,0
4000000,2018536,62184744,240743159,0/8388608,0
4100000,2018536,73494984,240743159,0/8388608,0
4200000,2018536,84801912,240743159,0/8388608,0
4300000,2018536,96107472,240743159,0/8388608,0
4400000,2359888,42400840,284184742,0/8388608,0
4500000,2359888,53707936,284184742,0/8388608,0
4600000,2359888,65015840,284184742,0/8388608,0
4700000,2359888,76323872,284184742,0/8388608,0
4800000,2359888,87631744,284184742,0/8388608,0
4900000,2359888,98938184,284184742,0/8388608,0
5000000,2701160,45232456,327560590,16704/8388608,20880
5100000,2701160,56540016,327560590,20880/8388608,20880
5200000,2701160,67850000,327560590,16704/8388608,16704
5300000,2701160,79158864,327560590,20880/8388608,20880
5400000,2701160,90461792,327560590,20896/8388608,20896
5500000,2701160,101768536,327560590,20896/8388608,20896
5600000,3042288,48061480,370940997,20880/8388608,20880
5700000,3042288,59369336,370940997,20880/8388608,20880
5800000,3042288,70674288,370940997,16704/8388608,16704
5900000,3042288,81979448,370940997,20880/8388608,20880
6000000,3042288,93287088,370940997,20880/8388608,20880
6100000,3383544,39579584,414362199,20864/8388608,20864
6200000,3383544,50886736,414362199,20880/8388608,20880
6300000,3383544,62193368,414362199,20864/8388608,20864
6400000,3383544,73501216,414362199,20864/8388608,20864
6500000,3383544,84809104,414362199,20864/8388608,20864
6600000,3383544,96115432,414362199,20864/8388608,20864
6700000,3724832,42407400,457784839,20864/8388608,20864
6800000,3724832,53714096,457784839,20864/8388608,20864
6900000,3724832,65021656,457784839,16688/8388608,20864
7000000,3724832,76329088,457784839,20864/8388608,20864
7100000,3724832,87636448,457784839,20864/8388608,20864
7200000,3724832,98943832,457784839,0/8388608,0
7300000,3944248,45237312,470630999,0/8388608,0
7400000,3944248,56543888,470630999,20864/8388608,20864
7500000,3944248,67849808,470630999,20864/8388608,20864
7600000,3944248,79155584,470630999,20864/8388608,20864
7700000,3944248,90464128,470630999,20864/8388608,20864
7800000,3944248,101770504,470630999,20864/8388608,20864
7900000,3944248,113077536,470630999,20864/8388608,20864
8000000,4285472,59373336,514049168,20864/8388608,20864
8100000,4285472,70683136,514049168,20864/8388608,20864
8200000,4285472,81990600,514049168,20864/8388608,20864
8300000,4285472,93298064,514049168,20864/8388608,20864
8400000,4285472,104603736,514049168,20864/8388608,20864
8500000,4626760,50895768,557452657,20864/8388608,20864
8600000,4626760,62202856,557452657,20864/8388608,20864
8700000,4626760,73511376,557452657,20864/8388608,20864
8800000,4626760,84817304,557452657,20864/8388608,20864
8900000,4626760,96121904,557452657,20864/8388608,20864
9000000,4626760,107425008,557452657,20864/8388608,20864
9100000,4968032,53721712,600846841,20864/8388608,20864
9200000,4968032,65028784,600846841,20864/8388608,20864
9300000,4968032,76337936,600846841,20864/8388608,20864
9400000,4968032,87644088,600846841,20864/8388608,20864
9500000,4968032,98951064,600846841,20864/8388608,20864
9600000,4968032,110257008,600846841,20864/8388608,20864
9700000,5309448,56547328,644300331,20864/8388608,20864
9800000,5309448,67854928,644300331,20864/8388608,20864
9900000,5309448,79163232,644300331,20864/8388608,20864
10000000,5309448,90468592,644300331,20864/8388608,20864
10100000,5309448,101775240,644300331,20864/8388608,20864
10200000,5309448,113081888,644300331,20864/8388608,20864
10300000,5650688,59373992,687716949,20864/8388608,20864
10400000,5650688,70683336,687716949,20864/8388608,20864
10500000,5650688,81992096,687716949,0/8388608,0
10600000,5482288,93298344,1070653501,0/8388608,0
10700000,5823592,39592424,710889076,25056/8388608,25056
10800000,5823592,50897936,710889076,25040/8388608,25040
10900000,5823592,62201776,710889076,20864/8388608,20864
11000000,5823592,73510480,710889076,25040/8388608,25040
11100000,5823592,84820328,710889076,25040/8388608,25040
11200000,5823592,96128080,710889076,25056/8388608,25056
11300000,6164880,42419920,754294903,25056/8388608,25056
11400000,6164880,53725904,754294903,25056/8388608,20880
11500000,6164880,65034000,754294903,25056/8388608,25056
11600000,6164880,76340432,754294903,25056/8388608,25056
11700000,6164880,87647064,754294903,25056/8388608,25056
11800000,6164880,98954856,754294903,20880/8388608,25056
11900000,6506184,45247968,797745860,20880/8388608,20880
12000000,6506184,56552384,797745860,25056/8388608,25056
12100000,6506184,67861560,797745860,25056/8388608,25056
12200000,6506184,79166440,797745860,25056/8388608,25056
12300000,6506184,90472864,797745860,20880/8388608,20880
12400000,6847360,36764696,841171647,25056/8388608,25056
12500000,6847360,48070096,841171647,25056/8388608,25056
12600000,6847360,59376696,841171647,25056/8388608,25056
12700000,6847360,70686128,841171647,25056/8388608,25056
12800000,6847360,81993080,841171647,25040/8388608,25040
12900000,6847360,93299344,841171647,25040/8388608,25040
13000000,7188648,39594032,884600215,25040/8388608,25040
13100000,7188648,50900400,884600215,25040/8388608,25040
13200000,7188648,62208344,884600215,25040/8388608,25040
13300000,7188648,73518080,884600215,25056/8388608,25056
13400000,7188648,84824808,884600215,25056/8388608,25056
13500000,7188648,96129144,884600215,25056/8388608,25056
13600000,7188648,107435824,884600215,25056/8388608,25056
13700000,7529840,53731336,928004219,20880/8388608,20880
13800000,7529840,65040208,928004219,25056/8388608,25056
13900000,7529840,76345040,928004219,25056/8388608,25056
14000000,7529840,87650680,928004219,25056/8388608,25056
14100000,7529840,98958104,928004219,25056/8388608,25056
14200000,7871048,45250584,971433528,20896/8388608,25056
14300000,7871048,56555720,971433528,25040/8388608,25040
14400000,7591848,67861736,1470450049,33488/8388608,33488
14500000,7591848,79170992,1470450049,33488/8388608,33488
14600000,7591848,90479920,1470450049,33488/8388608,33488
14700000,7933136,36771696,981292350,33408/8388608,33408
14800000,7933136,48079192,981292350,33408/8388608,33408
14900000,7933136,59385272,981292350,33408/8388608,33408
15000000,7933136,70691408,981292350,33408/8388608,33408
15100000,7933136,81998872,981292350,33408/8388608,33408
15200000,7933136,93305072,981292350,33408/8388608,29232
15300000,7933136,104614056,981292350,33408/8388608,33408
15400000,8274440,50907952,1024705754,33408/8388608,33408
15500000,8274440,62214216,1024705754,33408/8388608,33408
15600000,8274440,73520576,1024705754,33408/8388608,33408
15700000,8274440,84826568,1024705754,33392/8388608,33392
15800000,8274440,96132976,1024705754,33408/8388608,33408
15900000,8274440,107443248,1024705754,33392/8388608,33392
16000000,8615680,53737840,1068114612,33408/8388608,33408
16100000,8615680,65044168,1068114612,29232/8388608,29232
16200000,8615680,76348896,1068114612,33408/8388608,33408
16300000,8615680,87655400,1068114612,33408/8388608,33408
16400000,8615680,98960120,1068114612,33408/8388608,33408
16500000,8615680,110266056,1068114612,33408/8388608,33408
16600000,8957048,56557688,1111593736,33392/8388608,33392
16700000,8957048,67865160,1111593736,33408/8388608,33408
16800000,8957048,79171624,1111593736,29232/8388608,33408
16900000,8957048,90479104,1111593736,33408/8388608,33408
17000000,8957048,101786872,1111593736,33408/8388608,33408
17100000,8957048,113092192,1111593736,33408/8388608,33408
17200000,9298416,59385384,1155008680,33408/8388608,33408
17300000,9298416,70689808,1155008680,29232/8388608,29232
17400000,9298416,81997320,1155008680,33408/8388608,33408
17500000,9298416,93305296,1155008680,33392/8388608,33392
17600000,9298416,104612552,1155008680,33392/8388608,33392
17700000,9639672,50904216,1198549606,33440/8388608,33440
17800000,9639672,62208640,1198549606,33392/8388608,33392
17900000,9639672,73517288,1198549606,33408/8388608,33408
18000000,9639672,84823936,1198549606,33392/8388608,33392
18100000,9639672,96130688,1198549606,33392/8388608,33392
18200000,9639672,107437224,1198549606,33392/8388608,33392
18300000,9980992,53730200,1242018083,33392/8388608,33392
18400000,9980992,65035520,1242018083,33408/8388608,33408
18500000,9980992,76342040,1242018083,33408/8388608,33408
18600000,9980992,87648680,1242018083,33408/8388608,33408
18700000,9980992,98953272,1242018083,33408/8388608,33408
18800000,9980992,110260488,1242018083,33408/8388608,33408
18900000,10322376,56551584,1285496590,33408/8388608,33408
19000000,10322376,67858120,1285496590,33392/8388608,33392
19100000,10322376,79164376,1285496590,29232/8388608,33392
19200000,10322376,90472600,1285496590,33392/8388608,33392
19300000,10322376,101780112,1285496590,33392/8388608,33392
19400000,10322376,113086200,1285496590,33392/8388608,33392
19500000,10663728,59380088,1329057367,33392/8388608,33392
19600000,10663728,70688432,1329057367,33408/8388608,33408
19700000,10663728,81995720,1329057367,29232/8388608,29232
19800000,10663728,93302256,1329057367,0/8388608,0
19900000,10663728,104609832,1329057367,0/8388608,0
20000000,11005064,50903680,1372575017,0/8388608,0
20100000,10473176,62210536,1309755548,45920/8388608,45920
20200000,10473176,73519736,1309755548,45920/8388608,45920
20300000,10473176,84825832,1309755548,45920/8388608,45920
20400000,10473176,96132312,1309755548,45920/8388608,45920
20500000,10473176,107438464,1309755548,45936/8388608,45936
20600000,10473176,118747968,1309755548,45936/8388608,45936
20700000,10814336,65040864,1353258956,45936/8388608,45936
20800000,10814336,76346304,1353258956,45936/8388608,41760
20900000,10814336,87653432,1353258956,45936/8388608,45936
21000000,10814336,98959080,1353258956,45936/8388608,45936
21100000,10814336,110265856,1353258956,45920/8388608,45920
21200000,11155592,56558840,1396747144,45920/8388608,45920
21300000,11155592,67864600,1396747144,45936/8388608,45936
21400000,11155592,79172456,1396747144,45936/8388608,45936
21500000,11155592,90477784,1396747144,45936/8388608,45936
21600000,11155592,101785600,1396747144,45936/8388608,45936
21700000,11155592,113094056,1396747144,45920/8388608,45920
21800000,11496944,59385224,1440268506,45936/8388608,45936
21900000,11496944,70689904,1440268506,45936/8388608,45936
22000000,11496944,81996592,1440268506,45936/8388608,45936
22100000,11496944,93301112,1440268506,45952/8388608,45952
22200000,11496944,104607816,1440268506,45952/8388608,45952
22300000,11838248,50903240,1483808898,41744/8388608,45920
22400000,11838248,62211696,1483808898,45920/8388608,45920
22500000,11838248,73517552,1483808898,45952/8388608,45952
22600000,11838248,84823960,1483808898,45952/8388608,45952
22700000,11838248,96129640,1483808898,45952/8388608,45952
22800000,11838248,107438936,1483808898,45952/8388608,45952
22900000,12179520,53733520,1527331079,45920/8388608,45920
23000000,12179520,65041664,1527331079,45936/8388608,45936
23100000,12179520,76351440,1527331079,45920/8388608,45920
23200000,12179520,87658520,1527331079,45920/8388608,45920
23300000,12179520,98965496,1527331079,45952/8388608,45952
23400000,12179520,110271608,1527331079,45920/8388608,45920
23500000,12520824,56561648,1570828370,45920/8388608,45920
23600000,12520824,67868856,1570828370,45936/8388608,45936
23700000,12520824,79176040,1570828370,41760/8388608,41760
23800000,12520824,90483896,1570828370,45936/8388608,45936
23900000,12520824,101790064,1570828370,45936/8388608,45936
24000000,12862128,48083816,1614309319,45952/8388608,45952
24100000,12862128,59388936,1614309319,45920/8388608,45920
24200000,12862128,70697792,1614309319,45936/8388608,45936
24300000,12862128,82002744,1614309319,45936/8388608,45936
24400000,12862128,93310752,1614309319,45952/8388608,45952
24500000,12862128,104618080,1614309319,45952/8388608,45952
24600000,13203416,50910208,1657843771,45920/8388608,45920
24700000,13203416,62218960,1657843771,41744/8388608,41744
24800000,13203416,73526792,1657843771,45936/8388608,45936
24900000,13203416,84835952,1657843771,45952/8388608,45952
25000000,13203416,96144968,1657843771,45936/8388608,45936
25100000,13203416,107453016,1657843771,45936/8388608,45936
25200000,13544768,53745256,1701360947,45920/8388608,45920
25300000,13544768,65055984,1701360947,45920/8388608,45920
25400000,13544768,76362896,1701360947,45936/8388608,45936
25500000,13544768,87670744,1701360947,45952/8388608,45952
25600000,13544768,98978208,1701360947,45936/8388608,45936
25700000,13544768,110283664,1701360947,45936/8388608,45936
25800000,13886024,56576512,1744861365,45936/8388608,45936
25900000,13886024,67882576,1744861365,45936/8388608,45936
26000000,14227328,14174320,1788340660,45920/8388608,45920
26100000,14227328,25477720,1788340660,41760/8388608,41744
26200000,13175512,36784352,1663992783,50192/8388608,50192
26300000,13175512,48092000,1663992783,50192/8388608,50192
26400000,13175512,59398600,1663992783,50208/8388608,50208
26500000,13175512,70706144,1663992783,50192/8388608,50192
26600000,13175512,82013640,1663992783,50192/8388608,50192
26700000,13175512,93321392,1663992783,50144/8388608,50144
26800000,13516736,39614872,1707503259,45984/8388608,50160
26900000,13516736,50920208,1707503259,50176/8388608,50176
27000000,13516736,62228456,1707503259,50192/8388608,50192
27100000,13516736,73535120,1707503259,50192/8388608,50192
27200000,13516736,84842864,1707503259,50128/8388608,50128
27300000,13516736,96149984,1707503259,50128/8388608,45952
27400000,13857864,42441592,1751030946,50128/8388608,50128
27500000,13857864,53747688,1751030946,50128/8388608,50128
27600000,13857864,65056416,1751030946,50128/8388608,50128
27700000,13857864,76362912,1751030946,50112/8388608,50112
27800000,13857864,87667416,1751030946,50112/8388608,50112
27900000,13857864,98972968,1751030946,50112/8388608,50112
28000000,14199168,45266744,1794532146,50112/8388608,50112
28100000,14199168,56575624,1794532146,50112/8388608,50112
28200000,14199168,67882104,1794532146,50144/8388608,50144
28300000,14199168,79187480,1794532146,45936/8388608,50112
28400000,14199168,90493864,1794532146,50112/8388608,50112
28500000,14540408,36786064,1838027559,50112/8388608,50112
28600000,14540408,48092808,1838027559,50128/8388608,50128
28700000,14540408,59399368,1838027559,50144/8388608,50144
28800000,14540408,70708392,1838027559,50160/8388608,50160
28900000,14540408,82014216,1838027559,50112/8388608,50112
29000000,14540408,93323888,1838027559,45936/8388608,45936
29100000,14540408,104629832,1838027559,50112/8388608,50112
29200000,14881680,50920624,1881513501,50144/8388608,50144
29300000,14881680,62225112,1881513501,50112/8388608,50112
29400000,14881680,73531104,1881513501,50112/8388608,50112
29500000,14881680,84840160,1881513501,50112/8388608,50112
29600000,14881680,96146336,1881513501,50112/8388608,50112
29700000,14881680,107453232,1881513501,50112/8388608,50112
29800000,15222936,53745392,1925048918,45936/8388608,50112
29900000,15222936,65053408,1925048918,50128/8388608,50128
30000000,15222936,76362144,1925048918,50112/8388608,50112
30100000,15222936,87669936,1925048918,50112/8388608,50112
30200000,15222936,98975688,1925048918,50112/8388608,50112
30300000,15222936,110283376,1925048918,50112/8388608,50112
30400000,15564384,56576704,1968576286,50112/8388608,50112
30500000,15564384,67882312,1968576286,50112/8388608,50112
30600000,15564384,79189088,1968576286,50112/8388608,50112
30700000,15564384,90496560,1968576286,50112/8388608,50112
30800000,15564384,101802920,1968576286,50112/8388608,50112
30900000,15564384,113110192,1968576286,50112/8388608,50112
31000000,15905672,59403224,2012071879,50112/8388608,50112
31100000,15905672,70712416,2012071879,50112/8388608,50112
31200000,15905672,82022528,2012071879,50112/8388608,50112
