opseq,index_size,memtable_size,sst_size,block_cache/block_cache_capacity,block_cache_pinned_usage
100,0,12896,0,0/8388608,0
200,0,21040,0,0/8388608,0
300,0,29136,0,0/8388608,0
400,0,37256,0,0/8388608,0
500,0,45328,0,0/8388608,0
600,0,53456,0,0/8388608,0
700,0,61584,0,0/8388608,0
800,0,69632,0,0/8388608,0
900,0,77744,0,0/8388608,0
1000,0,85880,0,0/8388608,0
1500,0,126288,0,0/8388608,0
2000,0,166752,0,0/8388608,0
2500,0,207280,0,0/8388608,0
3000,0,247856,0,0/8388608,0
3500,0,288592,0,0/8388608,0
4000,0,329088,0,0/8388608,0
4500,0,369536,0,0/8388608,0
5000,0,410160,0,0/8388608,0
6000,0,491040,0,0/8388608,0
7000,0,572088,0,0/8388608,0
8000,0,653232,0,0/8388608,0
9000,0,734448,0,0/8388608,0
10000,0,815520,0,0/8388608,0
15000,0,1220768,0,0/8388608,0
20000,0,1625824,0,0/8388608,0
25000,0,2031248,0,0/8388608,0
30000,0,2436360,0,0/8388608,0
35000,0,2841792,0,0/8388608,0
40000,0,3246736,0,0/8388608,0
45000,0,3652304,0,0/8388608,0
50000,0,4057600,0,0/8388608,0
60000,0,4868016,0,0/8388608,0
70000,0,5679344,0,0/8388608,0
80000,0,6490264,0,0/8388608,0
90000,0,7300544,0,0/8388608,0
100000,0,8111728,0,0/8388608,0
150000,0,12169000,0,0/8388608,0
200000,0,16221056,0,0/8388608,0
250000,0,20277640,0,0/8388608,0
300000,0,24330936,0,0/8388608,0
350000,0,28388768,0,0/8388608,0
400000,0,32442032,0,0/8388608,0
450000,0,36499656,0,0/8388608,0
500000,0,40551632,0,0/8388608,0
600000,0,48663016,0,0/8388608,0
700000,0,56772008,0,0/8388608,0
800000,0,64883304,0,0/8388608,0
900000,0,72995320,0,0/8388608,0
1000000,0,81104992,0,0/8388608,0
1100000,0,89218152,0,0/8388608,0
1200000,299048,32278176,24164499,0/8388608,0
1300000,299048,40385832,24164499,0/8388608,0
1400000,299048,48490920,24164499,0/8388608,0
1500000,299048,56598288,24164499,0/8388608,0
1600000,299048,64704936,24164499,0/8388608,0
1700000,299048,72814600,24164499,0/8388608,0
1800000,299048,80919456,24164499,0/8388608,0
1900000,598096,23999192,48301562,0/8388608,0
2000000,598096,32106680,48301562,0/8388608,0
2100000,598096,40213928,48301562,0/8388608,0
2200000,598096,48320840,48301562,0/8388608,0
2300000,598096,56429728,48301562,0/8388608,0
2400000,598096,64538584,48301562,0/8388608,0
2500000,598096,72646848,48301562,0/8388608,0
2600000,598096,80752688,48301562,0/8388608,0
2700000,897192,23844416,72458472,0/8388608,0
2800000,897192,31952184,72458472,0/8388608,0
2900000,897192,40057536,72458472,0/8388608,0
3000000,897192,48164120,72458472,0/8388608,0
3100000,897192,56271608,72458472,0/8388608,0
3200000,897192,64376904,72458472,0/8388608,0
3300000,897192,72484800,72458472,0/8388608,0
3400000,897192,80591840,72458472,0/8388608,0
3500000,1196304,23684912,96605718,16576/8388608,16576
3600000,1196304,31791656,96605718,16576/8388608,16576
3700000,1196304,39897496,96605718,16576/8388608,16576
3800000,1196304,48002880,96605718,16576/8388608,16576
3900000,1196304,56110280,96605718,16576/8388608,16576
4000000,1196304,64217352,96605718,16576/8388608,16576
4100000,1196304,72324000,96605718,16576/8388608,16576
4200000,1196304,80432848,96605718,16576/8388608,16576
4300000,1196304,88539768,96605718,16576/8388608,16576
4400000,1495448,31632392,120755570,0/8388608,0
4500000,1483624,39739296,102058936,0/8388608,0
4600000,1483624,47846152,102058936,0/8388608,0
4700000,1483624,55951872,102058936,0/8388608,0
4800000,1483624,64058152,102058936,0/8388608,0
4900000,1483624,72165232,102058936,0/8388608,0
5000000,1483624,80271856,102058936,0/8388608,0
5100000,1782736,23366976,126212850,0/8388608,0
5200000,1782736,31475784,126212850,0/8388608,0
5300000,1782736,39583184,126212850,0/8388608,0
5400000,1782736,47689840,126212850,0/8388608,0
5500000,1782736,55797392,126212850,0/8388608,0
5600000,1782736,63905544,126212850,0/8388608,0
5700000,1782736,72012944,126212850,0/8388608,0
5800000,1782736,80119376,126212850,0/8388608,0
5900000,2081848,23210776,150363408,0/8388608,0
6000000,2081848,31318560,150363408,0/8388608,0
6100000,2081848,39427168,150363408,0/8388608,0
6200000,2081848,47533448,150363408,0/8388608,0
6300000,2081848,55638704,150363408,0/8388608,0
6400000,2081848,63745424,150363408,0/8388608,0
6500000,2081848,71849520,150363408,0/8388608,0
6600000,2081848,79956312,150363408,0/8388608,0
6700000,2081848,88060960,150363408,0/8388608,0
6800000,2380960,31153736,174511406,20752/8388608,20752
6900000,2380960,39259664,174511406,20752/8388608,20752
7000000,2380960,47366544,174511406,20752/8388608,20752
7100000,2380960,55472496,174511406,20752/8388608,20752
7200000,2380960,63579456,174511406,20752/8388608,20752
7300000,2380960,71688392,174511406,20752/8388608,20752
7400000,2380960,79794024,174511406,20752/8388608,20752
7500000,2680072,22885312,198669959,20752/8388608,20752
7600000,2680072,30992200,198669959,16576/8388608,20752
7700000,2680072,39097776,198669959,20752/8388608,20752
7800000,2680072,47202888,198669959,20752/8388608,20752
7900000,2680072,55310008,198669959,20752/8388608,20752
8000000,2680072,63416856,198669959,20752/8388608,20752
8100000,2680072,71521392,198669959,20752/8388608,20752
8200000,2680072,79627008,198669959,20752/8388608,20752
8300000,2979152,22719032,222815398,20752/8388608,16576
8400000,2979152,30825176,222815398,20752/8388608,20752
8500000,2944504,38932416,201566082,0/8388608,0
8600000,2944504,47039304,201566082,0/8388608,0
8700000,2944504,55146264,201566082,0/8388608,0
8800000,2944504,63253976,201566082,0/8388608,0
8900000,2944504,71360352,201566082,0/8388608,0
9000000,2944504,79468048,201566082,0/8388608,0
9100000,3243456,22561456,225709434,0/8388608,0
9200000,3243456,30669528,225709434,0/8388608,0
9300000,3243456,38774520,225709434,0/8388608,0
9400000,3243456,46879848,225709434,0/8388608,0
9500000,3243456,54986160,225709434,0/8388608,0
9600000,3243456,63093544,225709434,0/8388608,0
9700000,3243456,71201528,225709434,0/8388608,0
9800000,3243456,79309392,225709434,0/8388608,0
9900000,3243456,87417032,225709434,0/8388608,0
10000000,3542584,30510816,249852689,20736/8388608,20736
10100000,3542584,38615296,249852689,16576/8388608,16576
10200000,3542584,46718912,249852689,20736/8388608,20736
10300000,3542584,54826528,249852689,20736/8388608,20736
10400000,3542584,62933720,249852689,16592/8388608,16592
10500000,3542584,71040984,249852689,20752/8388608,16608
10600000,3542584,79146152,249852689,20736/8388608,20736
10700000,3542584,87253264,249852689,20736/8388608,20736
10800000,3841680,30343944,273990859,16576/8388608,16576
10900000,3841680,38450144,273990859,20720/8388608,20720
11000000,3841680,46556104,273990859,20736/8388608,20736
11100000,3841680,54662624,273990859,20736/8388608,20736
11200000,3841680,62770128,273990859,20720/8388608,20720
11300000,3841680,70876720,273990859,20736/8388608,20736
11400000,3841680,78983888,273990859,20736/8388608,20736
11500000,3841680,87090512,273990859,20736/8388608,20736
11600000,4140776,30183752,298130362,20736/8388608,20736
11700000,4140776,38292088,298130362,20752/8388608,20752
11800000,4140776,46399400,298130362,20736/8388608,20736
11900000,4140776,54506160,298130362,20736/8388608,20736
12000000,4140776,62611624,298130362,20736/8388608,20736
12100000,4140776,70719728,298130362,20736/8388608,20736
12200000,4140776,78827728,298130362,20736/8388608,20736
12300000,4439824,21923264,322272344,20736/8388608,20736
12400000,4439824,30027960,322272344,20736/8388608,20736
12500000,4439824,38133168,322272344,0/8388608,0
12600000,4375880,46239848,299222179,0/8388608,0
12700000,4375880,54347056,299222179,0/8388608,0
12800000,4375880,62454976,299222179,0/8388608,0
12900000,4375880,70564648,299222179,0/8388608,0
13000000,4375880,78669864,299222179,0/8388608,0
13100000,4375880,86775968,299222179,0/8388608,0
13200000,4674912,29866976,323355433,20752/8388608,20752
13300000,4674912,37973360,323355433,20736/8388608,20736
13400000,4674912,46080152,323355433,20736/8388608,20736
13500000,4674912,54186152,323355433,20736/8388608,20736
13600000,4674912,62290648,323355433,20736/8388608,20736
13700000,4674912,70400440,323355433,20752/8388608,20752
13800000,4674912,78507168,323355433,20752/8388608,20752
13900000,4674912,86614520,323355433,16576/8388608,16576
14000000,4974088,29707512,347496479,20736/8388608,20736
14100000,4974088,37813984,347496479,16576/8388608,20736
14200000,4974088,45924680,347496479,20720/8388608,20720
14300000,4974088,54029152,347496479,20736/8388608,20736
14400000,4974088,62135368,347496479,20736/8388608,20736
14500000,4974088,70246336,347496479,20736/8388608,20736
14600000,4974088,78353520,347496479,20736/8388608,20736
14700000,4974088,86458016,347496479,16576/8388608,16576
14800000,5273136,29552408,371633138,20736/8388608,20736
14900000,5273136,37657936,371633138,20752/8388608,20752
15000000,5273136,45763400,371633138,16592/8388608,20752
15100000,5273136,53869392,371633138,20736/8388608,20736
15200000,5273136,61976184,371633138,20736/8388608,20736
15300000,5273136,70084600,371633138,20736/8388608,20736
15400000,5273136,78192624,371633138,20736/8388608,20736
15500000,5572152,21286712,395774159,20736/8388608,20736
15600000,5572152,29394024,395774159,20736/8388608,20736
15700000,5572152,37497264,395774159,20736/8388608,16576
15800000,5572152,45606664,395774159,20736/8388608,20736
15900000,5572152,53711896,395774159,20736/8388608,20736
16000000,5572152,61816664,395774159,20736/8388608,20736
16100000,5572152,69927320,395774159,20736/8388608,20736
16200000,5572152,78035200,395774159,20736/8388608,20736
16300000,5572152,86142632,395774159,0/8388608,0
16400000,5778248,29236032,395103319,0/8388608,0
16500000,5778248,37344176,395103319,20752/8388608,20752
16600000,5778248,45452984,395103319,16608/8388608,16608
16700000,5778248,53557952,395103319,20752/8388608,20752
16800000,5778248,61666568,395103319,16576/8388608,16576
16900000,5778248,69773568,395103319,20752/8388608,20752
17000000,5778248,77880320,395103319,20752/8388608,20752
17100000,5778248,85987208,395103319,20752/8388608,20752
17200000,5778248,94092160,395103319,20752/8388608,20752
17300000,6077440,37183248,419250082,20736/8388608,20736
17400000,6077440,45290440,419250082,20736/8388608,20736
17500000,6077440,53397304,419250082,20736/8388608,20736
17600000,6077440,61503528,419250082,20736/8388608,20736
17700000,6077440,69610560,419250082,20736/8388608,20736
17800000,6077440,77717600,419250082,20736/8388608,20736
17900000,6077440,85823032,419250082,20720/8388608,20720
18000000,6077440,93927296,419250082,20720/8388608,20720
18100000,6376488,37019232,443402291,20736/8388608,20736
18200000,6376488,45123984,443402291,20736/8388608,20736
18300000,6376488,53229984,443402291,20736/8388608,20736
18400000,6376488,61336248,443402291,20736/8388608,20736
18500000,6376488,69442880,443402291,20736/8388608,20736
18600000,6376488,77548256,443402291,16592/8388608,16592
18700000,6376488,85655288,443402291,20736/8388608,20736
18800000,6675664,28746776,467565248,20736/8388608,20736
18900000,6675664,36853984,467565248,20736/8388608,20736
19000000,6675664,44965456,467565248,16576/8388608,16576
19100000,6675664,53069936,467565248,20736/8388608,20736
19200000,6675664,61176400,467565248,20736/8388608,20736
19300000,6675664,69286072,467565248,20736/8388608,20736
19400000,6675664,77393400,467565248,20736/8388608,20736
19500000,6675664,85499000,467565248,20736/8388608,20736
19600000,6675664,93603784,467565248,20736/8388608,20736
19700000,6974728,36696336,491722728,20736/8388608,20736
19800000,6974728,44804280,491722728,20736/8388608,20736
19900000,6974728,52911968,491722728,20736/8388608,20736
20000000,6974728,61019448,491722728,20736/8388608,20736
20100000,6974728,69125744,491722728,20736/8388608,20736
20200000,6974728,77234960,491722728,0/8388608,0
20300000,6974728,85341592,491722728,0/8388608,0
20400000,7178504,28432216,518498004,0/8388608,0
20500000,7178504,36538272,518498004,24912/8388608,24912
20600000,7178504,44646280,518498004,24928/8388608,24928
20700000,7178504,52753552,518498004,24928/8388608,24928
20800000,7178504,60858256,518498004,24928/8388608,24928
20900000,7178504,68966528,518498004,24928/8388608,24928
21000000,7178504,77074208,518498004,24928/8388608,24928
21100000,7178504,85179208,518498004,24928/8388608,24928
21200000,7477616,28274640,542657252,24880/8388608,24880
21300000,7477616,36382032,542657252,24880/8388608,24880
21400000,7477616,44489368,542657252,24864/8388608,24864
21500000,7477616,52596912,542657252,24880/8388608,24880
21600000,7477616,60704840,542657252,24896/8388608,24896
21700000,7477616,68810800,542657252,24896/8388608,24896
21800000,7477616,76915680,542657252,24896/8388608,24896
21900000,7477616,85021672,542657252,24896/8388608,24896
22000000,7477616,93129096,542657252,24880/8388608,24880
22100000,7776760,36221600,566816451,24880/8388608,24880
22200000,7776760,44328568,566816451,20720/8388608,20720
22300000,7776760,52436864,566816451,24880/8388608,24880
22400000,7776760,60543896,566816451,24880/8388608,24880
22500000,7776760,68651416,566816451,24880/8388608,24880
22600000,7776760,76758376,566816451,24880/8388608,24880
22700000,7776760,84863984,566816451,24880/8388608,24880
22800000,7776760,92969320,566816451,24880/8388608,24880
22900000,8075984,36060624,590973025,24880/8388608,24880
23000000,8075984,44166680,590973025,24880/8388608,24880
23100000,8075984,52273712,590973025,24880/8388608,24880
23200000,8075984,60380888,590973025,24880/8388608,24880
23300000,8075984,68488864,590973025,20720/8388608,24880
23400000,8075984,76596448,590973025,24880/8388608,24880
23500000,8075984,84703672,590973025,24880/8388608,24880
23600000,8075984,92812600,590973025,24880/8388608,24880
23700000,8375128,35906048,615133034,24880/8388608,24880
23800000,8375128,44009672,615133034,24880/8388608,24880
23900000,8375128,52117184,615133034,24880/8388608,24880
24000000,8375128,60223032,615133034,24880/8388608,24880
24100000,8375128,68330016,615133034,24880/8388608,24880
24200000,8375128,76436640,615133034,24880/8388608,24880
24300000,8375128,84546360,615133034,24880/8388608,24880
24400000,8375128,92652320,615133034,24880/8388608,24880
24500000,8674272,35744616,639292529,24880/8388608,24880
24600000,8674272,43851568,639292529,24880/8388608,24880
24700000,8674272,51957960,639292529,20720/8388608,20720
24800000,8674272,60063912,639292529,0/8388608,0
24900000,8546056,68171120,1018605582,24896/8388608,24896
25000000,8546056,76276688,1018605582,24896/8388608,24896
25100000,8546056,84383800,1018605582,24896/8388608,24896
25200000,8845088,27475736,659596943,24880/8388608,24880
25300000,8845088,35582640,659596943,24880/8388608,24880
25400000,8845088,43689528,659596943,24864/8388608,24864
25500000,8845088,51795616,659596943,24880/8388608,24880
25600000,8845088,59903048,659596943,24880/8388608,24880
25700000,8845088,68010928,659596943,20720/8388608,24880
25800000,8845088,76119744,659596943,24880/8388608,24880
25900000,8845088,84227656,659596943,24864/8388608,24864
26000000,9144184,27321832,683757493,20720/8388608,24880
26100000,9144184,35428448,683757493,24880/8388608,24880
26200000,9144184,43536608,683757493,24880/8388608,24880
26300000,9144184,51644776,683757493,24880/8388608,24880
26400000,9144184,59752552,683757493,24880/8388608,24880
26500000,9144184,67859536,683757493,24880/8388608,24880
26600000,9144184,75965984,683757493,24864/8388608,24864
26700000,9144184,84074360,683757493,24880/8388608,24880
26800000,9443216,27166712,707912909,24880/8388608,24880
26900000,9443216,35275296,707912909,24880/8388608,24880
27000000,9443216,43382304,707912909,24880/8388608,24880
27100000,9443216,51489600,707912909,24880/8388608,24880
27200000,9443216,59598384,707912909,24864/8388608,24864
27300000,9443216,67705368,707912909,24880/8388608,24880
27400000,9443216,75810352,707912909,24880/8388608,24880
27500000,9443216,83918912,707912909,24864/8388608,24864
27600000,9742328,27009920,732066539,24864/8388608,20704
27700000,9742328,35117896,732066539,24880/8388608,24880
27800000,9742328,43223080,732066539,24880/8388608,24880
27900000,9742328,51331760,732066539,20736/8388608,20736
28000000,9742328,59439456,732066539,24880/8388608,24880
28100000,9742328,67547888,732066539,24864/8388608,24864
28200000,9742328,75654048,732066539,24880/8388608,24880
28300000,9742328,83760904,732066539,24880/8388608,24880
28400000,10041440,26852904,756222102,24880/8388608,24880
28500000,10041440,34958304,756222102,24880/8388608,20720
28600000,10041440,43064088,756222102,24880/8388608,24880
28700000,10041440,51170592,756222102,24880/8388608,24880
28800000,10041440,59275496,756222102,24880/8388608,24880
28900000,10041440,67381888,756222102,24880/8388608,24880
29000000,10041440,75488640,756222102,24880/8388608,24880
29100000,10041440,83594568,756222102,24880/8388608,24880
29200000,10041440,91701024,756222102,24880/8388608,24880
29300000,10340552,34794496,780387840,24880/8388608,24880
29400000,10340552,42901240,780387840,0/8388608,0
29500000,10198016,51007984,772296859,29040/8388608,29040
29600000,10198016,59113992,772296859,29040/8388608,29040
29700000,10198016,67220896,772296859,29040/8388608,29040
29800000,10198016,75328048,772296859,29040/8388608,24864
29900000,10198016,83437368,772296859,24864/8388608,29040
30000000,10497096,26533008,796453051,29040/8388608,29040
30100000,10497096,34637968,796453051,29040/8388608,29040
30200000,10497096,42743480,796453051,24864/8388608,24864
30300000,10497096,50848904,796453051,29024/8388608,29024
30400000,10497096,58955768,796453051,29024/8388608,29024
30500000,10497096,67065760,796453051,29024/8388608,29024
30600000,10497096,75171552,796453051,29024/8388608,29024
30700000,10497096,83277704,796453051,29024/8388608,29024
30800000,10796224,26369096,820606228,29024/8388608,29024
30900000,10796224,34476576,820606228,29024/8388608,29024
31000000,10796224,42584616,820606228,29024/8388608,29024
31100000,10796224,50690992,820606228,29024/8388608,29024
31200000,10796224,58798864,820606228,29024/8388608,29024
31300000,10796224,66905296,820606228,29024/8388608,29024
31400000,10796224,75013952,820606228,29040/8388608,29040
31500000,10796224,83120072,820606228,29024/8388608,29024
31600000,10796224,91227728,820606228,29024/8388608,29024
31700000,11095272,34317376,844764828,29024/8388608,29024
31800000,11095272,42423720,844764828,29024/8388608,29024
31900000,11095272,50529784,844764828,29024/8388608,29024
32000000,11095272,58633248,844764828,29008/8388608,29008
32100000,11095272,66741232,844764828,29024/8388608,29024
32200000,11095272,74847784,844764828,29040/8388608,29040
32300000,11095272,82954248,844764828,29024/8388608,29024
32400000,11095272,91060592,844764828,29024/8388608,29024
32500000,11394400,34152144,868923108,29024/8388608,29024
32600000,11394400,42259768,868923108,29024/8388608,29024
32700000,11394400,50367416,868923108,29024/8388608,29024
32800000,11394400,58473912,868923108,24864/8388608,24864
32900000,11394400,66580224,868923108,29024/8388608,29024
33000000,11394400,74686664,868923108,29024/8388608,29024
33100000,11394400,82790920,868923108,29024/8388608,29024
33200000,11693544,25882760,893082167,29024/8388608,29024
33300000,11693544,33985488,893082167,29024/8388608,29024
33400000,11693544,42092576,893082167,29024/8388608,29024
33500000,11693544,50196232,893082167,29024/8388608,29024
33600000,11693544,58301456,893082167,29008/8388608,29008
33700000,11693544,66408576,893082167,29024/8388608,29024
33800000,11693544,74517792,893082167,29024/8388608,29024
33900000,11693544,82627768,893082167,24864/8388608,24864
34000000,11992672,25720328,917256090,24880/8388608,24880
34100000,11992672,33826320,917256090,29024/8388608,29024
34200000,11992672,41932544,917256090,29024/8388608,29024
34300000,11992672,50037704,917256090,29024/8388608,29024
34400000,11992672,58147000,917256090,29024/8388608,29024
34500000,11992672,66253216,917256090,29024/8388608,29024
34600000,11992672,74359616,917256090,24880/8388608,24880
34700000,11992672,82465192,917256090,0/8388608,0
34800000,12099080,25558360,928163197,33168/8388608,33168
34900000,12099080,33665456,928163197,33168/8388608,33168
35000000,12099080,41773408,928163197,33168/8388608,33168
35100000,12099080,49879272,928163197,33168/8388608,33168
35200000,12099080,57986944,928163197,33152/8388608,33152
35300000,12099080,66096784,928163197,29008/8388608,29008
35400000,12099080,74203264,928163197,33168/8388608,33168
35500000,12099080,82308776,928163197,29008/8388608,29008
35600000,12398176,25401352,952323786,33168/8388608,33168
35700000,12398176,33510024,952323786,29008/8388608,33168
35800000,12398176,41618928,952323786,33168/8388608,29024
35900000,12398176,49724832,952323786,33168/8388608,33168
36000000,12398176,57830272,952323786,33168/8388608,33168
36100000,12398176,65937552,952323786,33168/8388608,33168
36200000,12398176,74043216,952323786,33168/8388608,33168
36300000,12398176,82150368,952323786,33168/8388608,33168
36400000,12697256,25245000,976481144,33168/8388608,33168
36500000,12697256,33350080,976481144,33168/8388608,33168
36600000,12697256,41455808,976481144,33168/8388608,33168
36700000,12697256,49561872,976481144,33168/8388608,33168
36800000,12697256,57666720,976481144,33168/8388608,33168
36900000,12697256,65774528,976481144,33168/8388608,33168
37000000,12697256,73880608,976481144,33168/8388608,33168
37100000,12697256,81987720,976481144,29008/8388608,29008
37200000,12996416,25081040,1000635006,33168/8388608,29024
37300000,12996416,33186984,1000635006,33168/8388608,33168
37400000,12996416,41291488,1000635006,33168/8388608,33168
37500000,12996416,49394464,1000635006,33184/8388608,33184
37600000,12996416,57501760,1000635006,33184/8388608,33184
37700000,12996416,65608624,1000635006,29008/8388608,29008
37800000,12996416,73715344,1000635006,33168/8388608,33168
37900000,12996416,81822512,1000635006,33168/8388608,33168
38000000,13295544,24915936,1024797437,33168/8388608,33168
38100000,13295544,33024624,1024797437,33168/8388608,33168
38200000,13295544,41132592,1024797437,33168/8388608,33168
38300000,13295544,49242960,1024797437,33168/8388608,33168
38400000,13295544,57350112,1024797437,33168/8388608,33168
38500000,13295544,65457104,1024797437,33168/8388608,33168
38600000,13295544,73563160,1024797437,33168/8388608,33168
38700000,13295544,81667920,1024797437,33168/8388608,33168
38800000,13594544,24759560,1048955232,33168/8388608,33168
38900000,13594544,32864728,1048955232,33168/8388608,33168
39000000,13594544,40970192,1048955232,33168/8388608,33168
39100000,13594544,49076016,1048955232,33168/8388608,33168
39200000,13594544,57182240,1048955232,33168/8388608,33168
39300000,13594544,65289656,1048955232,33184/8388608,33184
39400000,13594544,73395568,1048955232,33168/8388608,33168
39500000,13594544,81502184,1048955232,33168/8388608,33168
39600000,13893736,24595288,1073120021,33168/8388608,33168
39700000,13893736,32704816,1073120021,33168/8388608,33168
39800000,13893736,40813744,1073120021,33168/8388608,33168
39900000,13893736,48918728,1073120021,33184/8388608,33184
40000000,13893736,57027064,1073120021,33184/8388608,33184
40100000,13893736,65136280,1073120021,33168/8388608,33168
40200000,13893736,73241992,1073120021,33168/8388608,33168
40300000,13893736,81348696,1073120021,33168/8388608,33168
40400000,13893736,89458016,1073120021,33168/8388608,33168
40500000,13893736,97564136,1073120021,33168/8388608,33168
40600000,14192864,40656016,1097274210,33168/8388608,29008
40700000,14192864,48763048,1097274210,33184/8388608,33184
40800000,14192864,56870608,1097274210,0/8388608,0
40900000,13930360,64976560,1078208433,4160/8388608,4160
41000000,13930360,73083808,1078208433,8320/8388608,8320
41100000,13930360,81187888,1078208433,4160/8388608,4160
41200000,14229408,24279632,1102372754,8320/8388608,8320
41300000,14229408,32388432,1102372754,8320/8388608,8320
41400000,14229408,40496416,1102372754,8320/8388608,8320
41500000,14229408,48603224,1102372754,8320/8388608,8320
41600000,14229408,56709984,1102372754,8320/8388608,8320
41700000,14229408,64815720,1102372754,8320/8388608,8320
41800000,14229408,72921680,1102372754,4160/8388608,4160
41900000,14229408,81028368,1102372754,4160/8388608,8320
42000000,14528440,24120832,1126530028,0/8388608,0
42100000,14428888,32230520,1099594077,41456/8388608,41456
42200000,14428888,40339184,1099594077,37296/8388608,41440
42300000,14428888,48445016,1099594077,41456/8388608,41456
42400000,14428888,56550640,1099594077,37296/8388608,37296
42500000,14428888,64656840,1099594077,41456/8388608,41456
42600000,14428888,72765368,1099594077,41456/8388608,41456
42700000,14428888,80870816,1099594077,41456/8388608,41456
42800000,14428888,88978512,1099594077,41456/8388608,41456
42900000,14727968,32072216,1123759678,41472/8388608,41472
43000000,14727968,40180144,1123759678,41456/8388608,41456
43100000,14727968,48288240,1123759678,41456/8388608,41456
43200000,14727968,56395952,1123759678,41456/8388608,41456
43300000,14727968,64503256,1123759678,41456/8388608,41456
43400000,14727968,72610304,1123759678,41456/8388608,41456
43500000,14727968,80716696,1123759678,41456/8388608,41456
43600000,14727968,88823016,1123759678,37312/8388608,41456
43700000,15027048,31914248,1147916771,41456/8388608,41456
43800000,15027048,40021936,1147916771,41456/8388608,41456
43900000,15027048,48129520,1147916771,41456/8388608,41456
44000000,15027048,56234912,1147916771,41456/8388608,41456
44100000,15027048,64338776,1147916771,41456/8388608,41456
44200000,15027048,72446528,1147916771,41456/8388608,41456
44300000,15027048,80552016,1147916771,41456/8388608,41456
44400000,15326144,23643456,1172072815,41456/8388608,41456
44500000,15326144,31750144,1172072815,41456/8388608,41456
44600000,15326144,39857216,1172072815,41456/8388608,41456
44700000,15326144,47965528,1172072815,41440/8388608,41440
44800000,15326144,56071392,1172072815,41456/8388608,41456
44900000,15326144,64179272,1172072815,41440/8388608,41440
45000000,15326144,72288096,1172072815,41440/8388608,41440
45100000,15326144,80397456,1172072815,41456/8388608,41456
45200000,15625272,23490480,1196229607,41456/8388608,41456
45300000,15625272,31597512,1196229607,41456/8388608,41456
45400000,15625272,39704896,1196229607,41456/8388608,41456
45500000,15625272,47810376,1196229607,41456/8388608,41456
45600000,15625272,55914936,1196229607,41456/8388608,41456
45700000,15625272,64021656,1196229607,41456/8388608,41456
45800000,15625272,72129632,1196229607,41456/8388608,41456
45900000,15625272,80238152,1196229607,41456/8388608,41456
46000000,15924400,23330912,1220388964,41456/8388608,41456
46100000,15924400,31437896,1220388964,41456/8388608,41456
46200000,15924400,39546400,1220388964,41456/8388608,41456
46300000,15924400,47653528,1220388964,41456/8388608,41456
46400000,15924400,55759536,1220388964,41456/8388608,41456
46500000,15924400,63866152,1220388964,41456/8388608,41456
46600000,15924400,71975480,1220388964,41456/8388608,41456
46700000,15924400,80083384,1220388964,37312/8388608,41456
46800000,16223448,23176240,1244543376,41456/8388608,37312
46900000,16223448,31283016,1244543376,41472/8388608,41472
47000000,16223448,39391136,1244543376,41472/8388608,41472
47100000,16223448,47498304,1244543376,41472/8388608,41472
47200000,16223448,55605024,1244543376,41456/8388608,41456
47300000,16223448,63711080,1244543376,37312/8388608,41456
47400000,16223448,71818920,1244543376,41456/8388608,41456
47500000,16223448,79925232,1244543376,37312/8388608,41456
47600000,16522544,23020256,1268695662,41472/8388608,41472
47700000,16522544,31125472,1268695662,41456/8388608,41456
47800000,16522544,39231048,1268695662,41456/8388608,41456
47900000,16522544,47337680,1268695662,41456/8388608,41456
48000000,16522544,55444208,1268695662,41456/8388608,41456
48100000,16522544,63549496,1268695662,37312/8388608,37312
48200000,16522544,71657560,1268695662,37296/8388608,37296
48300000,16522544,79765472,1268695662,41472/8388608,41472
48400000,16821560,22859104,1292853768,41440/8388608,41440
48500000,16821560,30965752,1292853768,41488/8388608,41488
48600000,16821560,39073352,1292853768,37312/8388608,41472
48700000,16821560,47179544,1292853768,0/8388608,0
48800000,16461112,55286016,1265318341,8320/8388608,8320
48900000,16461112,63391264,1265318341,8320/8388608,8320
49000000,16461112,71498344,1265318341,8320/8388608,8320
49100000,16461112,79606432,1265318341,8320/8388608,8320
49200000,16461112,87715112,1265318341,4160/8388608,8320
49300000,16760240,30804936,1289478947,8320/8388608,8320
49400000,16760240,38912288,1289478947,8320/8388608,8320
49500000,16760240,47016968,1289478947,8320/8388608,8320
49600000,16760240,55125112,1289478947,8320/8388608,8320
49700000,16760240,63232664,1289478947,8320/8388608,8320
49800000,16760240,71339560,1289478947,8320/8388608,8320
49900000,16760240,79444528,1289478947,8320/8388608,8320
50000000,17059272,22537440,1313634257,8320/8388608,8320
50100000,17059272,30641832,1313634257,4160/8388608,4160
50200000,17059272,38746784,1313634257,8320/8388608,8320
50300000,17059272,46851024,1313634257,8320/8388608,8320
50400000,17059272,54958568,1313634257,8320/8388608,8320
50500000,17059272,63063192,1313634257,8320/8388608,8320
50600000,17059272,71171360,1313634257,8320/8388608,8320
50700000,17059272,79278336,1313634257,4160/8388608,4160
50800000,17358448,22368496,1337807379,8320/8388608,8320
50900000,17358448,30475624,1337807379,4160/8388608,4160
51000000,17358448,38580880,1337807379,4160/8388608,4160
51100000,17358448,46686632,1337807379,4160/8388608,4160
51200000,17358448,54790584,1337807379,0/8388608,0
51300000,17144656,62896632,1286018621,49808/8388608,49808
51400000,17144656,71006464,1286018621,49824/8388608,49824
51500000,17144656,79112176,1286018621,49824/8388608,49824
51600000,17443880,22205360,1310177606,49840/8388608,49840
51700000,17443880,30312344,1310177606,49824/8388608,49824
51800000,17443880,38420832,1310177606,49824/8388608,49824
51900000,17443880,46528024,1310177606,49808/8388608,49808
52000000,17443880,54635584,1310177606,49792/8388608,49792
52100000,17443880,62741256,1310177606,49776/8388608,49776
52200000,17443880,70850288,1310177606,49760/8388608,49760
52300000,17443880,78957408,1310177606,49776/8388608,49776
52400000,17742832,22050128,1334331609,49760/8388608,49760
52500000,17742832,30159160,1334331609,49776/8388608,49776
52600000,17742832,38263568,1334331609,49776/8388608,49776
52700000,17742832,46369672,1334331609,49760/8388608,49760
52800000,17742832,54476960,1334331609,49744/8388608,49744
52900000,17742832,62582568,1334331609,45584/8388608,45584
53000000,17742832,70690576,1334331609,49744/8388608,49744
53100000,17742832,78798360,1334331609,49744/8388608,49744
53200000,18041896,21889984,1358489269,45584/8388608,45584
53300000,18041896,29998088,1358489269,49744/8388608,49744
53400000,18041896,38103592,1358489269,49744/8388608,49744
53500000,18041896,46210312,1358489269,49744/8388608,49744
53600000,18041896,54317376,1358489269,49744/8388608,49744
53700000,18041896,62422536,1358489269,49728/8388608,49728
53800000,18041896,70531968,1358489269,45600/8388608,45584
53900000,18041896,78640832,1358489269,49744/8388608,49744
54000000,18341072,21735312,1382646042,49744/8388608,49744
54100000,18341072,29842192,1382646042,49744/8388608,49744
54200000,18341072,37948136,1382646042,49744/8388608,49744
54300000,18341072,46054752,1382646042,49744/8388608,49744
54400000,18341072,54162992,1382646042,49744/8388608,49744
54500000,18341072,62267648,1382646042,49744/8388608,49744
54600000,18341072,70372808,1382646042,49744/8388608,49744
54700000,18341072,78479864,1382646042,49744/8388608,49744
54800000,18341072,86586424,1382646042,49744/8388608,49744
54900000,18341072,94694416,1382646042,49744/8388608,49744
55000000,18640184,37787744,1406809365,49744/8388608,49744
55100000,18640184,45894376,1406809365,45584/8388608,45584
55200000,18640184,54002328,1406809365,49744/8388608,49744
55300000,18640184,62109032,1406809365,45584/8388608,49744
55400000,18640184,70213712,1406809365,49744/8388608,49744
55500000,18640184,78319864,1406809365,49744/8388608,49744
55600000,18640184,86425896,1406809365,49744/8388608,49744
55700000,18640184,94532480,1406809365,45600/8388608,45600
55800000,18939328,37624720,1430961696,49760/8388608,49760
55900000,18939328,45732872,1430961696,49728/8388608,49728
56000000,18939328,53838608,1430961696,49760/8388608,49760
56100000,18939328,61947128,1430961696,49760/8388608,49760
56200000,18939328,70054112,1430961696,49760/8388608,49760
56300000,18939328,78158056,1430961696,49744/8388608,49744
56400000,18939328,86266280,1430961696,49744/8388608,49744
56500000,19238536,29357392,1455108847,45600/8388608,49744
56600000,19238536,37464352,1455108847,49744/8388608,49744
56700000,19238536,45570792,1455108847,49760/8388608,49760
56800000,19238536,53677872,1455108847,49744/8388608,45600
56900000,19238536,61784824,1455108847,49744/8388608,49744
57000000,19238536,69891656,1455108847,49744/8388608,49744
57100000,19238536,77998200,1455108847,49744/8388608,49744
57200000,19238536,86106624,1455108847,49744/8388608,49744
57300000,19537696,29199696,1479271587,49744/8388608,49744
57400000,19537696,37304336,1479271587,45600/8388608,49744
57500000,19537696,45411896,1479271587,0/8388608,0
57600000,19163496,53519568,1449993011,0/8388608,0
57700000,19163496,61624456,1449993011,8320/8388608,8320
57800000,19163496,69731552,1449993011,4160/8388608,4160
57900000,19163496,77837808,1449993011,8320/8388608,8320
58000000,19163496,85943272,1449993011,8320/8388608,8320
58100000,19462544,29036456,1474151032,8320/8388608,8320
58200000,19462544,37142592,1474151032,4160/8388608,4160
58300000,19462544,45249784,1474151032,8320/8388608,8320
58400000,19462544,53356304,1474151032,8320/8388608,8320
58500000,19462544,61464328,1474151032,8320/8388608,8320
58600000,19462544,69569184,1474151032,4160/8388608,8320
58700000,19462544,77675952,1474151032,0/8388608,0
58800000,19462544,85781192,1474151032,0/8388608,0
58900000,19615176,28872880,1466679398,41456/8388608,41456
59000000,19615176,36979296,1466679398,41456/8388608,41456
59100000,19615176,45086336,1466679398,41456/8388608,41456
59200000,19615176,53193296,1466679398,41456/8388608,37296
59300000,19615176,61300360,1466679398,41456/8388608,41456
59400000,19615176,69407456,1466679398,41456/8388608,41456
59500000,19615176,77514144,1466679398,41456/8388608,41456
59600000,19615176,85622120,1466679398,41456/8388608,41456
59700000,19914176,28714392,1490836826,41456/8388608,41456
59800000,19914176,36822528,1490836826,41440/8388608,37296
59900000,19914176,44930008,1490836826,37296/8388608,37296
60000000,19914176,53036864,1490836826,41456/8388608,41456
60100000,19914176,61143192,1490836826,37296/8388608,37296
60200000,19914176,69250112,1490836826,41440/8388608,41440
60300000,19914176,77354992,1490836826,41440/8388608,41440
60400000,19914176,85461816,1490836826,41456/8388608,41456
60500000,20213208,28551784,1514992919,41456/8388608,41456
60600000,20213208,36659088,1514992919,41456/8388608,41456
60700000,20213208,44763928,1514992919,41456/8388608,41456
60800000,20213208,52869888,1514992919,41440/8388608,41440
60900000,20213208,60975512,1514992919,41456/8388608,41456
61000000,20213208,69084336,1514992919,41456/8388608,41456
61100000,20213208,77192136,1514992919,41456/8388608,41456
61200000,20213208,85300640,1514992919,41456/8388608,41456
61300000,20512336,28392600,1539152167,41472/8388608,41472
61400000,20512336,36500840,1539152167,41440/8388608,41440
61500000,20512336,44605784,1539152167,37296/8388608,37296
61600000,20512336,52709984,1539152167,37296/8388608,41440
61700000,20512336,60816680,1539152167,41456/8388608,41456
61800000,20512336,68924328,1539152167,41456/8388608,37296
61900000,20512336,77032432,1539152167,41440/8388608,41440
62000000,20512336,85140992,1539152167,41456/8388608,41456
62100000,20811448,28233944,1563308856,41456/8388608,41456
62200000,20811448,36342048,1563308856,41456/8388608,41456
62300000,20811448,44447976,1563308856,41456/8388608,41456
62400000,20811448,52555488,1563308856,41456/8388608,41456
62500000,20811448,60662056,1563308856,41456/8388608,41456
62600000,20811448,68770656,1563308856,37312/8388608,37312
62700000,20811448,76875936,1563308856,41456/8388608,41456
62800000,20811448,84981608,1563308856,41440/8388608,41440
62900000,21110560,28072488,1587462887,41456/8388608,41456
63000000,21110560,36179216,1587462887,41456/8388608,41456
63100000,21110560,44283240,1587462887,41456/8388608,41456
63200000,21110560,52388128,1587462887,41456/8388608,41456
63300000,21110560,60494856,1587462887,41456/8388608,41456
63400000,21110560,68603264,1587462887,41440/8388608,41440
63500000,21110560,76710256,1587462887,41456/8388608,41456
63600000,21110560,84815592,1587462887,41456/8388608,37296
63700000,21409672,27908072,1611625716,37312/8388608,37312
63800000,21409672,36015840,1611625716,41456/8388608,41456
63900000,21409672,44120184,1611625716,41456/8388608,41456
64000000,21409672,52229712,1611625716,41456/8388608,41456
64100000,21409672,60335704,1611625716,41440/8388608,41440
64200000,21409672,68444024,1611625716,41424/8388608,41424
64300000,21409672,76549240,1611625716,41456/8388608,41456
64400000,21409672,84657536,1611625716,41456/8388608,41456
64500000,21708768,27750840,1635785405,41456/8388608,37296
64600000,21708768,35857328,1635785405,41456/8388608,41456
64700000,21708768,43963384,1635785405,41456/8388608,41456
64800000,21708768,52070944,1635785405,41456/8388608,41456
64900000,21708768,60176776,1635785405,37296/8388608,37296
65000000,21708768,68284480,1635785405,41456/8388608,41456
65100000,21708768,76392680,1635785405,37296/8388608,37296
65200000,21708768,84500008,1635785405,41456/8388608,41456
65300000,22007864,27593816,1660054481,41456/8388608,41456
65400000,22007864,35700048,1660054481,41456/8388608,41456
65500000,22007864,43807656,1660054481,37312/8388608,41456
65600000,22007864,51915312,1660054481,41456/8388608,41456
65700000,22007864,60020832,1660054481,37312/8388608,37312
65800000,22007864,68129976,1660054481,41456/8388608,41456
65900000,22007864,76237440,1660054481,41440/8388608,41440
66000000,22007864,84343288,1660054481,41440/8388608,41440
66100000,22007864,92448480,1660054481,41440/8388608,41440
66200000,22306928,35541184,1684212160,41456/8388608,41456
66300000,22306928,43648232,1684212160,0/8388608,0
66400000,21900336,51754432,1652594164,8320/8388608,8320
66500000,21900336,59862472,1652594164,8320/8388608,8320
66600000,21900336,67971120,1652594164,8320/8388608,8320
66700000,21900336,76075192,1652594164,8320/8388608,8320
66800000,21900336,84180488,1652594164,8320/8388608,8320
66900000,22199432,27273512,1676756659,8320/8388608,8320
67000000,22199432,35379968,1676756659,8320/8388608,8320
67100000,22199432,43486392,1676756659,8320/8388608,8320
67200000,22199432,51593920,1676756659,8320/8388608,8320
67300000,22199432,59701688,1676756659,8320/8388608,8320
67400000,22199432,67810000,1676756659,8320/8388608,8320
67500000,22199432,75916064,1676756659,0/8388608,0
67600000,22029112,84023272,1777666850,49744/8388608,49744
67700000,22328208,27116632,1666669138,49728/8388608,49728
67800000,22328208,35222096,1666669138,49760/8388608,49760
67900000,22328208,43329832,1666669138,49744/8388608,49744
68000000,22328208,51435760,1666669138,49744/8388608,49744
68100000,22328208,59543648,1666669138,49728/8388608,49728
68200000,22328208,67649600,1666669138,49744/8388608,49744
68300000,22328208,75755168,1666669138,49744/8388608,49744
68400000,22328208,83862072,1666669138,49744/8388608,49744
68500000,22627208,26954536,1690826534,49728/8388608,49728
68600000,22627208,35061888,1690826534,49744/8388608,49744
68700000,22627208,43168056,1690826534,49760/8388608,49760
68800000,22627208,51273864,1690826534,49760/8388608,49760
68900000,22627208,59380584,1690826534,49744/8388608,49744
69000000,22627208,67487792,1690826534,45568/8388608,45568
69100000,22627208,75593536,1690826534,49728/8388608,49728
69200000,22627208,83702856,1690826534,49744/8388608,49744
69300000,22926352,26796624,1714985993,49760/8388608,49760
69400000,22926352,34903432,1714985993,49744/8388608,49744
69500000,22926352,43011224,1714985993,45600/8388608,49744
69600000,22926352,51118144,1714985993,49744/8388608,49744
69700000,22926352,59223248,1714985993,49744/8388608,49744
69800000,22926352,67330144,1714985993,49744/8388608,49744
69900000,22926352,75437720,1714985993,49744/8388608,49744
70000000,22926352,83543912,1714985993,49744/8388608,49744
70100000,23225432,26636792,1739144409,45600/8388608,45600
70200000,23225432,34745304,1739144409,49744/8388608,49744
70300000,23225432,42852568,1739144409,49744/8388608,49744
70400000,23225432,50957216,1739144409,49744/8388608,49744
70500000,23225432,59063688,1739144409,49744/8388608,49744
70600000,23225432,67169056,1739144409,49744/8388608,49744
70700000,23225432,75276752,1739144409,49744/8388608,49744
70800000,23225432,83384312,1739144409,49744/8388608,49744
70900000,23524432,26478920,1763305123,49744/8388608,49744
71000000,23524432,34585488,1763305123,49744/8388608,49744
71100000,23524432,42690136,1763305123,49728/8388608,49728
71200000,23524432,50798352,1763305123,49728/8388608,49728
71300000,23524432,58902760,1763305123,49744/8388608,49744
71400000,23524432,67008744,1763305123,45584/8388608,45584
71500000,23524432,75113520,1763305123,49744/8388608,49744
71600000,23524432,83221320,1763305123,49744/8388608,49744
71700000,23823512,26312152,1787463810,49728/8388608,45568
71800000,23823512,34417952,1787463810,49744/8388608,49744
71900000,23823512,42524456,1787463810,49744/8388608,49744
72000000,23823512,50631024,1787463810,45600/8388608,45600
72100000,23823512,58739496,1787463810,49744/8388608,49744
72200000,23823512,66844680,1787463810,49744/8388608,49744
72300000,23823512,74952544,1787463810,49728/8388608,49728
72400000,23823512,83061072,1787463810,49728/8388608,49728
72500000,24122688,26153656,1811624000,49744/8388608,49744
72600000,24122688,34261312,1811624000,49744/8388608,49744
72700000,24122688,42369336,1811624000,49728/8388608,49728
72800000,24122688,50473888,1811624000,49744/8388608,49744
72900000,24122688,58578176,1811624000,45600/8388608,49744
73000000,24122688,66687264,1811624000,49744/8388608,49744
73100000,24122688,74797120,1811624000,45600/8388608,45600
73200000,24122688,82904248,1811624000,49744/8388608,49744
73300000,24421864,25997472,1835788202,49728/8388608,49728
73400000,24421864,34104280,1835788202,49744/8388608,49744
73500000,24421864,42210632,1835788202,45584/8388608,45584
73600000,24421864,50318264,1835788202,49728/8388608,49728
73700000,24421864,58423192,1835788202,49744/8388608,49744
73800000,24421864,66528688,1835788202,49728/8388608,49728
73900000,24421864,74635392,1835788202,49744/8388608,49744
74000000,24421864,82742648,1835788202,49744/8388608,49744
74100000,24421864,90848624,1835788202,49744/8388608,49744
74200000,24720944,33944272,1859947794,49744/8388608,49744
74300000,24720944,42051928,1859947794,49728/8388608,49728
74400000,24720944,50158008,1859947794,49728/8388608,49728
74500000,24720944,58266560,1859947794,49744/8388608,49744
74600000,24720944,66372384,1859947794,49744/8388608,49744
74700000,25020040,9466376,1884100303,49744/8388608,49744
74800000,25020040,17573200,1884100303,49744/8388608,49744
74900000,25020040,25679448,1884100303,45600/8388608,45600
75000000,25020040,33785344,1884100303,49744/8388608,49744
75100000,24408072,41894048,1836024825,8320/8388608,8320
75200000,24408072,50000400,1836024825,8320/8388608,8320
75300000,24408072,58107112,1836024825,8320/8388608,8320
75400000,24408072,66216872,1836024825,8320/8388608,8320
75500000,24408072,74324752,1836024825,8320/8388608,8320
75600000,24408072,82430208,1836024825,8320/8388608,8320
75700000,24707136,25523400,1860184413,8320/8388608,8320
75800000,24707136,33629984,1860184413,8320/8388608,8320
75900000,24707136,41735776,1860184413,8320/8388608,8320
76000000,24707136,49842224,1860184413,8320/8388608,8320
76100000,24707136,57945984,1860184413,8320/8388608,8320
76200000,24707136,66054816,1860184413,8320/8388608,8320
76300000,24707136,74162944,1860184413,8320/8388608,8320
76400000,24707136,82272480,1860184413,8320/8388608,8320
76500000,25006248,25364744,1884349321,8320/8388608,8320
76600000,25006248,33472600,1884349321,8320/8388608,8320
76700000,25006248,41579632,1884349321,8320/8388608,8320
76800000,25006248,49686984,1884349321,8320/8388608,8320
76900000,25006248,57793656,1884349321,8320/8388608,8320
77000000,25006248,65903736,1884349321,8320/8388608,8320
77100000,25006248,74010776,1884349321,8320/8388608,4160
77200000,25006248,82116680,1884349321,4160/8388608,4160
77300000,25006248,90222032,1884349321,8320/8388608,8320
77400000,25006248,98330192,1884349321,8320/8388608,8320
77500000,25305328,41421056,1908500781,0/8388608,0
77600000,25004960,49525832,1844818025,58096/8388608,58096
77700000,25004960,57633584,1844818025,58080/8388608,53920
77800000,25004960,65740048,1844818025,58096/8388608,58096
77900000,25004960,73849360,1844818025,58096/8388608,58096
78000000,25004960,81956696,1844818025,58096/8388608,53936
78100000,25304008,25050224,1868977118,58096/8388608,58096
78200000,25304008,33154944,1868977118,58096/8388608,58096
78300000,25304008,41261056,1868977118,58064/8388608,58064
78400000,25304008,49368552,1868977118,58064/8388608,58064
78500000,25304008,57474176,1868977118,58064/8388608,58064
78600000,25304008,65581704,1868977118,58064/8388608,58064
78700000,25304008,73687584,1868977118,58064/8388608,58064
78800000,25304008,81795576,1868977118,58064/8388608,58064
78900000,25304008,89901896,1868977118,58064/8388608,58064
79000000,25603120,32995048,1893135593,58064/8388608,58064
79100000,25603120,41101248,1893135593,58016/8388608,58016
79200000,25603120,49205832,1893135593,58016/8388608,58016
79300000,25603120,57313264,1893135593,58016/8388608,58016
79400000,25603120,65419544,1893135593,58016/8388608,58016
79500000,25603120,73526496,1893135593,58016/8388608,58016
79600000,25603120,81631744,1893135593,58032/8388608,58032
79700000,25603120,89740248,1893135593,58032/8388608,58032
79800000,25902328,32833864,1917294299,58032/8388608,58032
79900000,25902328,40937504,1917294299,58016/8388608,58016
80000000,25902328,49044232,1917294299,53872/8388608,53872
80100000,25902328,57151600,1917294299,58032/8388608,58032
80200000,25902328,65261808,1917294299,58032/8388608,58032
80300000,25902328,73369304,1917294299,58032/8388608,58032
80400000,25902328,81477056,1917294299,58016/8388608,58016
80500000,25902328,89583880,1917294299,58016/8388608,58016
80600000,26201392,32677144,1941452053,58032/8388608,58032
80700000,26201392,40785440,1941452053,58032/8388608,58032
80800000,26201392,48893496,1941452053,58032/8388608,58032
80900000,26201392,57000808,1941452053,58032/8388608,58032
81000000,26201392,65108600,1941452053,58032/8388608,58032
81100000,26201392,73215112,1941452053,58032/8388608,58032
81200000,26201392,81323840,1941452053,58032/8388608,58032
81300000,26201392,89430856,1941452053,58032/8388608,58032
81400000,26500456,32525240,1965606562,58032/8388608,58032
81500000,26500456,40632672,1965606562,58032/8388608,58032
81600000,26500456,48737224,1965606562,58032/8388608,58032
81700000,26500456,56844696,1965606562,58032/8388608,58032
81800000,26500456,64952392,1965606562,58032/8388608,58032
81900000,26500456,73060000,1965606562,58032/8388608,58032
82000000,26500456,81167104,1965606562,58016/8388608,58016
82100000,26500456,89275560,1965606562,53872/8388608,53872
82200000,26799648,32369824,1989761860,53856/8388608,53856
82300000,26799648,40474456,1989761860,58032/8388608,58032
82400000,26799648,48580184,1989761860,58032/8388608,58032
82500000,26799648,56686736,1989761860,58032/8388608,58032
82600000,26799648,64790856,1989761860,58032/8388608,58032
82700000,26799648,72897136,1989761860,58032/8388608,58032
82800000,26799648,81002440,1989761860,58032/8388608,58032
82900000,27098728,24094336,2013918976,58032/8388608,58032
83000000,27098728,32199448,2013918976,58048/8388608,58048
83100000,27098728,40305904,2013918976,58032/8388608,58032
83200000,27098728,48414296,2013918976,58032/8388608,58032
83300000,27098728,56520080,2013918976,58032/8388608,58032
83400000,27098728,64627552,2013918976,58032/8388608,58032
83500000,27397920,7720136,2038078844,58016/8388608,58016
83600000,27397920,15828400,2038078844,58032/8388608,58032
83700000,27397920,23934112,2038078844,58032/8388608,53872
83800000,27397920,32039624,2038078844,58032/8388608,58032
83900000,27397920,40148320,2038078844,58016/8388608,58016
84000000,27397920,48253928,2038078844,58032/8388608,53888
84100000,27397920,56360960,2038078844,58032/8388608,58032
84200000,27397920,64467600,2038078844,53872/8388608,53872
84300000,26638936,72576624,2933486241,4160/8388608,4160
84400000,26638936,80681728,2933486241,8320/8388608,4160
84500000,26937936,23774768,2003488524,8320/8388608,8320
84600000,26937936,31883968,2003488524,8320/8388608,8320
84700000,26937936,39993176,2003488524,8320/8388608,8320
84800000,26937936,48098904,2003488524,8320/8388608,8320
84900000,26937936,56203664,2003488524,8320/8388608,8320
85000000,26937936,64309144,2003488524,0/8388608,4160
85100000,26937936,72414880,2003488524,4160/8388608,4160
85200000,26937936,80524232,2003488524,4160/8388608,4160
85300000,27237064,23616944,2027645264,0/8388608,0
85400000,27237064,31722680,2027645264,0/8388608,0
85500000,27151080,39831440,1997495997,8320/8388608,8320
85600000,27151080,47938488,1997495997,8320/8388608,8320
85700000,27151080,56046032,1997495997,8320/8388608,8320
85800000,27151080,64151048,1997495997,8320/8388608,8320
85900000,27151080,72258720,1997495997,8320/8388608,8320
86000000,27151080,80366344,1997495997,8320/8388608,4160
86100000,27151080,88472496,1997495997,8320/8388608,8320
86200000,27450240,31564048,2021653803,8320/8388608,8320
86300000,27450240,39668200,2021653803,8320/8388608,8320
86400000,27450240,47773496,2021653803,8320/8388608,8320
86500000,27450240,55880656,2021653803,0/8388608,0
86600000,27262160,63986296,1985181396,8320/8388608,8320
86700000,27262160,72095248,1985181396,8320/8388608,8320
86800000,27262160,80205176,1985181396,8320/8388608,8320
86900000,27561144,23297920,2009338001,8320/8388608,8320
87000000,27561144,31402552,2009338001,8320/8388608,8320
87100000,27561144,39508304,2009338001,8320/8388608,8320
87200000,27561144,47614088,2009338001,8320/8388608,8320
87300000,27561144,55721616,2009338001,8320/8388608,8320
87400000,27561144,63829544,2009338001,8320/8388608,8320
87500000,27561144,71936800,2009338001,8320/8388608,8320
87600000,27561144,80043104,2009338001,8320/8388608,8320
87700000,27561144,88149432,2009338001,0/8388608,0
87800000,27623744,31242392,2005139404,58144/8388608,58144
87900000,27623744,39347640,2005139404,58144/8388608,58144
88000000,27623744,47454456,2005139404,58160/8388608,58160
88100000,27623744,55561960,2005139404,58160/8388608,58160
88200000,27623744,63667512,2005139404,58144/8388608,58144
88300000,27623744,71777376,2005139404,58128/8388608,58128
88400000,27623744,79884608,2005139404,58144/8388608,58144
88500000,27623744,87992440,2005139404,58144/8388608,58144
88600000,27922840,31085376,2029297387,53968/8388608,58112
88700000,27922840,39190664,2029297387,53952/8388608,58096
88800000,27922840,47297032,2029297387,58112/8388608,53952
88900000,27922840,55405128,2029297387,58112/8388608,58112
89000000,27922840,63511048,2029297387,58128/8388608,58128
89100000,27922840,71617664,2029297387,58128/8388608,58128
89200000,27922840,79725040,2029297387,58112/8388608,58112
89300000,27922840,87831720,2029297387,58112/8388608,58112
89400000,27922840,95938576,2029297387,58096/8388608,58096
89500000,28221952,39033808,2053451464,58096/8388608,58096
89600000,28221952,47139560,2053451464,58096/8388608,58096
89700000,28221952,55247264,2053451464,58064/8388608,58064
89800000,28221952,63350792,2053451464,58080/8388608,58080
89900000,28221952,71457792,2053451464,58096/8388608,58096
90000000,28221952,79562440,2053451464,58096/8388608,58096
90100000,28221952,87666888,2053451464,58096/8388608,58096
90200000,28521032,30759464,2077614245,53904/8388608,53904
90300000,28521032,38864904,2077614245,58064/8388608,58064
90400000,28521032,46969272,2077614245,58064/8388608,58064
90500000,28521032,55075856,2077614245,58064/8388608,58064
90600000,28521032,63183016,2077614245,58064/8388608,58064
90700000,28521032,71292480,2077614245,53904/8388608,53904
90800000,28521032,79398448,2077614245,53888/8388608,53888
90900000,28521032,87503368,2077614245,58064/8388608,58064
91000000,28521032,95609856,2077614245,58016/8388608,58016
91100000,28820208,38703376,2101778009,53904/8388608,53904
91200000,28820208,46809376,2101778009,58048/8388608,58048
91300000,28820208,54917712,2101778009,58048/8388608,58048
91400000,28820208,63025304,2101778009,58032/8388608,58032
91500000,28820208,71132432,2101778009,58048/8388608,58048
91600000,28820208,79239920,2101778009,58032/8388608,58032
91700000,28820208,87345160,2101778009,58016/8388608,58016
91800000,29119336,30438968,2125933337,58016/8388608,58016
91900000,29119336,38545616,2125933337,58032/8388608,58032
92000000,29119336,46651576,2125933337,58032/8388608,58032
92100000,29119336,54758128,2125933337,58032/8388608,58032
92200000,29119336,62867160,2125933337,58032/8388608,58032
92300000,29119336,70974496,2125933337,58032/8388608,58032
92400000,29119336,79082544,2125933337,58032/8388608,58032
92500000,29119336,87187760,2125933337,58032/8388608,58032
92600000,29119336,95294552,2125933337,58032/8388608,58032
92700000,29418416,38388704,2150092825,58032/8388608,53872
92800000,29418416,46493712,2150092825,58032/8388608,58032
92900000,29418416,54598440,2150092825,53872/8388608,58032
93000000,29418416,62705240,2150092825,58032/8388608,58032
93100000,29418416,70810320,2150092825,58032/8388608,58032
93200000,29418416,78917216,2150092825,58032/8388608,58032
93300000,29418416,87025736,2150092825,58032/8388608,58032
93400000,29717448,30119096,2174251988,58032/8388608,58032
93500000,29717448,38223664,2174251988,58032/8388608,58032
93600000,29717448,46332008,2174251988,58032/8388608,58032
93700000,29717448,54437328,2174251988,58032/8388608,58032
93800000,29717448,62543496,2174251988,58032/8388608,58032
93900000,30016560,5635632,2198413800,58048/8388608,58048
94000000,30016560,13740360,2198413800,58032/8388608,58032
94100000,30016560,21850288,2198413800,58016/8388608,58016
94200000,30016560,29955384,2198413800,58048/8388608,58048
94300000,30016560,38061568,2198413800,58048/8388608,58048
94400000,30016560,46170592,2198413800,58016/8388608,58016
94500000,30016560,54276592,2198413800,0/8388608,0
94600000,29207168,62383232,2135460821,8320/8388608,8320
94700000,29207168,70491048,2135460821,8320/8388608,8320
94800000,29207168,78598504,2135460821,8320/8388608,8320
94900000,29207168,86705408,2135460821,4160/8388608,4160
95000000,29506328,29797272,2159618568,8320/8388608,8320
95100000,29506328,37905696,2159618568,8320/8388608,8320
95200000,29506328,46013376,2159618568,8320/8388608,8320
95300000,29506328,54118568,2159618568,4160/8388608,8320
95400000,29506328,62226680,2159618568,8320/8388608,8320
95500000,29506328,70331992,2159618568,8320/8388608,8320
95600000,29506328,78440392,2159618568,8320/8388608,8320
95700000,29506328,86544384,2159618568,0/8388608,0
95800000,29570160,29637064,2155308129,8320/8388608,8320
95900000,29570160,37743936,2155308129,8320/8388608,8320
96000000,29570160,45851400,2155308129,8320/8388608,8320
96100000,29570160,53957696,2155308129,8320/8388608,8320
96200000,29570160,62067064,2155308129,8320/8388608,8320
96300000,29570160,70174600,2155308129,8320/8388608,8320
96400000,29570160,78282800,2155308129,8320/8388608,8320
96500000,29570160,86389920,2155308129,8320/8388608,8320
96600000,29869224,29482088,2179463405,8320/8388608,8320
96700000,29869224,37590560,2179463405,8320/8388608,4160
96800000,29869224,45697464,2179463405,8320/8388608,4160
96900000,29869224,53804416,2179463405,0/8388608,4160
97000000,29869224,61911176,2179463405,0/8388608,0
97100000,29669112,70017344,2288589641,8320/8388608,8320
97200000,29669112,78125504,2288589641,8320/8388608,8320
97300000,29669112,86231976,2153353334,8320/8388608,8320
97400000,29968288,29323992,2177514458,8320/8388608,8320
97500000,29968288,37431296,2177514458,8320/8388608,8320
97600000,29968288,45538360,2177514458,8320/8388608,8320
97700000,29968288,53644992,2177514458,8320/8388608,8320
97800000,29968288,61752232,2177514458,8320/8388608,8320
97900000,29968288,69858208,2177514458,8320/8388608,4160
98000000,29968288,77966704,2177514458,8320/8388608,8320
98100000,29968288,86072984,2177514458,4160/8388608,4160
98200000,30267288,29163240,2201667473,0/8388608,0
98300000,30021672,37269440,2172579096,58112/8388608,58112
98400000,30021672,45375528,2172579096,58112/8388608,58112
98500000,30021672,53483216,2172579096,58096/8388608,58096
98600000,30021672,61587944,2172579096,53952/8388608,53952
98700000,30021672,69695296,2172579096,58112/8388608,58112
98800000,30021672,77801072,2172579096,53936/8388608,53936
98900000,30021672,85909528,2172579096,58096/8388608,58096
99000000,30021672,94015392,2172579096,58096/8388608,58096
99100000,30320784,37107184,2196734853,58064/8388608,58064
99200000,30320784,45215320,2196734853,58064/8388608,58064
99300000,30320784,53321440,2196734853,58064/8388608,58064
99400000,30320784,61427784,2196734853,58064/8388608,58064
99500000,30320784,69535712,2196734853,58080/8388608,58080
99600000,30320784,77642512,2196734853,53920/8388608,58080
99700000,30320784,85748376,2196734853,58080/8388608,58080
99800000,30320784,93852360,2196734853,58080/8388608,58080
99900000,30619864,36945072,2220894922,58032/8388608,58032
100000000,30619864,45049936,2220894922,58032/8388608,58032
100100000,30619864,53155792,2220894922,58032/8388608,58032
100200000,30619864,61261832,2220894922,58032/8388608,58032
100300000,30619864,69369456,2220894922,58032/8388608,58032
100400000,30619864,77474872,2220894922,53872/8388608,53872
100500000,30619864,85580912,2220894922,58016/8388608,58016
100600000,30619864,93687704,2220894922,58016/8388608,58016
100700000,30919072,36777952,2245058949,53872/8388608,53872
100800000,30919072,44883976,2245058949,58032/8388608,58032
100900000,30919072,52990736,2245058949,53872/8388608,53872
101000000,30919072,61097200,2245058949,58032/8388608,58032
101100000,30919072,69202960,2245058949,53872/8388608,53872
101200000,30919072,77308184,2245058949,58016/8388608,58016
101300000,30919072,85414768,2245058949,58016/8388608,58016
101400000,31218104,28508536,2269235221,58016/8388608,58016
101500000,31218104,36616000,2269235221,58048/8388608,58048
101600000,31218104,44723544,2269235221,58016/8388608,58016
101700000,31218104,52834256,2269235221,58032/8388608,58032
101800000,31218104,60942984,2269235221,53856/8388608,53856
101900000,31218104,69049248,2269235221,58032/8388608,58032
102000000,31218104,77157264,2269235221,58032/8388608,58032
102100000,31218104,85264392,2269235221,53872/8388608,53872
102200000,31517232,28356216,2293391914,58032/8388608,58032
102300000,31517232,36462432,2293391914,58016/8388608,58016
102400000,31517232,44567496,2293391914,58032/8388608,58032
102500000,31517232,52676608,2293391914,58032/8388608,58032
102600000,31517232,60781976,2293391914,58032/8388608,58032
102700000,31517232,68889392,2293391914,58032/8388608,58032
102800000,31517232,76997968,2293391914,58032/8388608,58032
102900000,31517232,85107704,2293391914,53888/8388608,53888
103000000,31816344,28201336,2317547879,58016/8388608,58016
103100000,31816344,36306608,2317547879,58032/8388608,58032
103200000,31816344,44414424,2317547879,58032/8388608,53872
103300000,31816344,52519712,2317547879,58032/8388608,58032
103400000,31816344,60624968,2317547879,58032/8388608,58032
103500000,31816344,68735280,2317547879,58032/8388608,58032
103600000,31816344,76840032,2317547879,58032/8388608,58032
103700000,31816344,84946720,2317547879,53872/8388608,53872
103800000,32115296,28039416,2341707908,58032/8388608,58032
103900000,32115296,36145296,2341707908,58032/8388608,58032
104000000,32115296,44252472,2341707908,58032/8388608,58032
104100000,32115296,52357456,2341707908,58016/8388608,58016
104200000,32115296,60464312,2341707908,58016/8388608,58016
104300000,32115296,68571840,2341707908,58016/8388608,58016
104400000,32414376,11663424,2365870161,58032/8388608,58032
104500000,32414376,19771280,2365870161,58048/8388608,58048
104600000,32414376,27878176,2365870161,58032/8388608,58032
104700000,32414376,35984800,2365870161,58032/8388608,58032
104800000,31556624,44093032,2298098089,8320/8388608,8320
104900000,31556624,52201112,2298098089,8320/8388608,8320
105000000,31556624,60308264,2298098089,4160/8388608,4160
105100000,31556624,68414784,2298098089,8320/8388608,8320
105200000,31556624,76520528,2298098089,8320/8388608,8320
105300000,31556624,84627896,2298098089,8320/8388608,8320
105400000,31855672,27721016,2322258959,8320/8388608,8320
105500000,31855672,35827456,2322258959,8320/8388608,8320
105600000,31855672,43934680,2322258959,4160/8388608,8320
105700000,31855672,52044208,2322258959,8320/8388608,8320
105800000,31855672,60149816,2322258959,4160/8388608,4160
105900000,31855672,68257200,2322258959,0/8388608,0
106000000,31619832,76365456,2428943351,4176/8388608,4176
106100000,31619832,84471520,2428943351,8336/8388608,8336
106200000,31918992,27564504,2317868443,4160/8388608,4160
106300000,31918992,35669280,2317868443,8320/8388608,8320
106400000,31918992,43776136,2317868443,8320/8388608,8320
106500000,31918992,51884880,2317868443,8320/8388608,8320
106600000,31918992,59991160,2317868443,8320/8388608,8320
106700000,31918992,68099184,2317868443,8320/8388608,8320
106800000,31918992,76205208,2317868443,4160/8388608,4160
106900000,31918992,84310264,2317868443,4160/8388608,4160
107000000,32218088,27402600,2342032038,4160/8388608,4160
107100000,32218088,35508576,2342032038,0/8388608,0
107200000,32218088,43618040,2342032038,0/8388608,0
107300000,32073656,51724656,2319587349,8320/8388608,8320
107400000,32073656,59831416,2319587349,4160/8388608,8320
107500000,32073656,67940336,2319587349,8320/8388608,8320
107600000,32073656,76048472,2319587349,8320/8388608,8320
107700000,32073656,84154104,2319587349,8320/8388608,8320
107800000,32372688,27247640,2343749787,8320/8388608,8320
107900000,32372688,35355288,2343749787,8320/8388608,8320
108000000,32372688,43461912,2343749787,4160/8388608,4160
108100000,32372688,51567560,2343749787,0/8388608,0
108200000,32372688,59674248,2343749787,4160/8388608,4160
108300000,32372688,67782720,2343749787,4160/8388608,0
108400000,32372688,75892224,2343749787,0/8388608,0
108500000,32372688,83999192,2343749787,0/8388608,0
108600000,32581576,27091320,2349092192,53888/8388608,53888
108700000,32581576,35198224,2349092192,53888/8388608,53888
108800000,32581576,43302712,2349092192,53888/8388608,53888
108900000,32581576,51407616,2349092192,53888/8388608,53888
109000000,32581576,59517240,2349092192,53872/8388608,53872
109100000,32581576,67624480,2349092192,53888/8388608,53888
109200000,32581576,75732096,2349092192,53888/8388608,53888
109300000,32581576,83837720,2349092192,53904/8388608,53904
109400000,32880672,26929976,2373255615,53888/8388608,49728
109500000,32880672,35037272,2373255615,53888/8388608,53888
109600000,32880672,43144472,2373255615,53888/8388608,53888
109700000,32880672,51250552,2373255615,53888/8388608,53888
109800000,32880672,59358376,2373255615,53888/8388608,53888
109900000,32880672,67464544,2373255615,53888/8388608,53888
110000000,32880672,75571024,2373255615,49728/8388608,49728
110100000,32880672,83680312,2373255615,53888/8388608,53888
110200000,33179768,26773336,2397416834,53888/8388608,53888
110300000,33179768,34877744,2397416834,53888/8388608,53888
110400000,33179768,42983640,2397416834,53888/8388608,53888
110500000,33179768,51090592,2397416834,53888/8388608,53888
110600000,33179768,59195544,2397416834,53888/8388608,53888
110700000,33179768,67305976,2397416834,53888/8388608,49728
110800000,33179768,75412592,2397416834,53888/8388608,53888
110900000,33179768,83517672,2397416834,53888/8388608,53888
111000000,33478896,26612664,2421576241,53888/8388608,53888
111100000,33478896,34719248,2421576241,53888/8388608,53888
111200000,33478896,42826824,2421576241,53888/8388608,53888
111300000,33478896,50933144,2421576241,53888/8388608,53888
111400000,33478896,59039360,2421576241,53888/8388608,53888
111500000,33478896,67145736,2421576241,53888/8388608,53888
111600000,33478896,75253384,2421576241,53888/8388608,53888
111700000,33478896,83361984,2421576241,53888/8388608,53888
111800000,33777976,26456520,2445722092,49744/8388608,53888
111900000,33777976,34561056,2445722092,53888/8388608,53888
112000000,33777976,42667344,2445722092,53888/8388608,53888
112100000,33777976,50773136,2445722092,53888/8388608,53888
112200000,33777976,58880248,2445722092,53888/8388608,53888
112300000,33777976,66989264,2445722092,53872/8388608,53872
112400000,33777976,75092960,2445722092,53888/8388608,53888
112500000,33777976,83202312,2445722092,53888/8388608,53888
112600000,34077024,26292568,2469879261,53888/8388608,53888
112700000,34077024,34399776,2469879261,53888/8388608,53888
112800000,34077024,42508128,2469879261,53888/8388608,53888
112900000,34077024,50613952,2469879261,49744/8388608,49744
113000000,34077024,58718848,2469879261,53888/8388608,53888
113100000,34077024,66827568,2469879261,53888/8388608,53888
113200000,34077024,74935008,2469879261,49744/8388608,49744
113300000,34077024,83041360,2469879261,53888/8388608,53888
113400000,34376104,26133448,2494039660,53888/8388608,53888
113500000,34376104,34240096,2494039660,53888/8388608,53888
113600000,34376104,42345000,2494039660,49744/8388608,49744
113700000,34376104,50450560,2494039660,53888/8388608,53888
113800000,34376104,58558016,2494039660,53872/8388608,53872
113900000,34376104,66663448,2494039660,53888/8388608,53888
114000000,34376104,74769416,2494039660,53888/8388608,53888
114100000,34376104,82875544,2494039660,53888/8388608,53888
114200000,34675136,25967704,2518198210,53888/8388608,53888
114300000,34675136,34075952,2518198210,53888/8388608,53888
114400000,34675136,42185840,2518198210,53888/8388608,53888
114500000,34675136,50292552,2518198210,53888/8388608,53888
114600000,34675136,58399648,2518198210,53888/8388608,53888
114700000,34675136,66506496,2518198210,53888/8388608,53888
114800000,34974248,9600160,2542355112,53872/8388608,53872
114900000,34974248,17705056,2542355112,53888/8388608,53888
115000000,34974248,25813224,2542355112,53904/8388608,53904
115100000,34974248,33920808,2542355112,0/8388608,0
115200000,34153152,42029752,2477949126,8320/8388608,8320
115300000,34153152,50134928,2477949126,8320/8388608,8320
115400000,34153152,58242064,2477949126,8320/8388608,8320
115500000,34153152,66348792,2477949126,8320/8388608,8320
115600000,34153152,74456296,2477949126,8320/8388608,8320
115700000,34153152,82564936,2477949126,8320/8388608,8320
115800000,34153152,90672256,2477949126,8320/8388608,8320
115900000,34153152,98778544,2477949126,8320/8388608,8320
116000000,34452200,41871248,2502105729,8320/8388608,8320
116100000,34452200,49977248,2502105729,0/8388608,0
116200000,34244256,58083280,2472887434,8320/8388608,8320
116300000,34244256,66191424,2472887434,8320/8388608,8320
116400000,34244256,74300848,2472887434,8320/8388608,8320
116500000,34244256,82408856,2472887434,8320/8388608,8320
116600000,34543400,25503928,2497043557,8320/8388608,8320
116700000,34543400,33610224,2497043557,8320/8388608,8320
116800000,34543400,41716256,2497043557,8320/8388608,8320
116900000,34543400,49822648,2497043557,4160/8388608,4160
117000000,34543400,57931952,2497043557,8320/8388608,8320
117100000,34543400,66039704,2497043557,4160/8388608,4160
117200000,34543400,74145200,2497043557,4160/8388608,0
117300000,34543400,82252248,2497043557,4160/8388608,4160
117400000,34842464,25346072,2521198834,0/8388608,0
117500000,34608040,33451856,2492643904,0/8388608,0
117600000,34608040,41558928,2492643904,4160/8388608,4160
117700000,34608040,49666136,2492643904,8320/8388608,8320
117800000,34608040,57769968,2492643904,8320/8388608,8320
117900000,34608040,65877808,2492643904,8320/8388608,8320
118000000,34608040,73984080,2492643904,8320/8388608,4160
118100000,34608040,82091672,2492643904,8320/8388608,8320
118200000,34608040,90198080,2492643904,8320/8388608,8320
118300000,34907104,33292496,2516818173,8320/8388608,4160
118400000,34907104,41399104,2516818173,8320/8388608,8320
118500000,34907104,49507704,2516818173,4160/8388608,4160
118600000,34907104,57615768,2516818173,8320/8388608,8320
118700000,34907104,65723280,2516818173,8320/8388608,8320
118800000,34907104,73830720,2516818173,4160/8388608,4160
118900000,34907104,81937328,2516818173,0/8388608,0
119000000,34907104,90043800,2516818173,0/8388608,0
119100000,34888528,33135704,2507147651,58112/8388608,58112
119200000,34888528,41242432,2507147651,58112/8388608,53952
119300000,34888528,49349624,2507147651,58112/8388608,58112
119400000,34888528,57456560,2507147651,53936/8388608,53936
119500000,34888528,65563152,2507147651,58128/8388608,58128
119600000,34888528,73671416,2507147651,58128/8388608,58128
119700000,34888528,81779832,2507147651,58128/8388608,58128
119800000,34888528,89886768,2507147651,58128/8388608,58128
119900000,35187656,32980536,2531303451,53904/8388608,58048
120000000,35187656,41087504,2531303451,58048/8388608,58048
120100000,35187656,49194280,2531303451,58064/8388608,58064
120200000,35187656,57300640,2531303451,58064/8388608,58064
120300000,35187656,65407128,2531303451,58064/8388608,58064
120400000,35187656,73514552,2531303451,53888/8388608,53888
120500000,35187656,81621256,2531303451,58048/8388608,58048
120600000,35187656,89724584,2531303451,58048/8388608,58048
120700000,35486720,32816992,2555461811,58016/8388608,58016
120800000,35486720,40925864,2555461811,58016/8388608,58016
120900000,35486720,49032824,2555461811,53888/8388608,53888
121000000,35486720,57139424,2555461811,58032/8388608,58032
121100000,35486720,65246080,2555461811,58032/8388608,58032
121200000,35486720,73352776,2555461811,58032/8388608,58032
121300000,35486720,81458000,2555461811,58032/8388608,58032
121400000,35785928,24551424,2579620858,53888/8388608,53888
121500000,35785928,32658456,2579620858,58016/8388608,58016
121600000,35785928,40765392,2579620858,58016/8388608,58016
121700000,35785928,48871432,2579620858,53888/8388608,58032
121800000,35785928,56978160,2579620858,58032/8388608,58032
121900000,35785928,65083456,2579620858,58032/8388608,58032
122000000,35785928,73188384,2579620858,58032/8388608,58032
122100000,35785928,81294472,2579620858,58032/8388608,58032
122200000,36085072,24384624,2603782170,58032/8388608,58032
122300000,36085072,32490488,2603782170,58032/8388608,58032
122400000,36085072,40594872,2603782170,53856/8388608,53856
122500000,36085072,48701328,2603782170,58032/8388608,58032
122600000,36085072,56808176,2603782170,58032/8388608,58032
122700000,36085072,64913312,2603782170,58032/8388608,58032
122800000,36085072,73019376,2603782170,58032/8388608,58032
122900000,36085072,81127112,2603782170,58032/8388608,58032
123000000,36384200,24219072,2627946605,58032/8388608,58032
123100000,36384200,32325656,2627946605,58016/8388608,58016
123200000,36384200,40431720,2627946605,58032/8388608,58032
123300000,36384200,48539368,2627946605,58032/8388608,58032
123400000,36384200,56645456,2627946605,58032/8388608,58032
123500000,36384200,64750632,2627946605,58032/8388608,53872
123600000,36384200,72857272,2627946605,58032/8388608,58032
123700000,36384200,80964968,2627946605,58016/8388608,58016
123800000,36683248,24058288,2652106685,58032/8388608,58032
123900000,36683248,32165744,2652106685,58032/8388608,58032
124000000,36683248,40271808,2652106685,58032/8388608,58032
124100000,36683248,48375808,2652106685,58032/8388608,58032
124200000,36683248,56483024,2652106685,53856/8388608,53856
124300000,36683248,64588872,2652106685,58032/8388608,58032
124400000,36982296,7681832,2676268699,53856/8388608,53856
124500000,36982296,15788952,2676268699,53856/8388608,53856
124600000,36982296,23897408,2676268699,58016/8388608,58016
124700000,36982296,32003640,2676268699,58016/8388608,58016
124800000,36982296,40111144,2676268699,53872/8388608,53872
124900000,36057440,48217896,2603458459,8320/8388608,8320
125000000,36057440,56325600,2603458459,8320/8388608,8320
