opseq,index_size,memtable_size,sst_size,block_cache/block_cache_capacity,block_cache_pinned_usage
100,0,420720,0,0/8388608,0
200,0,835168,0,0/8388608,0
300,0,1249776,0,0/8388608,0
400,0,1664320,0,0/8388608,0
500,0,2078816,0,0/8388608,0
600,0,2493328,0,0/8388608,0
700,0,2907760,0,0/8388608,0
800,0,3322256,0,0/8388608,0
900,0,3736736,0,0/8388608,0
1000,0,4151296,0,0/8388608,0
1500,0,6223808,0,0/8388608,0
2000,0,8296240,0,0/8388608,0
2500,0,10376216,0,0/8388608,0
3000,0,12448696,0,0/8388608,0
3500,0,14521320,0,0/8388608,0
4000,0,16593840,0,0/8388608,0
4500,0,18673400,0,0/8388608,0
5000,0,20745896,0,0/8388608,0
6000,0,24890936,0,0/8388608,0
7000,0,29043248,0,0/8388608,0
8000,0,33188424,0,0/8388608,0
9000,0,37340536,0,0/8388608,0
10000,0,41485496,0,0/8388608,0
15000,0,62232664,0,0/8388608,0
20000,0,82978432,0,0/8388608,0
25000,0,103718352,0,0/8388608,0
30000,0,124465376,0,0/8388608,0
35000,444392,80149224,35927138,0/8388608,0
40000,444392,100884056,35927138,0/8388608,0
45000,444392,121615352,35927138,0/8388608,0
50000,889744,77301696,71930941,0/8388608,0
60000,889744,118768168,71930941,0/8388608,0
70000,1334376,95219408,107876595,0/8388608,0
80000,1780544,71669680,143945684,12672/8388608,12672
90000,1780544,113135984,143945684,16896/8388608,16896
100000,2225240,89586824,179907440,16896/8388608,16896
150000,3558640,101874984,287744868,0/8388608,0
200000,4816496,114159680,389017044,21120/8388608,21120
250000,6150344,126447792,496889971,16896/8388608,16896
300000,7653152,73720480,617719312,33792/8388608,33792
350000,8989224,86005176,725771246,33792/8388608,33792
400000,10323376,98290656,833669890,33792/8388608,33792
450000,11658200,110578496,941621499,33792/8388608,33792
