opseq,index_size,memtable_size,sst_size,block_cache/block_cache_capacity,block_cache_pinned_usage
100,0,419368,0,0/8388608,0
200,0,832600,0,0/8388608,0
300,0,1245880,0,0/8388608,0
400,0,1659064,0,0/8388608,0
500,0,2072168,0,0/8388608,0
600,0,2485400,0,0/8388608,0
700,0,2898600,0,0/8388608,0
800,0,3311896,0,0/8388608,0
900,0,3725032,0,0/8388608,0
1000,0,4138296,0,0/8388608,0
1500,0,6204248,0,0/8388608,0
2000,0,8270408,0,0/8388608,0
2500,0,10341304,0,0/8388608,0
3000,0,12407536,0,0/8388608,0
3500,0,14473728,0,0/8388608,0
4000,0,16539776,0,0/8388608,0
4500,0,18613720,0,0/8388608,0
5000,0,20679872,0,0/8388608,0
6000,0,24812032,0,0/8388608,0
7000,0,28948392,0,0/8388608,0
8000,0,33081088,0,0/8388608,0
9000,0,37217800,0,0/8388608,0
10000,0,41349856,0,0/8388608,0
15000,0,62023344,0,0/8388608,0
20000,0,82707504,0,0/8388608,0
25000,0,103381584,0,0/8388608,0
30000,0,124063520,0,0/8388608,0
35000,443976,79682280,36541642,0/8388608,0
40000,443976,100344632,36541642,0/8388608,0
45000,443976,121014088,36541642,0/8388608,0
50000,887920,76633840,73078477,0/8388608,0
60000,887920,117969624,73078477,0/8388608,0
70000,1331960,94279176,109624397,0/8388608,0
80000,1775712,70596592,146149272,12672/8388608,16896
90000,1775712,111927952,146149272,16896/8388608,16896
100000,2219400,88242216,182681903,16896/8388608,16896
150000,3550960,99853800,292320021,0/8388608,0
200000,4899040,111465088,401318909,16896/8388608,21120
250000,6230808,123081912,510961600,21120/8388608,21120
300000,8018232,69666448,654573565,38016/8388608,38016
350000,9350368,81273720,764253803,38016/8388608,38016
400000,10682136,92865512,873905912,38016/8388608,38016
450000,12013664,104460768,983534726,38016/8388608,38016
500000,13303752,116086008,1082691558,59184/8388608,59184
600000,16854520,9275168,1375042123,59136/8388608,59136
700000,18817088,97481104,1525495864,42240/8388608,42240
800000,21772112,55685488,1761858164,0/8388608,0
900000,24435008,78893936,1981097657,54912/8388608,54912
1000000,26770032,102110080,2163447326,46480/8388608,46480
1100000,29433680,125320992,2382767615,46464/8388608,46464
1200000,32245456,83526760,2606393008,63360/8388608,63360
1300000,34966640,41730072,2819029863,0/8388608,0
1400000,37111608,129944368,2995692821,8448/8388608,8448
1500000,40512568,23117992,3275832723,80256/8388608,80256
1600000,42018376,111321072,3385541067,8448/8388608,8448
1700000,45051632,69559752,3635344161,8448/8388608,8448
1800000,47965992,27792112,3875469275,88704/8388608,88704
1900000,49081744,116027168,3952124655,8448/8388608,8448
2000000,52066104,74216552,4198008212,0/8388608,0
2100000,54671224,32416112,4413047175,92928/8388608,92928
2200000,55589448,120664168,4472933947,8448/8388608,8448
2300000,58424064,78877824,4706726222,8448/8388608,8448
2400000,60997072,102093160,4918688423,8448/8388608,8448
2500000,61865448,125291984,4975418982,8448/8388608,8448
2600000,64677264,83493736,5207405870,8448/8388608,8448
2700000,67075536,106712912,5405261711,8448/8388608,8448
2800000,69423544,64917072,5599747115,92928/8388608,97152
2900000,70636400,88117640,5683493679,8448/8388608,8448
3000000,73136560,111341272,5889621821,4224/8388608,4224
3100000,76265608,4539312,6147905718,8448/8388608,8448
3200000,76260816,92770416,6132598610,8448/8388608,8448
3300000,78527792,115990232,6319945160,8448/8388608,8448
3400000,81447368,74191904,6560660239,8448/8388608,8448
3500000,82934664,32378704,6685914794,97152/8388608,97152
3600000,83573160,120626464,6722490942,8448/8388608,8448
3700000,86421760,78829088,6957483870,8448/8388608,8448
3800000,88540696,37048208,7133689804,4224/8388608,8448
3900000,88381704,125276072,7106225521,4224/8388608,8448
4000000,91191376,83485296,7338111635,8448/8388608,8448
4100000,93541296,106709008,7532169618,8448/8388608,4224
4200000,94294280,64908032,7598364125,97152/8388608,97152
4300000,95285264,88105488,7664273240,8448/8388608,4224
4400000,97722560,111345456,7865345100,8448/8388608,8448
4500000,99401472,4535264,8006926748,8448/8388608,4224
4600000,99637448,92762288,8010574966,4224/8388608,4224
4700000,101953000,115978008,8201861086,8448/8388608,8448
4800000,104440208,74163048,8407796531,8448/8388608,8448
