opseq,index_size,memtable_size,sst_size,block_cache/block_cache_capacity,block_cache_pinned_usage
100,0,11392,0,0/8388608,0
200,0,17920,0,0/8388608,0
300,0,24472,0,0/8388608,0
400,0,31008,0,0/8388608,0
500,0,37536,0,0/8388608,0
600,0,44032,0,0/8388608,0
700,0,50488,0,0/8388608,0
800,0,56984,0,0/8388608,0
900,0,63424,0,0/8388608,0
1000,0,69944,0,0/8388608,0
1500,0,102368,0,0/8388608,0
2000,0,134856,0,0/8388608,0
2500,0,167320,0,0/8388608,0
3000,0,199760,0,0/8388608,0
3500,0,232336,0,0/8388608,0
4000,0,264776,0,0/8388608,0
4500,0,297216,0,0/8388608,0
5000,0,329712,0,0/8388608,0
6000,0,394760,0,0/8388608,0
7000,0,459936,0,0/8388608,0
8000,0,524848,0,0/8388608,0
9000,0,589792,0,0/8388608,0
10000,0,654976,0,0/8388608,0
15000,0,980176,0,0/8388608,0
20000,0,1305584,0,0/8388608,0
25000,0,1630592,0,0/8388608,0
30000,0,1955936,0,0/8388608,0
35000,0,2281024,0,0/8388608,0
40000,0,2606248,0,0/8388608,0
45000,0,2931728,0,0/8388608,0
50000,0,3257376,0,0/8388608,0
60000,0,3908096,0,0/8388608,0
70000,0,4558512,0,0/8388608,0
80000,0,5209112,0,0/8388608,0
90000,0,5859456,0,0/8388608,0
100000,0,6510160,0,0/8388608,0
150000,0,9765576,0,0/8388608,0
200000,0,13017912,0,0/8388608,0
250000,0,16271600,0,0/8388608,0
300000,0,19528840,0,0/8388608,0
350000,0,22781384,0,0/8388608,0
400000,0,26038088,0,0/8388608,0
450000,0,29292040,0,0/8388608,0
500000,0,32543368,0,0/8388608,0
600000,0,39055816,0,0/8388608,0
700000,0,45570088,0,0/8388608,0
800000,0,52082800,0,0/8388608,0
900000,0,58590392,0,0/8388608,0
1000000,0,65106424,0,0/8388608,0
1100000,0,71612584,0,0/8388608,0
1200000,0,78122608,0,0/8388608,0
1300000,0,84631936,0,0/8388608,0
1400000,258808,26093920,28767692,0/8388608,0
1500000,258808,32600896,28767692,0/8388608,0
1600000,258808,39109936,28767692,0/8388608,0
1700000,258808,45617184,28767692,0/8388608,0
1800000,258808,52123304,28767692,0/8388608,0
1900000,258808,58629960,28767692,0/8388608,0
2000000,258808,65138024,28767692,0/8388608,0
2100000,258808,71645792,28767692,0/8388608,0
2200000,258808,78150752,28767692,0/8388608,0
2300000,517488,19631008,57500668,0/8388608,0
2400000,517488,26138216,57500668,0/8388608,0
2500000,517488,32645168,57500668,0/8388608,0
2600000,517488,39152384,57500668,0/8388608,0
2700000,517488,45659336,57500668,0/8388608,0
2800000,517488,52163264,57500668,0/8388608,0
2900000,517488,58670176,57500668,0/8388608,0
3000000,517488,65174616,57500668,0/8388608,0
3100000,517488,71682936,57500668,0/8388608,0
3200000,517488,78190680,57500668,0/8388608,0
3300000,776344,19682592,86241595,0/8388608,0
3400000,776344,26189224,86241595,0/8388608,0
3500000,776344,32694120,86241595,0/8388608,0
3600000,776344,39199616,86241595,0/8388608,0
3700000,776344,45706040,86241595,0/8388608,0
3800000,776344,52213408,86241595,0/8388608,0
3900000,776344,58720704,86241595,0/8388608,0
4000000,776344,65229600,86241595,0/8388608,0
4100000,776344,71735960,86241595,0/8388608,0
4200000,776344,78243264,86241595,0/8388608,0
4300000,1035216,19738096,114976924,16704/8388608,16704
4400000,1035216,26243384,114976924,16704/8388608,16704
4500000,1035216,32752312,114976924,16640/8388608,16640
4600000,1035216,39258032,114976924,16672/8388608,16672
4700000,1035216,45766280,114976924,16640/8388608,16640
4800000,1035216,52274176,114976924,16672/8388608,16672
4900000,1035216,58781752,114976924,16672/8388608,16672
5000000,1035216,65288952,114976924,16640/8388608,16640
5100000,1035216,71797488,114976924,16704/8388608,16704
5200000,1035216,78305568,114976924,12496/8388608,12496
5300000,1035216,84811656,114976924,0/8388608,0
5400000,1289992,26301944,123897251,0/8388608,0
5500000,1289992,32806808,123897251,0/8388608,0
5600000,1289992,39315104,123897251,0/8388608,0
5700000,1289992,45822512,123897251,0/8388608,0
5800000,1289992,52329440,123897251,0/8388608,0
5900000,1289992,58833584,123897251,0/8388608,0
6000000,1289992,65342080,123897251,0/8388608,0
6100000,1289992,71849152,123897251,0/8388608,0
6200000,1289992,78354960,123897251,0/8388608,0
6300000,1548816,19850224,152634272,0/8388608,0
6400000,1548816,26358616,152634272,0/8388608,0
6500000,1548816,32865096,152634272,0/8388608,0
6600000,1548816,39372544,152634272,0/8388608,0
6700000,1548816,45877984,152634272,0/8388608,0
6800000,1548816,52383264,152634272,0/8388608,0
6900000,1548816,58890552,152634272,0/8388608,0
7000000,1548816,65396064,152634272,0/8388608,0
7100000,1548816,71899152,152634272,0/8388608,0
7200000,1548816,78405008,152634272,0/8388608,0
7300000,1807640,19898848,181375532,0/8388608,0
7400000,1807640,26405824,181375532,0/8388608,0
7500000,1807640,32912632,181375532,0/8388608,0
7600000,1807640,39419104,181375532,0/8388608,0
7700000,1807640,45925256,181375532,0/8388608,0
7800000,1807640,52430192,181375532,0/8388608,0
7900000,1807640,58938152,181375532,0/8388608,0
8000000,1807640,65445448,181375532,0/8388608,0
8100000,1807640,71950752,181375532,0/8388608,0
8200000,1807640,78456320,181375532,0/8388608,0
8300000,2066416,19949840,210115025,20880/8388608,20880
8400000,2066416,26457784,210115025,20800/8388608,16656
8500000,2066416,32968648,210115025,16640/8388608,20784
8600000,2066416,39474576,210115025,20816/8388608,20816
8700000,2066416,45978808,210115025,20816/8388608,20816
8800000,2066416,52484400,210115025,20784/8388608,20784
8900000,2066416,58990280,210115025,20784/8388608,20784
9000000,2066416,65498280,210115025,20752/8388608,20752
9100000,2066416,72004528,210115025,20848/8388608,20848
9200000,2066416,78511424,210115025,20752/8388608,20752
9300000,2325224,20005816,238855922,20752/8388608,20752
9400000,2325224,26511432,238855922,20816/8388608,20816
9500000,2325224,33015400,238855922,20784/8388608,20784
9600000,2325224,39519088,238855922,20784/8388608,20784
9700000,2325224,46028504,238855922,20848/8388608,20848
9800000,2325224,52537088,238855922,20752/8388608,20752
9900000,2325224,59042440,238855922,20816/8388608,20816
10000000,2325224,65550016,238855922,0/8388608,0
10100000,2325224,72058672,238855922,0/8388608,0
10200000,2275776,78563504,425485136,0/8388608,0
10300000,2534488,20057640,244113738,0/8388608,0
10400000,2534488,26563904,244113738,0/8388608,0
10500000,2534488,33072696,244113738,0/8388608,0
10600000,2534488,39578736,244113738,0/8388608,0
10700000,2534488,46086200,244113738,0/8388608,0
10800000,2534488,52592624,244113738,0/8388608,0
10900000,2534488,59100296,244113738,0/8388608,0
11000000,2534488,65609096,244113738,0/8388608,0
11100000,2534488,72113264,244113738,0/8388608,0
11200000,2534488,78621152,244113738,0/8388608,0
11300000,2793232,20112784,272847524,0/8388608,0
11400000,2793232,26620152,272847524,0/8388608,0
11500000,2793232,33124680,272847524,0/8388608,0
11600000,2793232,39629536,272847524,0/8388608,0
11700000,2793232,46134744,272847524,0/8388608,0
11800000,2793232,52640360,272847524,0/8388608,0
11900000,2793232,59147408,272847524,0/8388608,0
12000000,2793232,65652448,272847524,0/8388608,0
12100000,2793232,72159120,272847524,0/8388608,0
12200000,2793232,78665504,272847524,0/8388608,0
12300000,3052040,20158016,301596309,20832/8388608,20832
12400000,3052040,26665408,301596309,20896/8388608,20896
12500000,3052040,33173376,301596309,20864/8388608,20864
12600000,3052040,39681536,301596309,20864/8388608,20864
12700000,3052040,46188408,301596309,20848/8388608,20848
12800000,3052040,52693216,301596309,20800/8388608,20800
12900000,3052040,59198592,301596309,20800/8388608,20800
13000000,3052040,65705200,301596309,20880/8388608,20880
13100000,3052040,72208672,301596309,20880/8388608,20880
13200000,3052040,78714384,301596309,16672/8388608,20848
13300000,3310736,20208128,330332322,16640/8388608,20816
13400000,3310736,26713736,330332322,20832/8388608,20832
13500000,3310736,33221152,330332322,20816/8388608,20816
13600000,3310736,39727744,330332322,16608/8388608,16608
13700000,3310736,46236072,330332322,20784/8388608,20784
13800000,3310736,52740376,330332322,20816/8388608,20816
13900000,3310736,59245592,330332322,20784/8388608,20784
14000000,3310736,65753024,330332322,20848/8388608,20848
14100000,3310736,72259968,330332322,20816/8388608,20816
14200000,3310736,78767184,330332322,20880/8388608,20880
14300000,3310736,85274528,330332322,20816/8388608,20816
14400000,3569576,26766224,359072648,20848/8388608,16672
14500000,3569576,33272480,359072648,20848/8388608,20848
14600000,3569576,39781344,359072648,20848/8388608,20848
14700000,3569576,46287288,359072648,20784/8388608,20784
14800000,3569576,52795040,359072648,20880/8388608,16704
14900000,3569576,59302888,359072648,20880/8388608,20880
15000000,3497224,65808544,634391228,0/8388608,0
15100000,3497224,72314504,634391228,0/8388608,0
15200000,3497224,78819872,634391228,0/8388608,0
15300000,3756016,20314448,361536283,0/8388608,0
15400000,3756016,26822888,361536283,0/8388608,0
15500000,3756016,33330344,361536283,0/8388608,0
15600000,3756016,39836784,361536283,0/8388608,0
15700000,3756016,46344808,361536283,0/8388608,0
15800000,3756016,52854336,361536283,0/8388608,0
15900000,3756016,59361704,361536283,0/8388608,0
16000000,3756016,65869896,361536283,0/8388608,0
16100000,3756016,72377760,361536283,0/8388608,0
16200000,3756016,78884784,361536283,0/8388608,0
16300000,4014728,20377504,390272955,20896/8388608,20896
16400000,4014728,26883872,390272955,20960/8388608,16768
16500000,4014728,33390904,390272955,20928/8388608,20928
16600000,4014728,39895568,390272955,20928/8388608,20928
16700000,4014728,46402288,390272955,20928/8388608,20928
16800000,4014728,52909344,390272955,20928/8388608,20928
16900000,4014728,59418040,390272955,20896/8388608,20896
17000000,4014728,65924256,390272955,16720/8388608,16720
17100000,4014728,72429104,390272955,16704/8388608,16704
17200000,4014728,78938976,390272955,20832/8388608,20832
17300000,4273632,20431328,419028939,20832/8388608,20832
17400000,4273632,26936376,419028939,20944/8388608,20944
17500000,4273632,33444136,419028939,20880/8388608,20880
17600000,4273632,39951008,419028939,20896/8388608,20896
17700000,4273632,46459848,419028939,16736/8388608,16736
17800000,4273632,52967760,419028939,20880/8388608,20880
17900000,4273632,59474624,419028939,20880/8388608,20880
18000000,4273632,65982336,419028939,20880/8388608,20880
18100000,4273632,72490096,419028939,20880/8388608,20880
18200000,4273632,78997776,419028939,20816/8388608,20816
18300000,4532408,20489024,447778608,20816/8388608,20816
18400000,4532408,26995288,447778608,16672/8388608,20848
18500000,4532408,33503184,447778608,16672/8388608,16672
18600000,4532408,40010640,447778608,20800/8388608,20800
18700000,4532408,46517464,447778608,20832/8388608,20832
18800000,4532408,53026152,447778608,20832/8388608,20832
18900000,4532408,59534944,447778608,20848/8388608,20848
19000000,4532408,66042384,447778608,20848/8388608,20848
19100000,4532408,72548656,447778608,20880/8388608,20880
19200000,4532408,79055920,447778608,20848/8388608,20848
19300000,4532408,85561472,447778608,0/8388608,0
19400000,4713848,27054440,477322135,0/8388608,0
19500000,4713848,33561600,477322135,0/8388608,0
19600000,4713848,40067904,477322135,0/8388608,0
19700000,4713848,46575144,477322135,0/8388608,0
19800000,4713848,53083824,477322135,0/8388608,0
19900000,4713848,59590248,477322135,0/8388608,0
20000000,4713848,66097744,477322135,0/8388608,0
20100000,4713848,72605664,477322135,0/8388608,0
20200000,4713848,79111944,477322135,0/8388608,0
20300000,4972544,20605280,506075257,16640/8388608,16640
20400000,4972544,27110248,506075257,20752/8388608,16576
20500000,4972544,33615768,506075257,20816/8388608,20816
20600000,4972544,40122400,506075257,20816/8388608,20816
20700000,4972544,46627136,506075257,20848/8388608,20848
20800000,4972544,53134144,506075257,20848/8388608,20848
20900000,4972544,59641440,506075257,20848/8388608,20848
21000000,4972544,66148592,506075257,20848/8388608,20848
21100000,4972544,72654288,506075257,20864/8388608,16688
21200000,4972544,79161064,506075257,20848/8388608,20848
21300000,5231320,20651744,534832681,16640/8388608,16640
21400000,5231320,27156904,534832681,20832/8388608,20832
21500000,5231320,33661872,534832681,20784/8388608,20784
21600000,5231320,40169552,534832681,20848/8388608,20848
21700000,5231320,46677896,534832681,20816/8388608,20816
21800000,5231320,53185024,534832681,20880/8388608,20880
21900000,5231320,59691320,534832681,16672/8388608,16672
22000000,5231320,66200152,534832681,20784/8388608,20784
22100000,5231320,72705672,534832681,20784/8388608,20784
22200000,5231320,79210544,534832681,16608/8388608,16608
22300000,5490208,20704448,563591405,16672/8388608,16672
22400000,5490208,27210072,563591405,20880/8388608,20880
22500000,5490208,33714928,563591405,20816/8388608,20816
22600000,5490208,40224704,563591405,20880/8388608,20880
22700000,5490208,46731112,563591405,20816/8388608,20816
22800000,5490208,53235504,563591405,20864/8388608,20864
22900000,5490208,59742296,563591405,20848/8388608,20848
23000000,5490208,66250464,563591405,20816/8388608,20816
23100000,5490208,72757800,563591405,20848/8388608,20848
23200000,5490208,79264872,563591405,20848/8388608,20848
23300000,5749016,20759744,592351365,16704/8388608,16704
23400000,5749016,27265672,592351365,20848/8388608,20848
23500000,5749016,33770896,592351365,16640/8388608,16640
23600000,5749016,40277432,592351365,20880/8388608,20880
23700000,5659208,46783336,587102723,0/8388608,0
23800000,5659208,53288128,587102723,0/8388608,0
23900000,5659208,59794544,587102723,0/8388608,0
24000000,5659208,66303232,587102723,0/8388608,0
24100000,5659208,72812832,587102723,0/8388608,0
24200000,5659208,79321312,587102723,0/8388608,0
24300000,5917920,20813488,615858258,20816/8388608,16640
24400000,5917920,27320448,615858258,20816/8388608,20816
24500000,5917920,33828896,615858258,20848/8388608,20848
24600000,5917920,40337216,615858258,20848/8388608,20848
24700000,5917920,46844472,615858258,20816/8388608,20816
24800000,5917920,53350576,615858258,20880/8388608,20880
24900000,5917920,59860056,615858258,20848/8388608,20848
25000000,5917920,66367192,615858258,20848/8388608,16672
25100000,5917920,72874768,615858258,20848/8388608,20848
25200000,5917920,79382576,615858258,20880/8388608,20880
25300000,6176696,20873064,644608858,20832/8388608,20832
25400000,6176696,27380216,644608858,20832/8388608,20832
25500000,6176696,33888048,644608858,20832/8388608,20832
25600000,6176696,40394784,644608858,16576/8388608,16576
25700000,6176696,46901672,644608858,20784/8388608,20784
25800000,6176696,53407136,644608858,20800/8388608,20800
25900000,6176696,59914128,644608858,20816/8388608,20816
26000000,6176696,66422112,644608858,16640/8388608,16640
26100000,6176696,72930848,644608858,20848/8388608,20848
26200000,6176696,79439360,644608858,20880/8388608,20880
26300000,6435456,20931520,673363846,20784/8388608,20784
26400000,6435456,27436840,673363846,20880/8388608,20880
26500000,6435456,33944384,673363846,20816/8388608,20816
26600000,6435456,40450464,673363846,20848/8388608,16672
26700000,6435456,46955736,673363846,20880/8388608,20880
26800000,6435456,53460592,673363846,20848/8388608,20848
26900000,6435456,59964864,673363846,20816/8388608,20816
27000000,6435456,66471200,673363846,16672/8388608,16672
27100000,6435456,72977976,673363846,20816/8388608,20816
27200000,6435456,79484944,673363846,20816/8388608,20816
27300000,6694248,20976384,702121093,20848/8388608,20848
27400000,6694248,27483496,702121093,20848/8388608,20848
27500000,6617448,33990376,695214794,0/8388608,0
27600000,6617448,40497232,695214794,4176/8388608,4176
27700000,6617448,47002344,695214794,8352/8388608,8352
27800000,6617448,53510152,695214794,4176/8388608,4176
27900000,6617448,60016168,695214794,8352/8388608,8352
28000000,6617448,66524856,695214794,8352/8388608,8352
28100000,6617448,73031896,695214794,8352/8388608,8352
28200000,6617448,79537664,695214794,8352/8388608,8352
28300000,6876288,21031632,723970619,8352/8388608,8352
28400000,6876288,27538552,723970619,8352/8388608,8352
28500000,6876288,34044744,723970619,8352/8388608,8352
28600000,6876288,40550624,723970619,8352/8388608,8352
28700000,6876288,47055840,723970619,4176/8388608,4176
28800000,6876288,53562224,723970619,4176/8388608,4176
28900000,6876288,60069080,723970619,4176/8388608,4176
29000000,6876288,66575640,723970619,4176/8388608,4176
29100000,6876288,73079992,723970619,0/8388608,0
29200000,6809776,79587784,899749141,20880/8388608,20880
29300000,7068536,21079904,726078784,20880/8388608,20880
29400000,7068536,27586632,726078784,16704/8388608,20848
29500000,7068536,34094144,726078784,20880/8388608,20880
29600000,7068536,40600496,726078784,16704/8388608,16704
29700000,7068536,47105864,726078784,20816/8388608,20816
29800000,7068536,53614608,726078784,20848/8388608,20848
29900000,7068536,60122336,726078784,16704/8388608,20848
30000000,7068536,66628096,726078784,20864/8388608,20864
30100000,7068536,73136144,726078784,20880/8388608,20880
30200000,7068536,79642328,726078784,20816/8388608,20816
30300000,7327264,21132880,754829509,20816/8388608,20816
30400000,7327264,27638896,754829509,20752/8388608,20752
30500000,7327264,34147776,754829509,20752/8388608,20752
30600000,7327264,40656272,754829509,16704/8388608,16704
30700000,7327264,47163512,754829509,20816/8388608,16672
30800000,7327264,53669784,754829509,20784/8388608,20784
30900000,7327264,60178136,754829509,20816/8388608,20816
31000000,7327264,66685952,754829509,20784/8388608,20784
31100000,7327264,73193472,754829509,20784/8388608,20784
31200000,7327264,79701744,754829509,16640/8388608,16640
31300000,7586056,21195536,783586874,20848/8388608,20848
31400000,7586056,27702208,783586874,16672/8388608,16672
31500000,7586056,34208824,783586874,0/8388608,0
31600000,7538056,40715712,778554707,0/8388608,0
31700000,7538056,47221928,778554707,0/8388608,0
31800000,7538056,53728720,778554707,0/8388608,0
31900000,7538056,60234360,778554707,0/8388608,0
32000000,7538056,66741432,778554707,0/8388608,0
32100000,7538056,73247272,778554707,0/8388608,0
32200000,7538056,79757208,778554707,0/8388608,0
32300000,7796848,21249744,807310114,20784/8388608,20784
32400000,7796848,27756888,807310114,20816/8388608,20816
32500000,7796848,34261488,807310114,20832/8388608,20832
32600000,7796848,40767184,807310114,20848/8388608,20848
32700000,7796848,47272696,807310114,20848/8388608,20848
32800000,7796848,53779280,807310114,20848/8388608,20848
32900000,7796848,60288248,807310114,20800/8388608,20800
33000000,7796848,66795840,807310114,20848/8388608,20848
33100000,7796848,73301136,807310114,16656/8388608,16656
33200000,7796848,79806672,807310114,20816/8388608,20816
33300000,8055528,21301280,836063405,20848/8388608,20848
33400000,8055528,27805832,836063405,20768/8388608,20768
33500000,8055528,34310912,836063405,20784/8388608,20784
33600000,8055528,40818232,836063405,20880/8388608,20880
33700000,8055528,47326872,836063405,20848/8388608,20848
33800000,8055528,53835488,836063405,20880/8388608,20880
33900000,8055528,60340224,836063405,20848/8388608,20848
34000000,8055528,66849968,836063405,20848/8388608,20848
34100000,8055528,73353992,836063405,20848/8388608,20848
34200000,8055528,79861392,836063405,20848/8388608,20848
34300000,8314336,21352368,864828521,20864/8388608,20864
34400000,8314336,27859608,864828521,20880/8388608,20880
34500000,8314336,34364160,864828521,20816/8388608,20816
34600000,8314336,40868864,864828521,20784/8388608,20784
34700000,8314336,47375432,864828521,20880/8388608,20880
34800000,8314336,53882768,864828521,20880/8388608,20880
34900000,8314336,60389064,864828521,20880/8388608,20880
35000000,8314336,66895248,864828521,20816/8388608,20816
35100000,8314336,73401632,864828521,20848/8388608,20848
35200000,8314336,79907952,864828521,20816/8388608,20816
35300000,8573096,21401520,893588478,20848/8388608,20848
35400000,8573096,27909864,893588478,20784/8388608,20784
35500000,8573096,34415048,893588478,20816/8388608,20816
35600000,8573096,40923760,893588478,0/8388608,0
35700000,8490296,47427960,885445985,4176/8388608,8352
35800000,8490296,53934640,885445985,4176/8388608,4176
35900000,8490296,60441016,885445985,8352/8388608,8352
36000000,8490296,66947280,885445985,8352/8388608,8352
36100000,8490296,73455320,885445985,8352/8388608,8352
36200000,8490296,79958984,885445985,8352/8388608,8352
36300000,8490296,86467688,885445985,8352/8388608,8352
36400000,8749120,27960664,914204900,4176/8388608,4176
36500000,8749120,34468864,914204900,4176/8388608,4176
36600000,8749120,40977312,914204900,4176/8388608,4176
36700000,8749120,47484232,914204900,0/8388608,0
36800000,8731552,53991344,893979079,8368/8388608,8368
36900000,8731552,60500984,893979079,8368/8388608,8368
37000000,8731552,67008800,893979079,4176/8388608,4176
37100000,8731552,73515168,893979079,8368/8388608,8368
37200000,8731552,80023992,893979079,8368/8388608,8368
37300000,8990232,21516384,922725859,8368/8388608,8368
37400000,8990232,28022952,922725859,8368/8388608,8368
37500000,8990232,34530016,922725859,8368/8388608,8368
37600000,8990232,41036080,922725859,8368/8388608,8368
37700000,8990232,47541944,922725859,8368/8388608,8368
37800000,8990232,54049696,922725859,8368/8388608,8368
37900000,8990232,60554184,922725859,4176/8388608,4176
38000000,8990232,67061384,922725859,4176/8388608,4176
38100000,8990232,73566192,922725859,4176/8388608,4176
38200000,8990232,80072960,922725859,0/8388608,0
38300000,9183552,21563232,929215100,25024/8388608,25024
38400000,9183552,28069208,929215100,20816/8388608,20816
38500000,9183552,34575088,929215100,24992/8388608,24992
38600000,9183552,41082792,929215100,25024/8388608,25024
38700000,9183552,47588696,929215100,24976/8388608,24976
38800000,9183552,54095552,929215100,25008/8388608,25008
38900000,9183552,60603496,929215100,25008/8388608,25008
39000000,9183552,67109504,929215100,20864/8388608,20864
39100000,9183552,73617712,929215100,25056/8388608,25056
39200000,9183552,80124272,929215100,24992/8388608,24992
39300000,9442376,21616544,957965607,20832/8388608,25008
39400000,9442376,28124408,957965607,24992/8388608,24992
39500000,9442376,34629968,957965607,24992/8388608,24992
39600000,9442376,41139856,957965607,24928/8388608,24928
39700000,9442376,47649464,957965607,25024/8388608,25024
39800000,9442376,54154304,957965607,25024/8388608,25024
39900000,9442376,60661040,957965607,25024/8388608,25024
40000000,9442376,67167152,957965607,25024/8388608,25024
40100000,9442376,73675568,957965607,24992/8388608,24992
40200000,9442376,80181104,957965607,24960/8388608,24960
40300000,9701216,21674576,986715863,25024/8388608,25024
40400000,9701216,28178696,986715863,25008/8388608,25008
40500000,9701216,34686288,986715863,24944/8388608,24944
40600000,9701216,41193808,986715863,20848/8388608,20848
40700000,9701216,47700760,986715863,24992/8388608,24992
40800000,9701216,54208128,986715863,20800/8388608,20800
40900000,9701216,60715896,986715863,20800/8388608,20800
41000000,9701216,67222032,986715863,20816/8388608,20816
41100000,9701216,73726960,986715863,24992/8388608,24992
41200000,9701216,80234176,986715863,24960/8388608,24960
41300000,9960056,21726496,1015475577,24992/8388608,24992
41400000,9960056,28233072,1015475577,25024/8388608,25024
41500000,9960056,34738944,1015475577,25024/8388608,25024
41600000,9869008,41245696,1005598388,8368/8388608,8368
41700000,9869008,47751208,1005598388,8368/8388608,8368
41800000,9869008,54259024,1005598388,8368/8388608,8368
41900000,9869008,60766440,1005598388,8368/8388608,8368
42000000,9869008,67273152,1005598388,8368/8388608,8368
42100000,9869008,73781192,1005598388,8368/8388608,8368
42200000,9869008,80287544,1005598388,8368/8388608,8368
42300000,10127816,21779120,1034357515,8368/8388608,8368
42400000,10127816,28287224,1034357515,8368/8388608,8368
42500000,10127816,34794256,1034357515,4176/8388608,4176
42600000,10127816,41301520,1034357515,4176/8388608,4176
42700000,10127816,47807448,1034357515,0/8388608,0
42800000,10127816,54314160,1034357515,0/8388608,0
42900000,10069552,60821976,1010489110,25024/8388608,25024
43000000,10069552,67331808,1010489110,24992/8388608,24992
43100000,10069552,73836440,1010489110,25024/8388608,25024
43200000,10069552,80343568,1010489110,25024/8388608,25024
43300000,10328376,21835648,1039248331,24976/8388608,24976
43400000,10328376,28341056,1039248331,25024/8388608,25024
43500000,10328376,34849424,1039248331,25024/8388608,25024
43600000,10328376,41354688,1039248331,20880/8388608,20880
43700000,10328376,47860672,1039248331,24992/8388608,24992
43800000,10328376,54366512,1039248331,20880/8388608,20880
43900000,10328376,60872264,1039248331,24992/8388608,24992
44000000,10328376,67383744,1039248331,25008/8388608,25008
44100000,10328376,73891816,1039248331,20848/8388608,20848
44200000,10328376,80396744,1039248331,25040/8388608,25040
44300000,10587184,21887976,1067998997,24992/8388608,24992
44400000,10587184,28394296,1067998997,25056/8388608,25056
44500000,10587184,34901680,1067998997,24976/8388608,24976
44600000,10587184,41409696,1067998997,25056/8388608,25056
44700000,10587184,47914568,1067998997,25056/8388608,25056
44800000,10587184,54419792,1067998997,25024/8388608,25024
44900000,10587184,60930088,1067998997,25024/8388608,25024
45000000,10587184,67436688,1067998997,24960/8388608,24960
45100000,10587184,73945304,1067998997,24992/8388608,24992
45200000,10587184,80454800,1067998997,25056/8388608,25056
45300000,10845976,21945312,1096755541,24992/8388608,24992
45400000,10845976,28449008,1096755541,24960/8388608,24960
45500000,10845976,34955568,1096755541,20784/8388608,24960
45600000,10845976,41461776,1096755541,25024/8388608,25024
45700000,10845976,47971288,1096755541,24928/8388608,24928
45800000,10845976,54478992,1096755541,24992/8388608,24992
45900000,10845976,60985304,1096755541,25056/8388608,25056
46000000,10845976,67493432,1096755541,24992/8388608,24992
46100000,10845976,74000280,1096755541,25056/8388608,25056
46200000,10845976,80507112,1096755541,20880/8388608,25024
46300000,11104720,22000752,1125509916,24992/8388608,24992
46400000,11104720,28505952,1125509916,25056/8388608,25056
46500000,11104720,35012240,1125509916,24992/8388608,24992
46600000,11104720,41516624,1125509916,24928/8388608,24928
46700000,11104720,48023760,1125509916,0/8388608,0
46800000,10987304,54532592,1113092573,8352/8388608,8352
46900000,10987304,61038680,1113092573,8352/8388608,8352
47000000,10987304,67545032,1113092573,4176/8388608,4176
47100000,10987304,74054416,1113092573,8352/8388608,8352
47200000,10987304,80560792,1113092573,4176/8388608,4176
47300000,11246128,22052080,1141849768,8352/8388608,8352
47400000,11246128,28557864,1141849768,8352/8388608,8352
47500000,11246128,35064680,1141849768,8352/8388608,8352
47600000,11246128,41573104,1141849768,8352/8388608,8352
47700000,11246128,48080520,1141849768,0/8388608,0
47800000,11156816,54587696,1114935246,8352/8388608,8352
47900000,11156816,61093880,1114935246,8352/8388608,8352
48000000,11156816,67601776,1114935246,8352/8388608,8352
48100000,11156816,74107744,1114935246,8352/8388608,4176
48200000,11156816,80614384,1114935246,8352/8388608,8352
48300000,11415608,22105872,1143688419,8352/8388608,8352
48400000,11415608,28613656,1143688419,8352/8388608,8352
48500000,11415608,35122144,1143688419,8352/8388608,8352
48600000,11415608,41629104,1143688419,8352/8388608,8352
48700000,11415608,48136152,1143688419,8352/8388608,8352
48800000,11415608,54642608,1143688419,8352/8388608,8352
48900000,11415608,61148504,1143688419,4176/8388608,4176
49000000,11415608,67655656,1143688419,4176/8388608,4176
49100000,11415608,74163984,1143688419,4176/8388608,4176
49200000,11415608,80670064,1143688419,4176/8388608,4176
49300000,11674400,22163544,1172446540,4176/8388608,4176
49400000,11674400,28671656,1172446540,0/8388608,0
49500000,11569072,35178896,1151578475,29216/8388608,29216
49600000,11569072,41685584,1151578475,33344/8388608,33344
49700000,11569072,48192600,1151578475,33376/8388608,33376
49800000,11569072,54699712,1151578475,33376/8388608,33376
49900000,11569072,61207344,1151578475,33312/8388608,33312
50000000,11569072,67712960,1151578475,33328/8388608,33328
50100000,11569072,74218016,1151578475,33328/8388608,33328
50200000,11569072,80725568,1151578475,33280/8388608,33280
50300000,11827816,22218640,1180331646,33280/8388608,33280
50400000,11827816,28725088,1180331646,33344/8388608,33344
50500000,11827816,35233584,1180331646,33376/8388608,33376
50600000,11827816,41741464,1180331646,33360/8388608,33360
50700000,11827816,48249488,1180331646,33296/8388608,33296
50800000,11827816,54756000,1180331646,33280/8388608,33280
50900000,11827816,61259816,1180331646,33344/8388608,33344
51000000,11827816,67765544,1180331646,33376/8388608,33376
51100000,11827816,74268664,1180331646,33376/8388608,33376
51200000,11827816,80777072,1180331646,33344/8388608,33344
51300000,12086608,22272816,1209100547,33344/8388608,33344
51400000,12086608,28781656,1209100547,29136/8388608,29136
51500000,12086608,35289072,1209100547,33344/8388608,33344
51600000,12086608,41794912,1209100547,33280/8388608,33280
51700000,12086608,48301624,1209100547,29136/8388608,29136
51800000,12086608,54811360,1209100547,33344/8388608,33344
51900000,12086608,61316488,1209100547,33280/8388608,33280
52000000,12086608,67823296,1209100547,33344/8388608,33344
52100000,12086608,74329088,1209100547,33408/8388608,29232
52200000,12086608,80835568,1209100547,29200/8388608,29200
52300000,12345320,22327496,1237849669,33344/8388608,33344
52400000,12345320,28837656,1237849669,33312/8388608,33312
52500000,12345320,35346224,1237849669,33280/8388608,33280
52600000,12345320,41852976,1237849669,33312/8388608,33312
52700000,12345320,48361096,1237849669,33312/8388608,33312
52800000,12345320,54866448,1237849669,33344/8388608,33344
52900000,12345320,61372792,1237849669,33296/8388608,33296
53000000,12345320,67881360,1237849669,33344/8388608,33344
53100000,12345320,74388272,1237849669,33312/8388608,33312
53200000,12345320,80893200,1237849669,33344/8388608,33344
53300000,12345320,87401864,1237849669,33344/8388608,33344
53400000,12604208,28894280,1266601184,33280/8388608,33280
53500000,12604208,35400304,1266601184,33312/8388608,33312
53600000,12604208,41905552,1266601184,33312/8388608,29136
53700000,12604208,48411832,1266601184,29168/8388608,29168
53800000,12604208,54920976,1266601184,29168/8388608,29168
53900000,12604208,61428072,1266601184,0/8388608,0
54000000,12429832,67935568,1247956350,8352/8388608,8352
54100000,12429832,74442744,1247956350,8352/8388608,8352
54200000,12429832,80949008,1247956350,4176/8388608,8352
54300000,12688480,22443280,1276710934,8352/8388608,8352
54400000,12688480,28949640,1276710934,4176/8388608,4176
54500000,12688480,35457776,1276710934,8352/8388608,8352
54600000,12688480,41964472,1276710934,4176/8388608,4176
54700000,12688480,48470816,1276710934,8352/8388608,8352
54800000,12688480,54977504,1276710934,8352/8388608,4176
54900000,12688480,61483408,1276710934,8352/8388608,8352
55000000,12688480,67992304,1276710934,4176/8388608,0
55100000,12688480,74499392,1276710934,4176/8388608,4176
55200000,12688480,81007376,1276710934,4176/8388608,4176
55300000,12947272,22499056,1305470096,4176/8388608,4176
55400000,12947272,29008008,1305470096,4176/8388608,4176
55500000,12841496,35514800,1284575910,29200/8388608,29200
55600000,12841496,42019848,1284575910,29232/8388608,29232
55700000,12841496,48525192,1284575910,29136/8388608,29136
55800000,12841496,55030656,1284575910,29104/8388608,29104
55900000,12841496,61534840,1284575910,29200/8388608,29200
56000000,12841496,68042080,1284575910,29168/8388608,29168
56100000,12841496,74546632,1284575910,29168/8388608,29168
56200000,12841496,81053392,1284575910,29168/8388608,29168
56300000,13100288,22548400,1313332693,29136/8388608,29136
56400000,13100288,29054232,1313332693,29200/8388608,29200
56500000,13100288,35562048,1313332693,29120/8388608,29120
56600000,13100288,42066200,1313332693,29152/8388608,29152
56700000,13100288,48574840,1313332693,29152/8388608,29152
56800000,13100288,55081200,1313332693,29104/8388608,29104
56900000,13100288,61587768,1313332693,29136/8388608,29136
57000000,13100288,68097864,1313332693,29184/8388608,29184
57100000,13100288,74603232,1313332693,29184/8388608,29184
57200000,13100288,81112304,1313332693,29200/8388608,25024
57300000,13359160,22607088,1342091420,29136/8388608,29136
57400000,13359160,29112712,1342091420,29200/8388608,29200
57500000,13359160,35618840,1342091420,29232/8388608,29232
57600000,13359160,42127432,1342091420,29200/8388608,29200
57700000,13359160,48635448,1342091420,29136/8388608,29136
57800000,13359160,55143112,1342091420,29200/8388608,29200
57900000,13359160,61650744,1342091420,29168/8388608,29168
58000000,13359160,68156960,1342091420,29200/8388608,29200
58100000,13359160,74661480,1342091420,29120/8388608,29120
58200000,13359160,81165088,1342091420,29232/8388608,29232
58300000,13617936,22659856,1370841960,29168/8388608,24992
58400000,13617936,29165240,1370841960,29184/8388608,29184
58500000,13617936,35672048,1370841960,29184/8388608,29184
58600000,13617936,42178312,1370841960,29136/8388608,29136
58700000,13617936,48683952,1370841960,29152/8388608,29152
58800000,13617936,55188288,1370841960,29232/8388608,29232
58900000,13617936,61694936,1370841960,29120/8388608,29120
59000000,13617936,68202864,1370841960,29184/8388608,29184
59100000,13617936,74707856,1370841960,29168/8388608,24992
59200000,13617936,81212152,1370841960,29200/8388608,29200
59300000,13617936,87717576,1370841960,29200/8388608,29200
59400000,13876792,29209816,1399599316,29136/8388608,29136
59500000,13876792,35717016,1399599316,29200/8388608,29200
59600000,13876792,42223144,1399599316,29136/8388608,29136
59700000,13876792,48728472,1399599316,29136/8388608,24960
59800000,13876792,55236336,1399599316,25024/8388608,25024
59900000,13876792,61741656,1399599316,29184/8388608,29184
60000000,13876792,68249288,1399599316,29136/8388608,29136
60100000,13876792,74755632,1399599316,29168/8388608,29168
60200000,13876792,81261248,1399599316,29136/8388608,29136
60300000,14135632,22753840,1428358856,29168/8388608,29168
60400000,14135632,29258440,1428358856,29168/8388608,29168
60500000,14135632,35766416,1428358856,29136/8388608,29136
60600000,14135632,42272840,1428358856,29200/8388608,29200
60700000,13944344,48779496,1408254935,8368/8388608,8368
60800000,13944344,55286160,1408254935,8368/8388608,8368
60900000,13944344,61794176,1408254935,8368/8388608,8368
61000000,13944344,68302032,1408254935,8368/8388608,8368
61100000,13944344,74807928,1408254935,8368/8388608,8368
61200000,13944344,81317528,1408254935,4176/8388608,4176
61300000,14203104,22811248,1437010626,8368/8388608,8368
61400000,14203104,29319432,1437010626,8368/8388608,8368
61500000,14203104,35827824,1437010626,4176/8388608,4176
61600000,14203104,42333832,1437010626,4176/8388608,4176
61700000,14203104,48841160,1437010626,4192/8388608,4192
61800000,14203104,55349416,1437010626,0/8388608,0
61900000,14106208,61855672,1416871499,4176/8388608,4176
62000000,14106208,68362960,1416871499,8352/8388608,8352
62100000,14106208,74868448,1416871499,8352/8388608,8352
62200000,14106208,81376416,1416871499,8352/8388608,8352
62300000,14364952,22867056,1445621699,8352/8388608,8352
62400000,14364952,29374168,1445621699,8352/8388608,8352
62500000,14364952,35882160,1445621699,4176/8388608,4176
62600000,14364952,42388896,1445621699,4176/8388608,8352
62700000,14364952,48896128,1445621699,8352/8388608,8352
62800000,14364952,55402368,1445621699,8352/8388608,8352
62900000,14364952,61909128,1445621699,4176/8388608,4176
63000000,14364952,68417968,1445621699,4176/8388608,4176
63100000,14364952,74923264,1445621699,4176/8388608,4176
63200000,14228424,81430464,1582615673,33312/8388608,33312
63300000,14487152,22924960,1450784960,29168/8388608,29168
63400000,14487152,29434304,1450784960,33344/8388608,33344
63500000,14487152,35940448,1450784960,33344/8388608,33344
63600000,14487152,42444112,1450784960,33312/8388608,33312
63700000,14487152,48950064,1450784960,33264/8388608,33264
63800000,14487152,55454896,1450784960,33344/8388608,33344
63900000,14487152,61961816,1450784960,33376/8388608,33376
64000000,14487152,68470552,1450784960,33344/8388608,33344
64100000,14487152,74976552,1450784960,33360/8388608,33360
64200000,14487152,81483384,1450784960,33280/8388608,33280
64300000,14746072,22972448,1479542173,29168/8388608,29168
64400000,14746072,29477312,1479542173,33312/8388608,33312
64500000,14746072,35983424,1479542173,33344/8388608,33344
64600000,14746072,42489480,1479542173,33344/8388608,33344
64700000,14746072,48994800,1479542173,33344/8388608,33344
64800000,14746072,55502704,1479542173,33376/8388608,33376
64900000,14746072,62010024,1479542173,33312/8388608,33312
65000000,14746072,68518176,1479542173,33376/8388608,33376
65100000,14746072,75025688,1479542173,29184/8388608,29184
65200000,14746072,81533992,1479542173,33344/8388608,33344
65300000,15004912,23028016,1508415215,33376/8388608,33376
65400000,15004912,29536200,1508415215,33344/8388608,33344
65500000,15004912,36043248,1508415215,33312/8388608,33312
65600000,15004912,42549736,1508415215,33360/8388608,33360
65700000,15004912,49058440,1508415215,33344/8388608,33344
65800000,15004912,55565760,1508415215,29152/8388608,29152
65900000,15004912,62075464,1508415215,33280/8388608,33280
66000000,15004912,68585376,1508415215,33312/8388608,33312
66100000,15004912,75091544,1508415215,33296/8388608,33296
66200000,15004912,81597368,1508415215,33312/8388608,33312
66300000,15263624,23091056,1537166323,33328/8388608,33328
66400000,15263624,29598456,1537166323,33312/8388608,33312
66500000,15263624,36105560,1537166323,33296/8388608,33296
66600000,15263624,42612824,1537166323,29200/8388608,29200
66700000,15263624,49120392,1537166323,33360/8388608,33360
66800000,15263624,55626552,1537166323,33328/8388608,33328
66900000,15263624,62133704,1537166323,33280/8388608,33280
67000000,15263624,68640528,1537166323,33344/8388608,33344
67100000,15263624,75146872,1537166323,33360/8388608,33360
67200000,15263624,81655336,1537166323,33360/8388608,33360
67300000,15522512,23148872,1565920443,33344/8388608,33344
67400000,15522512,29656152,1565920443,33376/8388608,33376
67500000,15522512,36163192,1565920443,33344/8388608,33344
67600000,15522512,42670504,1565920443,33312/8388608,33312
67700000,15522512,49176360,1565920443,29120/8388608,29120
67800000,15522512,55684864,1565920443,29200/8388608,29200
67900000,15522512,62191144,1565920443,33376/8388608,33376
68000000,15522512,68699992,1565920443,33376/8388608,33376
68100000,15522512,75207496,1565920443,33376/8388608,33376
68200000,15522512,81711496,1565920443,33312/8388608,33312
68300000,15522512,88219376,1565920443,33312/8388608,33312
68400000,15781208,29714120,1594686862,33392/8388608,33392
68500000,15781208,36220864,1594686862,33408/8388608,33408
68600000,15781208,42727744,1594686862,29120/8388608,29120
68700000,15781208,49232984,1594686862,0/8388608,0
68800000,15542720,55736608,1569323515,8368/8388608,8368
68900000,15542720,62245248,1569323515,8368/8388608,8368
69000000,15542720,68753232,1569323515,8368/8388608,8368
69100000,15542720,75259248,1569323515,8368/8388608,8368
69200000,15542720,81766080,1569323515,8368/8388608,8368
69300000,15801464,23259136,1598078782,8368/8388608,8368
69400000,15801464,29766168,1598078782,8368/8388608,8368
69500000,15801464,36269632,1598078782,8368/8388608,8368
69600000,15801464,42775160,1598078782,0/8388608,0
69700000,15725472,49280328,1582767858,8352/8388608,4176
69800000,15725472,55786432,1582767858,8352/8388608,8352
69900000,15725472,62293512,1582767858,8352/8388608,8352
70000000,15725472,68798976,1582767858,4176/8388608,4176
70100000,15725472,75308448,1582767858,8352/8388608,8352
70200000,15725472,81812480,1582767858,8352/8388608,8352
70300000,15725472,88321096,1582767858,8352/8388608,8352
70400000,15984312,29813792,1611524111,4176/8388608,4176
70500000,15984312,36320320,1611524111,8352/8388608,8352
70600000,15984312,42828504,1611524111,8352/8388608,8352
70700000,15984312,49337032,1611524111,4176/8388608,4176
70800000,15984312,55844512,1611524111,4176/8388608,4176
70900000,15984312,62352168,1611524111,4176/8388608,4176
71000000,15984312,68860032,1611524111,4176/8388608,4176
71100000,15868968,75366928,1765400140,37472/8388608,37472
71200000,15868968,81874464,1765400140,37600/8388608,37600
71300000,16127696,23367264,1618696366,33376/8388608,33376
71400000,16127696,29875208,1618696366,37440/8388608,37440
71500000,16127696,36379464,1618696366,37600/8388608,37600
71600000,16127696,42886168,1618696366,37568/8388608,37568
71700000,16127696,49394632,1618696366,37504/8388608,37504
71800000,16127696,55901000,1618696366,37520/8388608,37520
71900000,16127696,62409400,1618696366,37504/8388608,37504
72000000,16127696,68914584,1618696366,33312/8388608,33312
72100000,16127696,75422096,1618696366,37600/8388608,37600
72200000,16127696,81929560,1618696366,37424/8388608,37424
72300000,16386536,23421944,1647458182,37456/8388608,37456
72400000,16386536,29929464,1647458182,33248/8388608,33248
72500000,16386536,36435600,1647458182,33360/8388608,33360
72600000,16386536,42943120,1647458182,37536/8388608,37536
72700000,16386536,49450248,1647458182,37504/8388608,37504
72800000,16386536,55955008,1647458182,37536/8388608,37536
72900000,16386536,62463416,1647458182,37424/8388608,37424
73000000,16386536,68967784,1647458182,37536/8388608,37536
73100000,16386536,75475736,1647458182,37520/8388608,37520
73200000,16386536,81980552,1647458182,37520/8388608,37520
73300000,16645312,23471712,1676218038,37456/8388608,37456
73400000,16645312,29976872,1676218038,37520/8388608,37520
73500000,16645312,36484696,1676218038,37488/8388608,37488
73600000,16645312,42991680,1676218038,37488/8388608,37488
73700000,16645312,49496488,1676218038,37456/8388608,37456
73800000,16645312,56003992,1676218038,37520/8388608,37520
73900000,16645312,62510408,1676218038,37552/8388608,37552
74000000,16645312,69017432,1676218038,33376/8388608,33376
74100000,16645312,75522464,1676218038,37424/8388608,37424
74200000,16645312,82030864,1676218038,37584/8388608,37584
74300000,16645312,88535512,1676218038,37584/8388608,37584
74400000,16904120,30030112,1704976085,37552/8388608,37552
74500000,16904120,36536400,1704976085,37504/8388608,37504
74600000,16904120,43044064,1704976085,37520/8388608,37520
74700000,16904120,49551544,1704976085,37552/8388608,37552
74800000,16904120,56054912,1704976085,37472/8388608,37472
74900000,16904120,62563032,1704976085,37488/8388608,37488
75000000,16904120,69070016,1704976085,37488/8388608,37488
75100000,16904120,75574208,1704976085,37472/8388608,37472
75200000,16904120,82079032,1704976085,37520/8388608,37520
75300000,17162864,23570528,1733730338,37488/8388608,37488
75400000,17162864,30077736,1733730338,37488/8388608,37488
75500000,17162864,36584688,1733730338,37424/8388608,37424
75600000,17162864,43090880,1733730338,37552/8388608,37552
75700000,17162864,49597520,1733730338,37552/8388608,37552
75800000,17162864,56103312,1733730338,37552/8388608,37552
75900000,17162864,62613656,1733730338,37520/8388608,37520
76000000,17162864,69123248,1733730338,37520/8388608,37520
76100000,17162864,75629064,1733730338,37520/8388608,37520
76200000,17162864,82136152,1733730338,37504/8388608,37504
76300000,17162864,88642616,1733730338,37504/8388608,37504
76400000,17421672,30132664,1762494188,37520/8388608,37520
76500000,17421672,36639128,1762494188,37520/8388608,37520
76600000,17421672,43146440,1762494188,37488/8388608,37488
76700000,17421672,49651208,1762494188,37488/8388608,37488
76800000,17421672,56157584,1762494188,37456/8388608,37456
76900000,17421672,62665320,1762494188,37472/8388608,37472
77000000,17421672,69172832,1762494188,37552/8388608,37552
77100000,17421672,75678192,1762494188,37520/8388608,37520
77200000,17421672,82186456,1762494188,37552/8388608,37552
77300000,17680400,23680640,1791253186,37520/8388608,37520
77400000,17680400,30186296,1791253186,33312/8388608,33312
77500000,17680400,36694096,1791253186,0/8388608,0
77600000,17368600,43201768,1758351157,8352/8388608,8352
77700000,17368600,49710968,1758351157,8352/8388608,8352
77800000,17368600,56216912,1758351157,8352/8388608,8352
77900000,17368600,62724072,1758351157,8352/8388608,8352
78000000,17368600,69234792,1758351157,8352/8388608,8352
78100000,17368600,75738264,1758351157,8352/8388608,8352
78200000,17368600,82246064,1758351157,8352/8388608,8352
78300000,17368600,88753920,1758351157,8352/8388608,8352
78400000,17627376,30245192,1787093131,8352/8388608,8352
78500000,17627376,36752112,1787093131,8352/8388608,4176
78600000,17627376,43259840,1787093131,4176/8388608,4176
78700000,17627376,49765568,1787093131,8352/8388608,8352
78800000,17627376,56272888,1787093131,8352/8388608,8352
78900000,17627376,62780952,1787093131,4176/8388608,4176
79000000,17627376,69288296,1787093131,8352/8388608,8352
79100000,17464640,75795784,1938050214,8368/8388608,8368
79200000,17464640,82303072,1938050214,8368/8388608,8368
79300000,17723432,23794736,1790117432,8352/8388608,8352
79400000,17723432,30301944,1790117432,8352/8388608,8352
79500000,17723432,36806768,1790117432,8352/8388608,8352
79600000,17723432,43314184,1790117432,8352/8388608,8352
79700000,17723432,49820856,1790117432,8352/8388608,8352
79800000,17723432,56328632,1790117432,8368/8388608,8368
79900000,17723432,62835960,1790117432,8352/8388608,8352
80000000,17723432,69343728,1790117432,8352/8388608,8352
80100000,17723432,75850440,1790117432,8352/8388608,8352
80200000,17723432,82359504,1790117432,8352/8388608,8352
80300000,17982128,23852944,1818872545,8352/8388608,8352
80400000,17982128,30359528,1818872545,8352/8388608,8352
80500000,17847336,36867384,1796309720,45776/8388608,45776
80600000,17847336,43373848,1796309720,45808/8388608,45808
80700000,17847336,49877688,1796309720,45872/8388608,45872
80800000,17847336,56382696,1796309720,45808/8388608,45808
80900000,17847336,62889080,1796309720,45760/8388608,45760
81000000,17847336,69395872,1796309720,45808/8388608,45808
81100000,17847336,75901472,1796309720,45840/8388608,45840
81200000,17847336,82407736,1796309720,45840/8388608,45840
81300000,18106128,23901952,1825060967,41664/8388608,41664
81400000,18106128,30406968,1825060967,41680/8388608,45824
81500000,18106128,36915152,1825060967,45904/8388608,45904
81600000,18106128,43420912,1825060967,41696/8388608,41696
81700000,18106128,49927768,1825060967,45776/8388608,45776
81800000,18106128,56434592,1825060967,45840/8388608,45840
81900000,18106128,62943848,1825060967,45824/8388608,45824
82000000,18106128,69448336,1825060967,41680/8388608,41680
82100000,18106128,75954848,1825060967,45856/8388608,45856
82200000,18106128,82460344,1825060967,45856/8388608,45856
82300000,18364856,23952112,1853816434,45904/8388608,45904
82400000,18364856,30455912,1853816434,45888/8388608,45888
82500000,18364856,36962656,1853816434,45808/8388608,45808
82600000,18364856,43468824,1853816434,45904/8388608,41728
82700000,18364856,49974840,1853816434,45920/8388608,45920
82800000,18364856,56481344,1853816434,45872/8388608,45872
82900000,18364856,62988344,1853816434,45808/8388608,45808
83000000,18364856,69495440,1853816434,45840/8388608,45840
83100000,18364856,76000016,1853816434,45776/8388608,45776
83200000,18623584,17494496,1882577660,41632/8388608,41632
83300000,18623584,24001736,1882577660,45808/8388608,45808
83400000,18623584,30505768,1882577660,45856/8388608,45856
83500000,18623584,37014080,1882577660,41664/8388608,41664
83600000,18623584,43520664,1882577660,45808/8388608,45808
83700000,18623584,50027384,1882577660,45872/8388608,45872
83800000,18623584,56531736,1882577660,45840/8388608,45840
83900000,18623584,63040688,1882577660,45840/8388608,45840
84000000,18623584,69547832,1882577660,45824/8388608,45824
84100000,18623584,76054864,1882577660,45840/8388608,45840
84200000,18623584,82562024,1882577660,45856/8388608,45856
84300000,18623584,89067160,1882577660,45856/8388608,45856
84400000,18882392,30559832,1911412570,41728/8388608,41728
84500000,18882392,37065512,1911412570,45872/8388608,45872
84600000,18882392,43573992,1911412570,45808/8388608,45808
84700000,18882392,50081768,1911412570,45904/8388608,45904
84800000,18882392,56586200,1911412570,45888/8388608,45888
84900000,18882392,63093240,1911412570,45808/8388608,45808
85000000,18882392,69600024,1911412570,45728/8388608,45728
85100000,18882392,76107368,1911412570,45840/8388608,45840
85200000,18882392,82616464,1911412570,41648/8388608,41648
85300000,19141120,24108944,1940163541,45872/8388608,45872
85400000,19141120,30617640,1940163541,41712/8388608,41712
85500000,19141120,37123488,1940163541,45904/8388608,45904
85600000,19141120,43631976,1940163541,45824/8388608,45824
85700000,19141120,50137800,1940163541,45904/8388608,45904
85800000,19141120,56644240,1940163541,45888/8388608,45888
85900000,19141120,63151800,1940163541,41632/8388608,41632
86000000,19141120,69660512,1940163541,45808/8388608,45808
86100000,19141120,76164832,1940163541,45856/8388608,45856
86200000,19141120,82671808,1940163541,45808/8388608,45808
86300000,19141120,89177704,1940163541,45760/8388608,45760
86400000,19399832,30669640,1968917876,45808/8388608,45808
86500000,19399832,37176400,1968917876,45872/8388608,45872
86600000,19399832,43681936,1968917876,45808/8388608,45808
86700000,19399832,50189504,1968917876,41712/8388608,41712
86800000,19399832,56697616,1968917876,45824/8388608,45824
86900000,19399832,63205448,1968917876,45824/8388608,45824
87000000,19399832,69711664,1968917876,45840/8388608,45840
87100000,19399832,76217440,1968917876,45904/8388608,45904
87200000,19399832,82723688,1968917876,41632/8388608,41632
87300000,19658544,24214416,1997676083,45760/8388608,45760
87400000,19658544,30721080,1997676083,45824/8388608,45824
87500000,19658544,37226688,1997676083,45760/8388608,45760
87600000,19658544,43734312,1997676083,45872/8388608,45872
87700000,19658544,50242744,1997676083,41616/8388608,41616
87800000,19658544,56751032,1997676083,41664/8388608,41664
87900000,19658544,63256552,1997676083,0/8388608,0
88000000,19204848,69760272,2776473171,8384/8388608,8384
88100000,19204848,76264496,2776473171,8384/8388608,8384
88200000,19204848,82770104,2776473171,4192/8388608,4192
88300000,19463640,24261104,1978104572,8384/8388608,8384
88400000,19463640,30768456,1978104572,8384/8388608,8384
88500000,19463640,37274592,1978104572,8384/8388608,8384
88600000,19463640,43779808,1978104572,8384/8388608,8384
88700000,19463640,50287384,1978104572,8384/8388608,8384
88800000,19463640,56794176,1978104572,4192/8388608,4192
88900000,19463640,63302680,1978104572,4192/8388608,4192
89000000,19463640,69809568,1978104572,0/8388608,0
89100000,19291704,76315216,2086342179,8368/8388608,8368
89200000,19291704,82821240,2086342179,8368/8388608,8368
89300000,19550528,24314192,1980142063,8368/8388608,8368
89400000,19550528,30821656,1980142063,8368/8388608,8368
89500000,19550528,37331296,1980142063,4176/8388608,4176
89600000,19550528,43836944,1980142063,8368/8388608,8368
89700000,19550528,50343632,1980142063,8368/8388608,8368
89800000,19550528,56848512,1980142063,8368/8388608,8368
89900000,19550528,63356776,1980142063,4176/8388608,4176
90000000,19550528,69865728,1980142063,8368/8388608,8368
90100000,19550528,76372576,1980142063,8368/8388608,8368
90200000,19550528,82878008,1980142063,4192/8388608,4192
90300000,19550528,89382600,1980142063,4192/8388608,4192
90400000,19809368,30873696,2008900236,4192/8388608,4192
90500000,19639704,37382128,1982381415,41696/8388608,41696
90600000,19639704,43886808,1982381415,45920/8388608,45920
90700000,19639704,50392848,1982381415,45776/8388608,45776
90800000,19639704,56902448,1982381415,41600/8388608,41600
90900000,19639704,63409608,1982381415,45744/8388608,45744
91000000,19639704,69918560,1982381415,45872/8388608,45872
91100000,19639704,76425248,1982381415,45872/8388608,45872
91200000,19639704,82929976,1982381415,41760/8388608,41760
91300000,19898496,24422032,2011140795,45840/8388608,45840
91400000,19898496,30927304,2011140795,45760/8388608,45760
91500000,19898496,37433496,2011140795,45824/8388608,45824
91600000,19898496,43939624,2011140795,45808/8388608,45808
91700000,19898496,50446624,2011140795,45840/8388608,45840
91800000,19898496,56954864,2011140795,45744/8388608,45744
91900000,19898496,63462184,2011140795,45840/8388608,45840
92000000,19898496,69968976,2011140795,45872/8388608,45872
92100000,19898496,76476096,2011140795,41632/8388608,45808
92200000,19898496,82981392,2011140795,41648/8388608,45792
92300000,20157272,24473216,2039899226,45872/8388608,45872
92400000,20157272,30980616,2039899226,45824/8388608,45824
92500000,20157272,37487936,2039899226,45920/8388608,45920
92600000,20157272,43994768,2039899226,45872/8388608,45872
92700000,20157272,50503232,2039899226,45808/8388608,45808
92800000,20157272,57008464,2039899226,41600/8388608,41600
92900000,20157272,63512488,2039899226,45872/8388608,45872
93000000,20157272,70020208,2039899226,45872/8388608,45872
93100000,20157272,76526504,2039899226,45872/8388608,45872
93200000,20157272,83035344,2039899226,45872/8388608,45872
93300000,20415984,24526424,2068652754,45872/8388608,45872
93400000,20415984,31033432,2068652754,45904/8388608,45904
93500000,20415984,37539872,2068652754,41616/8388608,41616
93600000,20415984,44048640,2068652754,45808/8388608,45808
93700000,20415984,50554504,2068652754,45808/8388608,45808
93800000,20415984,57062280,2068652754,45792/8388608,45792
93900000,20415984,63568392,2068652754,45856/8388608,45856
94000000,20415984,70075056,2068652754,45744/8388608,45744
94100000,20415984,76583776,2068652754,45840/8388608,45840
94200000,20415984,83090168,2068652754,41696/8388608,41696
94300000,20674824,24581120,2097407657,45888/8388608,45888
94400000,20674824,31085464,2097407657,45792/8388608,45792
94500000,20674824,37592520,2097407657,45808/8388608,45808
94600000,20674824,44099848,2097407657,45744/8388608,45744
94700000,20674824,50605968,2097407657,45840/8388608,45840
94800000,20674824,57114864,2097407657,45824/8388608,45824
94900000,20674824,63621088,2097407657,45856/8388608,45856
95000000,20674824,70129440,2097407657,45808/8388608,45808
95100000,20674824,76636416,2097407657,41664/8388608,41664
95200000,20674824,83143000,2097407657,41712/8388608,41712
95300000,20933584,24635312,2126164959,45776/8388608,45776
95400000,20933584,31140968,2126164959,45872/8388608,45872
95500000,20933584,37644976,2126164959,45808/8388608,45808
95600000,20933584,44152584,2126164959,41632/8388608,41632
95700000,20933584,50658872,2126164959,45808/8388608,45808
95800000,20933584,57167536,2126164959,45824/8388608,45824
95900000,20933584,63672016,2126164959,45792/8388608,45792
96000000,20933584,70179720,2126164959,45840/8388608,45840
96100000,20933584,76687592,2126164959,45840/8388608,45840
96200000,20933584,83193440,2126164959,45808/8388608,45808
96300000,21192328,24686080,2154918095,41696/8388608,41696
96400000,21192328,31191992,2154918095,45840/8388608,45840
96500000,21192328,37694920,2154918095,41632/8388608,41632
96600000,21192328,44203208,2154918095,45840/8388608,45840
96700000,21192328,50708896,2154918095,45792/8388608,45792
96800000,21192328,57214520,2154918095,45888/8388608,45888
96900000,21192328,63723160,2154918095,45824/8388608,45824
97000000,21192328,70230072,2154918095,45824/8388608,45824
97100000,21192328,76737088,2154918095,45888/8388608,45888
97200000,21192328,83244392,2154918095,45808/8388608,45808
97300000,21451136,24735328,2183672997,45872/8388608,45872
97400000,21451136,31243024,2183672997,45872/8388608,45872
97500000,21451136,37748480,2183672997,45888/8388608,45888
97600000,21451136,44254904,2183672997,45792/8388608,45792
97700000,21451136,50762240,2183672997,45840/8388608,45840
97800000,21451136,57268576,2183672997,45648/8388608,45648
97900000,21451136,63773160,2183672997,45872/8388608,45872
98000000,21451136,70279008,2183672997,45824/8388608,45824
98100000,21451136,76784080,2183672997,45856/8388608,45856
98200000,21451136,83288536,2183672997,45856/8388608,45856
98300000,21709928,24781408,2212429479,41696/8388608,41696
98400000,21709928,31287336,2212429479,45776/8388608,41600
98500000,21709928,37794400,2212429479,45840/8388608,45840
98600000,21709928,44301880,2212429479,45888/8388608,45888
98700000,21709928,50809136,2212429479,45808/8388608,45808
98800000,21709928,57315808,2212429479,0/8388608,0
98900000,21186432,63821992,2156831755,0/8388608,0
99000000,21186432,70328656,2156831755,8352/8388608,8352
99100000,21186432,76835536,2156831755,8352/8388608,8352
99200000,21186432,83341464,2156831755,8352/8388608,8352
99300000,21445240,24832208,2185588569,8352/8388608,8352
99400000,21445240,31338792,2185588569,8352/8388608,8352
99500000,21445240,37846432,2185588569,8352/8388608,8352
99600000,21445240,44353400,2185588569,8352/8388608,8352
99700000,21445240,50861184,2185588569,4176/8388608,4176
99800000,21445240,57365936,2185588569,8352/8388608,8352
99900000,21445240,63870152,2185588569,0/8388608,0
100000000,21273176,70379400,2293631702,8352/8388608,8352
100100000,21273176,76883280,2293631702,4176/8388608,4176
100200000,21532032,18377208,2187437763,8352/8388608,8352
100300000,21532032,24884864,2187437763,8352/8388608,8352
100400000,21532032,31391536,2187437763,4176/8388608,4176
100500000,21532032,37898400,2187437763,8352/8388608,8352
100600000,21532032,44403808,2187437763,8352/8388608,4176
100700000,21532032,50911040,2187437763,8352/8388608,8352
100800000,21532032,57415808,2187437763,8352/8388608,8352
100900000,21532032,63921704,2187437763,8352/8388608,8352
101000000,21359912,70430072,2297348176,4192/8388608,4192
101100000,21359912,76937064,2297348176,8352/8388608,8352
101200000,21618672,18428432,2189186824,8352/8388608,8352
101300000,21618672,24935280,2189186824,8352/8388608,8352
101400000,21618672,31441984,2189186824,8352/8388608,8352
101500000,21618672,37947904,2189186824,8352/8388608,8352
101600000,21618672,44454440,2189186824,8352/8388608,8352
101700000,21618672,50959488,2189186824,8352/8388608,8352
101800000,21618672,57466224,2189186824,4176/8388608,4176
101900000,21618672,63970712,2189186824,4176/8388608,4176
102000000,21618672,70478832,2189186824,4176/8388608,4176
102100000,21618672,76988096,2189186824,0/8388608,0
102200000,21618672,83493624,2189186824,0/8388608,0
102300000,21764576,24985952,2196217501,50048/8388608,50048
102400000,21764576,31493848,2196217501,49984/8388608,49984
102500000,21764576,37999792,2196217501,50032/8388608,50032
102600000,21764576,44506560,2196217501,45888/8388608,45888
102700000,21764576,51013632,2196217501,50016/8388608,50016
102800000,21764576,57521040,2196217501,45776/8388608,45776
102900000,21764576,64029640,2196217501,49984/8388608,49984
103000000,21764576,70537024,2196217501,50016/8388608,50016
103100000,21764576,77044160,2196217501,50032/8388608,45856
103200000,22023272,18536960,2224969372,45808/8388608,45808
103300000,22023272,25041568,2224969372,45776/8388608,45776
103400000,22023272,31548872,2224969372,50048/8388608,50048
103500000,22023272,38054592,2224969372,49952/8388608,49952
103600000,22023272,44558584,2224969372,50080/8388608,50080
103700000,22023272,51065328,2224969372,50000/8388608,50000
103800000,22023272,57571576,2224969372,45840/8388608,45840
103900000,22023272,64077608,2224969372,50080/8388608,50080
104000000,22023272,70583512,2224969372,49984/8388608,49984
104100000,22023272,77089712,2224969372,49952/8388608,49952
104200000,22023272,83596488,2224969372,49984/8388608,49984
104300000,22282160,25088992,2253726000,50112/8388608,50112
104400000,22282160,31595640,2253726000,49984/8388608,49984
104500000,22282160,38103280,2253726000,49984/8388608,49984
104600000,22282160,44607944,2253726000,45808/8388608,45808
104700000,22282160,51115640,2253726000,50080/8388608,50080
104800000,22282160,57622272,2253726000,50016/8388608,50016
104900000,22282160,64129816,2253726000,50032/8388608,50032
105000000,22282160,70636656,2253726000,45776/8388608,45776
105100000,22282160,77142616,2253726000,50016/8388608,50016
105200000,22282160,83646240,2253726000,50016/8388608,50016
105300000,22540920,25139792,2282482851,49856/8388608,49856
105400000,22540920,31647528,2282482851,50016/8388608,50016
105500000,22540920,38151088,2282482851,49984/8388608,49984
105600000,22540920,44657808,2282482851,50016/8388608,50016
105700000,22540920,51164656,2282482851,45872/8388608,45872
105800000,22540920,57672256,2282482851,49984/8388608,49984
105900000,22540920,64180144,2282482851,50016/8388608,50016
106000000,22540920,70687952,2282482851,50000/8388608,50000
106100000,22540920,77194288,2282482851,50112/8388608,50112
106200000,22540920,83700856,2282482851,50112/8388608,50112
106300000,22799664,25193384,2311240110,50016/8388608,50016
106400000,22799664,31700264,2311240110,50016/8388608,50016
106500000,22799664,38208608,2311240110,49984/8388608,49984
106600000,22799664,44712120,2311240110,49952/8388608,49952
106700000,22799664,51218480,2311240110,49952/8388608,49952
106800000,22799664,57725296,2311240110,50016/8388608,50016
106900000,22799664,64231432,2311240110,50016/8388608,50016
107000000,22799664,70739632,2311240110,50016/8388608,50016
107100000,22799664,77246592,2311240110,50000/8388608,50000
107200000,23058424,18739600,2339998110,50000/8388608,50000
107300000,23058424,25246984,2339998110,49984/8388608,49984
107400000,23058424,31754584,2339998110,50048/8388608,50048
107500000,23058424,38260944,2339998110,50000/8388608,50000
107600000,23058424,44768584,2339998110,45808/8388608,49984
107700000,23058424,51273488,2339998110,50016/8388608,50016
107800000,23058424,57780024,2339998110,50016/8388608,50016
107900000,23058424,64285688,2339998110,50016/8388608,50016
108000000,23058424,70798816,2339998110,49952/8388608,49952
108100000,23058424,77306096,2339998110,49920/8388608,49920
108200000,23058424,83813896,2339998110,50048/8388608,50048
108300000,23317232,25306592,2368751936,49984/8388608,49984
108400000,23317232,31810424,2368751936,49920/8388608,49920
108500000,23317232,38316640,2368751936,50080/8388608,50080
108600000,23317232,44822392,2368751936,49920/8388608,49920
108700000,23317232,51328896,2368751936,49952/8388608,49952
108800000,23317232,57833424,2368751936,49984/8388608,49984
108900000,23317232,64341480,2368751936,50016/8388608,50016
109000000,23317232,70848832,2368751936,50000/8388608,50000
109100000,23317232,77352752,2368751936,49920/8388608,49920
109200000,23576056,18847592,2397507824,50032/8388608,50032
109300000,23576056,25355704,2397507824,50032/8388608,50032
109400000,23576056,31863088,2397507824,49984/8388608,49984
109500000,23576056,38370640,2397507824,50016/8388608,50016
109600000,23576056,44877576,2397507824,50048/8388608,50048
109700000,23576056,51384400,2397507824,49984/8388608,49984
109800000,23576056,57889720,2397507824,50048/8388608,50048
109900000,23576056,64397024,2397507824,50048/8388608,50048
110000000,23576056,70903768,2397507824,50048/8388608,50048
110100000,23576056,77408704,2397507824,45760/8388608,45760
110200000,23834832,18901944,2426272121,50048/8388608,45872
110300000,23834832,25409120,2426272121,50048/8388608,50048
110400000,23834832,31914152,2426272121,49936/8388608,49936
110500000,23834832,38421000,2426272121,49984/8388608,49984
110600000,23834832,44930072,2426272121,50016/8388608,50016
110700000,23834832,51435920,2426272121,49984/8388608,49984
110800000,23834832,57942616,2426272121,0/8388608,0
110900000,23227272,64446288,2361479783,8352/8388608,8352
111000000,23227272,70952528,2361479783,8352/8388608,8352
111100000,23227272,77460008,2361479783,8352/8388608,8352
111200000,23486080,18952536,2390234571,4176/8388608,8352
111300000,23486080,25457608,2390234571,8352/8388608,8352
111400000,23486080,31961776,2390234571,8352/8388608,8352
111500000,23486080,38469056,2390234571,8352/8388608,8352
111600000,23486080,44975048,2390234571,8352/8388608,8352
111700000,23486080,51481568,2390234571,8352/8388608,4176
111800000,23486080,57991904,2390234571,8352/8388608,8352
111900000,23486080,64498536,2390234571,0/8388608,0
112000000,23313120,71006672,2498009844,8368/8388608,8368
112100000,23313120,77514400,2498009844,8368/8388608,8368
112200000,23571768,19006096,2391819186,8368/8388608,8368
112300000,23571768,25516008,2391819186,8368/8388608,8368
112400000,23571768,32022656,2391819186,8368/8388608,4192
112500000,23571768,38529312,2391819186,8368/8388608,8368
112600000,23571768,45036152,2391819186,8368/8388608,8368
112700000,23571768,51544696,2391819186,8368/8388608,8368
112800000,23571768,58051264,2391819186,4176/8388608,4176
112900000,23571768,64556760,2391819186,0/8388608,0
113000000,23417848,71061744,2501310857,8352/8388608,8352
113100000,23417848,77567984,2501310857,8352/8388608,8352
113200000,23676688,19060464,2395126092,8352/8388608,8352
113300000,23676688,25566128,2395126092,8352/8388608,8352
113400000,23676688,32071880,2395126092,8352/8388608,8352
113500000,23676688,38579168,2395126092,8352/8388608,8352
113600000,23676688,45085880,2395126092,8352/8388608,8352
113700000,23676688,51590424,2395126092,8368/8388608,8368
113800000,23676688,58097744,2395126092,8368/8388608,8368
113900000,23676688,64603736,2395126092,8368/8388608,8368
114000000,23676688,71110704,2395126092,8368/8388608,8368
114100000,23676688,77616912,2395126092,4192/8388608,4192
114200000,23676688,84127472,2395126092,4192/8388608,4192
114300000,23935608,25620104,2423897456,4176/8388608,4176
114400000,23935608,32125320,2423897456,0/8388608,0
114500000,23749640,38633880,2395536044,58320/8388608,58320
114600000,23749640,45141912,2395536044,58352/8388608,58352
114700000,23749640,51649072,2395536044,58448/8388608,58448
114800000,23749640,58155872,2395536044,58352/8388608,58352
114900000,23749640,64661832,2395536044,58416/8388608,58416
115000000,23749640,71168512,2395536044,58272/8388608,58272
115100000,23749640,77675696,2395536044,58384/8388608,58384
115200000,24008400,19168992,2424290520,54160/8388608,54160
115300000,24008400,25675848,2424290520,54144/8388608,54144
115400000,24008400,32182448,2424290520,54208/8388608,54208
115500000,24008400,38688640,2424290520,58368/8388608,58368
115600000,24008400,45194240,2424290520,58320/8388608,58320
115700000,24008400,51699576,2424290520,58352/8388608,58352
115800000,24008400,58204080,2424290520,58352/8388608,58352
115900000,24008400,64711840,2424290520,58336/8388608,58336
116000000,24008400,71218992,2424290520,54112/8388608,54112
116100000,24008400,77721536,2424290520,58208/8388608,58208
116200000,24267176,19213856,2453049362,58400/8388608,58400
116300000,24267176,25723288,2453049362,58384/8388608,58384
116400000,24267176,32229256,2453049362,58208/8388608,58208
116500000,24267176,38737600,2453049362,58400/8388608,58400
116600000,24267176,45245232,2453049362,58272/8388608,58272
116700000,24267176,51751056,2453049362,58368/8388608,58368
116800000,24267176,58257472,2453049362,58288/8388608,58288
116900000,24267176,64764136,2453049362,58336/8388608,58336
117000000,24267176,71272192,2453049362,58224/8388608,58224
117100000,24267176,77781488,2453049362,58368/8388608,58368
117200000,24526000,19272832,2481810879,54144/8388608,54144
117300000,24526000,25778040,2481810879,58224/8388608,58224
117400000,24526000,32284936,2481810879,54112/8388608,54112
117500000,24526000,38792016,2481810879,58272/8388608,58272
117600000,24526000,45300424,2481810879,54224/8388608,54224
117700000,24526000,51807472,2481810879,58272/8388608,58272
117800000,24526000,58315056,2481810879,58384/8388608,58384
117900000,24526000,64820504,2481810879,58432/8388608,58432
118000000,24526000,71328560,2481810879,58368/8388608,58368
118100000,24526000,77835296,2481810879,58304/8388608,58304
118200000,24526000,84343384,2481810879,58304/8388608,58304
118300000,24784744,25836200,2510576569,58384/8388608,58384
118400000,24784744,32343360,2510576569,58336/8388608,58336
118500000,24784744,38851360,2510576569,58304/8388608,58304
118600000,24784744,45357768,2510576569,58272/8388608,58272
118700000,24784744,51865296,2510576569,58272/8388608,58272
118800000,24784744,58370096,2510576569,58352/8388608,58352
118900000,24784744,64876152,2510576569,58272/8388608,58272
119000000,24784744,71382016,2510576569,58320/8388608,58320
119100000,24784744,77888000,2510576569,54128/8388608,54128
119200000,25043488,19382384,2539327728,54112/8388608,54112
119300000,25043488,25888904,2539327728,58336/8388608,58336
119400000,25043488,32396696,2539327728,58384/8388608,58384
119500000,25043488,38904384,2539327728,58272/8388608,58272
119600000,25043488,45410800,2539327728,58240/8388608,58240
119700000,25043488,51916368,2539327728,58368/8388608,58368
119800000,25043488,58424496,2539327728,58304/8388608,58304
119900000,25043488,64930392,2539327728,58400/8388608,58400
120000000,25043488,71439312,2539327728,58272/8388608,58272
120100000,25043488,77946768,2539327728,58288/8388608,58288
120200000,25043488,84454176,2539327728,58288/8388608,58288
120300000,25302264,25947016,2568079315,58416/8388608,58416
120400000,25302264,32452216,2568079315,58304/8388608,58304
120500000,25302264,38957952,2568079315,54160/8388608,54160
120600000,25302264,45464360,2568079315,58208/8388608,54064
120700000,25302264,51968112,2568079315,54176/8388608,58352
120800000,25302264,58474816,2568079315,58400/8388608,58400
120900000,25302264,64979960,2568079315,54128/8388608,54128
121000000,25302264,71486840,2568079315,58416/8388608,58416
121100000,25302264,77991272,2568079315,58336/8388608,58336
121200000,25561088,19483776,2596839471,58240/8388608,58240
121300000,25561088,25992216,2596839471,58272/8388608,58272
121400000,25561088,32500624,2596839471,58368/8388608,58368
121500000,25561088,39007120,2596839471,58416/8388608,58416
121600000,25561088,45515760,2596839471,58384/8388608,58384
121700000,25561088,52020840,2596839471,58384/8388608,58384
121800000,25561088,58530072,2596839471,58416/8388608,58416
121900000,25561088,65037448,2596839471,58256/8388608,58256
122000000,25561088,71540752,2596839471,54112/8388608,54112
122100000,25819848,13034104,2625595867,54240/8388608,54240
122200000,25819848,19540992,2625595867,58304/8388608,58304
122300000,25819848,26048208,2625595867,58400/8388608,58400
122400000,25819848,32554408,2625595867,58352/8388608,58352
122500000,25819848,39060832,2625595867,58416/8388608,58416
122600000,25819848,45569704,2625595867,54144/8388608,54144
122700000,25819848,52076368,2625595867,54144/8388608,54144
122800000,25038264,58583016,2542026076,8368/8388608,8368
122900000,25038264,65088544,2542026076,8368/8388608,8368
123000000,25038264,71594496,2542026076,4192/8388608,4192
123100000,25038264,78101856,2542026076,8368/8388608,8368
123200000,25038264,84606456,2542026076,8368/8388608,8368
123300000,25297104,26097560,2570781618,8368/8388608,8368
123400000,25297104,32604424,2570781618,8368/8388608,8368
123500000,25297104,39112272,2570781618,8368/8388608,8368
123600000,25297104,45618600,2570781618,4176/8388608,4176
123700000,25297104,52125072,2570781618,4176/8388608,4176
123800000,25109488,58629680,2542080160,8352/8388608,8352
123900000,25109488,65137120,2542080160,8352/8388608,8352
124000000,25109488,71646552,2542080160,8352/8388608,8352
124100000,25109488,78153280,2542080160,8352/8388608,8352
124200000,25368248,19644528,2570838476,8352/8388608,8352
124300000,25368248,26152720,2570838476,8352/8388608,8352
124400000,25368248,32660232,2570838476,8352/8388608,8352
124500000,25368248,39167936,2570838476,8352/8388608,8352
124600000,25368248,45674840,2570838476,8352/8388608,4176
124700000,25368248,52181904,2570838476,8352/8388608,8352
124800000,25368248,58686368,2570838476,8352/8388608,8352
124900000,25368248,65196528,2570838476,8352/8388608,8352
125000000,25368248,71704448,2570838476,4176/8388608,4176
