opseq,index_size,memtable_size,sst_size,block_cache/block_cache_capacity,block_cache_pinned_usage
100,0,24112,0,0/8388608,0
200,0,43448,0,0/8388608,0
300,0,62672,0,0/8388608,0
400,0,82064,0,0/8388608,0
500,0,101328,0,0/8388608,0
600,0,120672,0,0/8388608,0
700,0,140016,0,0/8388608,0
800,0,159312,0,0/8388608,0
900,0,178528,0,0/8388608,0
1000,0,197744,0,0/8388608,0
1500,0,294208,0,0/8388608,0
2000,0,390784,0,0/8388608,0
2500,0,487264,0,0/8388608,0
3000,0,583520,0,0/8388608,0
3500,0,680016,0,0/8388608,0
4000,0,776624,0,0/8388608,0
4500,0,873088,0,0/8388608,0
5000,0,969552,0,0/8388608,0
6000,0,1162496,0,0/8388608,0
7000,0,1355656,0,0/8388608,0
8000,0,1548816,0,0/8388608,0
9000,0,1742080,0,0/8388608,0
10000,0,1935344,0,0/8388608,0
15000,0,2900720,0,0/8388608,0
20000,0,3865664,0,0/8388608,0
25000,0,4830696,0,0/8388608,0
30000,0,5796096,0,0/8388608,0
35000,0,6761456,0,0/8388608,0
40000,0,7727088,0,0/8388608,0
45000,0,8696248,0,0/8388608,0
50000,0,9661576,0,0/8388608,0
60000,0,11592872,0,0/8388608,0
70000,0,13523848,0,0/8388608,0
80000,0,15454032,0,0/8388608,0
90000,0,17388448,0,0/8388608,0
100000,0,19319384,0,0/8388608,0
150000,0,28976648,0,0/8388608,0
200000,0,38633912,0,0/8388608,0
250000,0,48291752,0,0/8388608,0
300000,0,57949224,0,0/8388608,0
350000,0,67612584,0,0/8388608,0
400000,0,77270816,0,0/8388608,0
450000,0,86927600,0,0/8388608,0
500000,0,96584496,0,0/8388608,0
600000,399352,50857872,37410824,0/8388608,0
700000,399352,70166464,37410824,0/8388608,0
800000,399352,89473504,37410824,0/8388608,0
900000,399352,108780240,37410824,0/8388608,0
1000000,798816,63045896,74860953,0/8388608,0
1100000,798816,82353064,74860953,0/8388608,0
1200000,798816,101658920,74860953,0/8388608,0
1300000,1198152,55950400,112299566,0/8388608,0
1400000,1198152,75258888,112299566,0/8388608,0
1500000,1198152,94567432,112299566,0/8388608,0
1600000,1597520,48861544,149742224,16320/8388608,16320
1700000,1597520,68169544,149742224,16320/8388608,16320
1800000,1597520,87477144,149742224,16320/8388608,16320
1900000,1597520,106787080,149742224,16320/8388608,16320
2000000,1597520,126095024,149742224,16320/8388608,16320
2100000,1997048,80388368,187200395,16320/8388608,16320
2200000,1997048,99697048,187200395,16320/8388608,16320
2300000,2396480,53990608,224644050,16320/8388608,16320
2400000,2396480,73299240,224644050,16320/8388608,16320
2500000,2354008,92605168,362783607,0/8388608,0
2600000,2753360,46898376,250488227,0/8388608,0
2700000,2753360,66205344,250488227,0/8388608,0
2800000,2753360,85510984,250488227,0/8388608,0
2900000,2753360,104816536,250488227,0/8388608,0
3000000,3152760,59112648,287933299,20400/8388608,20400
3100000,3152760,78419200,287933299,20400/8388608,20400
3200000,3152760,97725296,287933299,20416/8388608,20416
3300000,3152760,117032664,287933299,20416/8388608,20416
3400000,3552192,71326496,325370360,20400/8388608,20400
3500000,3552192,90634208,325370360,20400/8388608,20400
3600000,3552192,109941264,325370360,16320/8388608,20400
3700000,3951608,64234400,362821491,20400/8388608,20400
3800000,3951608,83541832,362821491,20400/8388608,20400
3900000,3951608,102851848,362821491,16320/8388608,16320
4000000,4350944,57144816,400261183,20400/8388608,20400
4100000,4350944,76451936,400261183,16320/8388608,20400
4200000,4350944,95760496,400261183,20400/8388608,20400
4300000,4350944,115068560,400261183,20400/8388608,20400
4400000,4750296,69361344,437709370,20400/8388608,20400
4500000,4750296,88667704,437709370,20400/8388608,20400
4600000,4750296,107974464,437709370,16320/8388608,16320
4700000,5149568,62268888,475152763,0/8388608,0
4800000,4982312,81575512,739851203,20416/8388608,20416
4900000,4982312,100883864,739851203,24496/8388608,24496
5000000,5381744,55180112,489362933,24496/8388608,24496
5100000,5381744,74488016,489362933,24496/8388608,24496
5200000,5381744,93794336,489362933,20416/8388608,20416
5300000,5781192,48086392,526806229,20416/8388608,20416
5400000,5781192,67394176,526806229,24512/8388608,24512
5500000,5781192,86701640,526806229,24512/8388608,24512
5600000,5781192,106009144,526806229,24496/8388608,24496
5700000,6180704,60301992,564250562,24496/8388608,24496
5800000,6180704,79608928,564250562,24496/8388608,24496
5900000,6180704,98916792,564250562,24496/8388608,24496
6000000,6180704,118224624,564250562,24496/8388608,24496
6100000,6580024,72519280,601693257,20416/8388608,20416
6200000,6580024,91825616,601693257,24496/8388608,24496
6300000,6580024,111133800,601693257,24496/8388608,24496
6400000,6979328,65426944,639134891,24496/8388608,24496
6500000,6979328,84733056,639134891,24496/8388608,24496
6600000,6979328,104039416,639134891,20432/8388608,20432
6700000,7378632,58331408,676574944,24496/8388608,24496
6800000,7378632,77637608,676574944,24496/8388608,24496
6900000,7378632,96944056,676574944,24496/8388608,24496
7000000,7777968,51236344,714023083,24512/8388608,24512
7100000,7777968,70546352,714023083,20432/8388608,24512
7200000,7777968,89851904,714023083,24496/8388608,24496
7300000,7777968,109157736,714023083,24512/8388608,24512
7400000,7777968,128462936,714023083,24528/8388608,20448
7500000,7801848,82755576,1159656314,32672/8388608,32672
7600000,7801848,102060920,1159656314,32672/8388608,36752
7700000,8201184,56353120,745170975,36736/8388608,36736
7800000,8201184,75662208,745170975,36720/8388608,36720
7900000,8201184,94971192,745170975,36720/8388608,36720
8000000,8600648,49263472,782613087,36720/8388608,36720
8100000,8600648,68570896,782613087,36736/8388608,36736
8200000,8600648,87878248,782613087,36720/8388608,32640
8300000,8600648,107183320,782613087,36720/8388608,36720
8400000,9000080,61475832,820059910,32640/8388608,32640
8500000,9000080,80782976,820059910,32656/8388608,36736
8600000,9000080,100088208,820059910,36720/8388608,36720
8700000,9399448,54381640,857502940,36720/8388608,36720
8800000,9399448,73690528,857502940,36720/8388608,36720
8900000,9399448,92996880,857502940,36720/8388608,36720
9000000,9798880,47289144,894955421,32640/8388608,32640
9100000,9798880,66596248,894955421,36720/8388608,36720
9200000,9798880,85905008,894955421,36720/8388608,36720
9300000,9798880,105212464,894955421,32688/8388608,32688
9400000,10198312,59506152,932407372,36720/8388608,36720
9500000,10198312,78815472,932407372,36720/8388608,36720
9600000,10198312,98120408,932407372,36720/8388608,36720
9700000,10198312,117425016,932407372,36720/8388608,36720
9800000,10597664,71718896,969853045,36720/8388608,36720
9900000,10597664,91024120,969853045,36720/8388608,36720
10000000,10997048,45315192,1007297450,36720/8388608,36720
10100000,10997048,64623784,1007297450,36720/8388608,36720
10200000,10997048,83934664,1007297450,36720/8388608,36720
10300000,10997048,103241680,1007297450,36736/8388608,36736
10400000,11396512,57536448,1044751816,36736/8388608,36736
10500000,11396512,76843488,1044751816,36720/8388608,36720
10600000,11396512,96151536,1044751816,36736/8388608,36736
10700000,11796008,50447472,1082196516,36720/8388608,36720
10800000,11796008,69754496,1082196516,36736/8388608,36736
10900000,11796008,89062264,1082196516,36736/8388608,36736
11000000,11796008,108369896,1082196516,36736/8388608,36736
11100000,12195504,62664840,1119638450,36736/8388608,36736
11200000,12195504,81972456,1119638450,36736/8388608,36736
11300000,12195504,101280360,1119638450,32640/8388608,32640
11400000,12594920,55571408,1157084023,9504/8388608,9504
11500000,11657040,74879952,1057200539,53120/8388608,53120
11600000,11657040,94186568,1057200539,53120/8388608,49040
11700000,12056424,48480552,1094647771,53120/8388608,53120
11800000,12056424,67789472,1094647771,53120/8388608,53120
11900000,12056424,87094120,1094647771,53088/8388608,53088
12000000,12056424,106400088,1094647771,53072/8388608,53072
12100000,12455744,60693856,1132078589,53072/8388608,53072
12200000,12455744,80003328,1132078589,53088/8388608,53088
12300000,12455744,99311344,1132078589,53088/8388608,53088
12400000,12855112,53604768,1169516265,53040/8388608,53040
12500000,12855112,72912632,1169516265,48960/8388608,53040
12600000,12855112,92218536,1169516265,53040/8388608,53040
12700000,13254496,46511256,1206959541,53040/8388608,53040
12800000,13254496,65818464,1206959541,48960/8388608,48960
12900000,13254496,85122744,1206959541,53056/8388608,53056
13000000,13254496,104428168,1206959541,53040/8388608,53040
13100000,13653912,58719080,1244406183,53056/8388608,53056
13200000,13653912,78025768,1244406183,53056/8388608,53056
13300000,13653912,97332856,1244406183,48976/8388608,48976
13400000,14053376,51625696,1281860801,53056/8388608,53056
13500000,14053376,70932096,1281860801,53040/8388608,53040
13600000,14053376,90240272,1281860801,53040/8388608,53040
13700000,14452936,44532888,1319319284,53040/8388608,53040
13800000,14452936,63839752,1319319284,48976/8388608,48976
13900000,14452936,83147536,1319319284,53056/8388608,48976
14000000,14452936,102453608,1319319284,53040/8388608,53040
14100000,14452936,121760648,1319319284,53040/8388608,53040
14200000,15251784,11042472,1394212983,48960/8388608,53040
14300000,15251784,30348024,1394212983,48960/8388608,48960
14400000,15251784,49655160,1394212983,48960/8388608,48960
14500000,13193216,68963488,2244058547,0/8388608,0
14600000,13193216,88268936,2244058547,40816/8388608,40816
14700000,13592584,42564168,1224301520,40832/8388608,40832
14800000,13592584,61868040,1224301520,36736/8388608,40816
14900000,13592584,81175504,1224301520,40816/8388608,40816
15000000,13592584,100482488,1224301520,40800/8388608,40800
15100000,13992160,54774160,1261752279,40800/8388608,40800
15200000,13992160,74079952,1261752279,40800/8388608,40800
15300000,13992160,93386392,1261752279,40800/8388608,40800
15400000,13992160,112694976,1261752279,40800/8388608,40800
15500000,14391528,66986640,1299188855,40816/8388608,40816
15600000,14391528,86293808,1299188855,40800/8388608,40800
