opseq,index_size,memtable_size,sst_size,block_cache/block_cache_capacity,block_cache_pinned_usage
100,0,214568,0,0/8388608,0
200,0,423080,0,0/8388608,0
300,0,631528,0,0/8388608,0
400,0,840104,0,0/8388608,0
500,0,1048536,0,0/8388608,0
600,0,1256968,0,0/8388608,0
700,0,1465384,0,0/8388608,0
800,0,1673840,0,0/8388608,0
900,0,1882208,0,0/8388608,0
1000,0,2090480,0,0/8388608,0
1500,0,3132520,0,0/8388608,0
2000,0,4174728,0,0/8388608,0
2500,0,5216880,0,0/8388608,0
3000,0,6259136,0,0/8388608,0
3500,0,7300888,0,0/8388608,0
4000,0,8342792,0,0/8388608,0
4500,0,9391008,0,0/8388608,0
5000,0,10432976,0,0/8388608,0
6000,0,12517056,0,0/8388608,0
7000,0,14601424,0,0/8388608,0
8000,0,16685144,0,0/8388608,0
9000,0,18774224,0,0/8388608,0
10000,0,20858216,0,0/8388608,0
15000,0,31284992,0,0/8388608,0
20000,0,41712000,0,0/8388608,0
25000,0,52142384,0,0/8388608,0
30000,0,62569600,0,0/8388608,0
35000,0,72997488,0,0/8388608,0
40000,0,83429216,0,0/8388608,0
45000,0,93855920,0,0/8388608,0
50000,0,104283232,0,0/8388608,0
60000,0,125142648,0,0/8388608,0
70000,443032,80941560,36331758,0/8388608,0
80000,443032,101789128,36331758,0/8388608,0
90000,443032,122633296,36331758,0/8388608,0
100000,885872,78432376,72644834,0/8388608,0
150000,1328072,117652328,108923216,0/8388608,0
200000,2213432,91852224,181562575,16960/8388608,16960
250000,3098488,66050592,254190345,16960/8388608,16960
300000,3540320,105263688,290438009,0/8388608,0
350000,4351176,79462272,356299938,21200/8388608,21200
400000,4793808,118677376,392622032,21200/8388608,21200
450000,5678464,92878016,465218464,21200/8388608,21200
500000,6562976,67078816,537805843,0/8388608,0
600000,7614464,80491944,623171814,33920/8388608,33920
700000,8942488,93908088,732149296,33920/8388608,33920
800000,10269008,107323056,841007391,33920/8388608,33920
900000,10695112,120733944,1388996989,50896/8388608,50880
