opseq,index_size,memtable_size,sst_size,block_cache/block_cache_capacity,block_cache_pinned_usage
100,0,112384,0,0/8388608,0
200,0,219680,0,0/8388608,0
300,0,327024,0,0/8388608,0
400,0,434288,0,0/8388608,0
500,0,541568,0,0/8388608,0
600,0,648816,0,0/8388608,0
700,0,756128,0,0/8388608,0
800,0,863424,0,0/8388608,0
900,0,970688,0,0/8388608,0
1000,0,1077952,0,0/8388608,0
1500,0,1614704,0,0/8388608,0
2000,0,2151168,0,0/8388608,0
2500,0,2687840,0,0/8388608,0
3000,0,3224328,0,0/8388608,0
3500,0,3760944,0,0/8388608,0
4000,0,4297680,0,0/8388608,0
4500,0,4834344,0,0/8388608,0
5000,0,5370896,0,0/8388608,0
6000,0,6444112,0,0/8388608,0
7000,0,7517136,0,0/8388608,0
8000,0,8595272,0,0/8388608,0
9000,0,9668624,0,0/8388608,0
10000,0,10741728,0,0/8388608,0
15000,0,16107016,0,0/8388608,0
20000,0,21477000,0,0/8388608,0
25000,0,26846664,0,0/8388608,0
30000,0,32211808,0,0/8388608,0
35000,0,37581720,0,0/8388608,0
40000,0,42951448,0,0/8388608,0
45000,0,48316136,0,0/8388608,0
50000,0,53685664,0,0/8388608,0
60000,0,64421112,0,0/8388608,0
70000,0,75162656,0,0/8388608,0
80000,0,85897120,0,0/8388608,0
90000,0,96631984,0,0/8388608,0
100000,0,107372672,0,0/8388608,0
150000,62344,95991488,4507385,0/8388608,0
200000,74560,84599928,5392337,0/8388608,0
250000,82264,73242712,5937013,0/8388608,0
300000,87920,61885960,6334928,17152/8388608,17152
350000,87920,115543968,6334928,0/8388608,0
400000,95976,39170816,6883124,0/8388608,0
450000,95976,92826376,6883124,0/8388608,0
500000,99440,81468808,7110974,0/8388608,0
600000,102440,123770496,7311078,0/8388608,0
700000,106776,101058584,7639637,0/8388608,0
800000,111256,78341976,7926350,21440/8388608,21440
900000,112080,120640936,8043808,0/8388608,0
1000000,115936,97927392,8274256,0/8388608,0
1100000,118624,75210968,8475415,0/8388608,0
1200000,121824,52497856,8661012,0/8388608,0
1300000,122160,94798160,8740909,0/8388608,0
1400000,125008,72084960,8903321,0/8388608,0
1500000,125392,114384408,8974911,0/8388608,0
1600000,128000,91669768,9119386,0/8388608,0
1700000,129368,68955568,9249666,0/8388608,0
1800000,130576,111254512,9314660,0/8388608,0
1900000,131912,88539376,9433758,0/8388608,0
2000000,133088,65823008,9545887,0/8388608,0
2100000,135328,43106312,9657708,17152/8388608,17152
2200000,135296,85406848,9706413,0/8388608,0
2300000,137440,62687976,9810254,0/8388608,0
2400000,137296,104989552,9855136,0/8388608,0
2500000,139360,82276840,9952838,0/8388608,0
2600000,140120,59561720,10040717,0/8388608,0
2700000,141120,101860104,10086798,0/8388608,0
2800000,141992,79145760,10169810,0/8388608,0
2900000,142976,121443888,10213223,0/8388608,0
3000000,143672,98730744,10291110,0/8388608,0
3100000,144368,76019648,10366535,0/8388608,0
3200000,146208,53304208,10444218,17152/8388608,17152
3300000,145824,95604840,10476348,0/8388608,0
3400000,147600,72889904,10550793,0/8388608,0
3500000,148232,50175944,10618802,0/8388608,0
3600000,149120,92476896,10654767,0/8388608,0
3700000,149656,69762400,10718173,0/8388608,0
3800000,150528,112063112,10753126,0/8388608,0
3900000,150968,89348360,10815423,0/8388608,0
4000000,151456,66633816,10876253,0/8388608,0
4100000,152168,108932504,10908489,0/8388608,0
4200000,153592,86219352,10971841,0/8388608,0
4300000,153920,63504856,11028648,0/8388608,0
4400000,153824,105803688,11054258,0/8388608,0
4500000,155184,83092632,11114304,0/8388608,0
4600000,155640,60374968,11167331,0/8388608,0
4700000,156320,102674816,11196595,0/8388608,0
4800000,156728,79958888,11248300,0/8388608,0
4900000,157376,122259784,11275590,0/8388608,0
5000000,157880,99546872,11326326,0/8388608,0
5100000,158288,76831920,11375534,0/8388608,0
5200000,159600,54117280,11428788,17152/8388608,17152
5300000,159312,96415936,11450331,0/8388608,0
5400000,160592,73703208,11502051,0/8388608,0
5500000,160936,50988464,11548029,0/8388608,0
5600000,161568,93287032,11573541,0/8388608,0
5700000,161912,70573096,11619042,0/8388608,0
5800000,162544,112875368,11643264,0/8388608,0
5900000,162968,90162720,11686786,0/8388608,0
6000000,164232,67448064,11735323,0/8388608,0
6100000,163912,109747328,11753977,0/8388608,0
6200000,164160,87032448,15529255,0/8388608,0
6300000,165360,64315392,11840889,0/8388608,0
6400000,165056,106613904,11859461,0/8388608,0
6500000,166256,83900640,11904883,0/8388608,0
6600000,166552,61181792,11944093,0/8388608,0
6700000,167152,103483160,11966541,0/8388608,0
6800000,167400,80769256,12005736,0/8388608,0
6900000,168000,123070440,12026946,0/8388608,0
7000000,168264,100357184,12065172,0/8388608,0
7100000,168480,77645952,12102756,0/8388608,0
7200000,169632,54932384,12143964,17152/8388608,17152
7300000,169264,97235032,12159967,0/8388608,0
7400000,170400,74520696,12201040,0/8388608,0
7500000,170504,51807360,12236662,0/8388608,0
7600000,171072,94104064,12256653,0/8388608,0
7700000,171304,71391568,12291742,0/8388608,0
7800000,171872,113691264,12311626,0/8388608,0
7900000,172056,90976832,12346076,0/8388608,0
8000000,172256,68259424,12379999,0/8388608,0
8100000,173392,45543184,12418165,17152/8388608,17152
8200000,173024,87841392,12432189,0/8388608,0
8300000,174176,65126608,12469847,0/8388608,0
8400000,174328,42412160,12502232,0/8388608,0
8500000,174896,84713400,12521140,0/8388608,0
8600000,175032,62002216,12553228,0/8388608,0
8700000,175600,104302352,12571955,0/8388608,0
8800000,175608,81589936,12603251,0/8388608,0
8900000,176144,123887264,12621417,0/8388608,0
9000000,176864,36158456,12670432,17152/8388608,12864
9100000,176496,78456352,12683770,0/8388608,0
9200000,177568,55742080,12718881,17152/8388608,17152
9300000,177200,98042048,12731532,0/8388608,0
9400000,178272,75328072,12766691,0/8388608,0
9500000,178424,52615096,12796377,0/8388608,0
9600000,178960,94915152,12813202,0/8388608,0
9700000,178968,72201376,12841425,0/8388608,0
9800000,179504,114501584,12858263,0/8388608,0
9900000,179640,91786752,12887292,0/8388608,0
10000000,180712,69076640,12921135,0/8388608,0
10100000,180328,111375416,12932549,0/8388608,0
10200000,180320,88658056,17864893,0/8388608,0
10300000,181392,65944528,12992651,17152/8388608,17152
10400000,181928,108245000,13008823,0/8388608,0
10500000,182032,85530360,13036477,17152/8388608,17152
10600000,182136,62816280,13063574,0/8388608,0
10700000,182672,105117000,13080087,0/8388608,0
10800000,182776,82400272,13107334,0/8388608,0
10900000,183296,124697840,13122904,0/8388608,0
11000000,183272,101983744,13149065,0/8388608,0
11100000,184312,79267840,13179747,0/8388608,0
11200000,184400,56553784,13205847,17152/8388608,17152
11300000,183984,98852344,18378740,0/8388608,0
11400000,185024,76137344,13247560,17168/8388608,17168
11500000,184480,118437448,13257705,0/8388608,0
11600000,185520,95724072,13287812,0/8388608,0
11700000,185608,73008096,13313117,0/8388608,0
11800000,186128,115305560,13328202,0/8388608,0
11900000,186072,92590160,13352617,0/8388608,0
12000000,187112,69874488,13382241,0/8388608,0
12100000,187216,47161416,13406938,17168/8388608,17168
12200000,186768,89461952,18780375,0/8388608,0
12300000,187808,66748296,13446260,17152/8388608,17152
12400000,187232,109048656,13455719,0/8388608,0
12500000,188272,86340040,13484652,0/8388608,0
12600000,188312,63626392,13508826,0/8388608,0
12700000,188832,105926120,13522747,0/8388608,0
12800000,188904,83211992,13546911,0/8388608,0
12900000,189424,125511136,13560734,0/8388608,0
13000000,189352,102799848,13584179,0/8388608,0
13100000,190392,80084904,13611852,0/8388608,0
13200000,190464,57368448,13635367,17152/8388608,17152
13300000,189856,99668480,19235224,0/8388608,0
13400000,190896,76956624,13671544,0/8388608,0
13500000,190904,54242944,13693676,0/8388608,0
13600000,191424,96541680,13707539,0/8388608,0
13700000,191496,73823992,13730450,0/8388608,0
13800000,191984,116123592,13743689,0/8388608,0
13900000,191880,93409696,13765086,0/8388608,0
14000000,192888,70694544,13791860,0/8388608,0
14100000,192928,47983480,13814176,17152/8388608,17152
14200000,192352,90283648,19592330,0/8388608,0
14300000,193328,67568720,13847984,0/8388608,0
14400000,193368,44855768,13870165,0/8388608,0
14500000,193856,87154736,13883327,0/8388608,0
14600000,193784,64439560,13904216,0/8388608,0
14700000,194272,106741080,13917442,0/8388608,0
14800000,194312,84023880,13938332,0/8388608,0
14900000,194800,126322544,13951519,0/8388608,0
15000000,195200,38592112,13985038,17152/8388608,17152
15100000,194768,80890024,19934132,0/8388608,0
15200000,195744,58175872,14018583,17152/8388608,17152
15300000,195312,100475280,14026534,0/8388608,0
15400000,196288,77762256,14051814,17152/8388608,17152
15500000,196168,55047688,14072704,0/8388608,0
15600000,196656,97348384,14084608,0/8388608,0
15700000,196696,74633296,14105081,0/8388608,0
15800000,197184,116933544,14117649,0/8388608,0
15900000,197080,94219744,14137963,0/8388608,0
16000000,198056,71506528,14162607,0/8388608,0
16100000,198064,48792376,14182314,17152/8388608,17152
16200000,197504,91093680,20328494,0/8388608,0
16300000,198480,68379480,14214536,17152/8388608,17152
16400000,198968,110685168,14226422,0/8388608,0
16500000,198976,87970896,14246246,0/8388608,0
16600000,198888,65257296,14266037,0/8388608,0
16700000,199376,107555520,14278061,0/8388608,0
16800000,199368,84839592,14297314,0/8388608,0
16900000,199856,127140224,14309320,0/8388608,0
17000000,199752,104422872,14328424,0/8388608,0
17100000,200728,81711880,14352367,0/8388608,0
17200000,200720,58998248,14371685,17152/8388608,17152
17300000,200112,101296040,20706669,0/8388608,0
17400000,201088,78583952,14402192,17152/8388608,17152
17500000,201576,120882184,14414239,0/8388608,0
17600000,201600,98167656,14432947,0/8388608,0
17700000,201480,75455320,14451355,0/8388608,0
17800000,201968,117753728,14463265,0/8388608,0
17900000,201960,95041904,14481947,0/8388608,0
18000000,202936,72327408,14505407,0/8388608,0
18100000,202800,49610168,14523220,17152/8388608,17152
18200000,202304,91908768,21009735,0/8388608,0
18300000,203280,69193656,14553173,12864/8388608,12864
18400000,203768,111491608,14564676,0/8388608,0
18500000,203616,88776688,14583143,17152/8388608,17152
18600000,203656,66064096,14600764,0/8388608,0
18700000,204160,108363128,14612141,0/8388608,0
18800000,204008,85646744,14629956,0/8388608,0
18900000,204496,127945568,14641400,0/8388608,0
19000000,204912,40216032,14670088,17152/8388608,17152
19100000,204288,82515184,21302801,0/8388608,0
19200000,205264,59802968,14699310,17152/8388608,17152
19300000,205752,102101376,14710732,0/8388608,0
19400000,205584,79385736,14727940,0/8388608,0
19500000,205592,56671504,14745302,0/8388608,0
19600000,206080,98972936,14756785,0/8388608,0
19700000,205928,76259104,14774074,0/8388608,0
19800000,206384,118556768,14784872,0/8388608,0
19900000,206376,95840120,14802150,0/8388608,0
20000000,207320,73125848,14824186,0/8388608,0
20100000,207184,50412192,14840978,17152/8388608,17152
20200000,206704,92711904,21644786,0/8388608,0
20300000,207616,69997696,14869106,17152/8388608,17152
20400000,207024,112293696,21700267,0/8388608,0
20500000,207936,89578032,14896528,17152/8388608,17152
20600000,207960,66864352,14913368,0/8388608,0
20700000,208416,109163768,14924048,0/8388608,0
20800000,208280,86449088,14940784,0/8388608,0
20900000,208736,128751904,14951615,0/8388608,0
21000000,208600,106035680,14968234,0/8388608,0
21100000,209512,83320080,14989217,0/8388608,0
21200000,209504,60604680,15005568,17152/8388608,17152
21300000,208896,102905800,21973280,0/8388608,0
21400000,209808,80192184,15031853,17152/8388608,17152
21500000,210264,122490952,15042529,0/8388608,0
21600000,210256,99777560,15058604,0/8388608,0
21700000,210120,77063856,15075413,0/8388608,0
21800000,210576,119363896,15085612,0/8388608,0
21900000,210568,96650056,15102410,0/8388608,0
22000000,211480,73935536,15123185,0/8388608,0
22100000,211344,51218944,15138533,17152/8388608,17152
22200000,211800,93518000,15149266,0/8388608,0
22300000,211664,70802880,15165395,17152/8388608,17152
22400000,212120,113102088,15175476,0/8388608,0
22500000,212112,90387680,15191735,0/8388608,0
22600000,211976,67673248,15207276,0/8388608,0
22700000,212888,44959528,15228131,0/8388608,0
22800000,212392,87260688,15233569,0/8388608,0
22900000,212848,129561296,15243731,0/8388608,0
23000000,213184,41832024,15269842,17152/8388608,17152
23100000,213640,84131040,15280051,0/8388608,0
23200000,213632,61418152,15295734,17152/8388608,17152
23300000,212992,103717936,15301028,0/8388608,0
23400000,213904,81003088,15321358,17168/8388608,17168
23500000,214360,123300840,15331573,0/8388608,0
23600000,214224,100582928,15346928,0/8388608,0
23700000,214200,77867952,15362558,0/8388608,0
23800000,214656,120168416,15372763,0/8388608,0
23900000,214504,97455712,15388390,0/8388608,0
24000000,215416,74741216,15408021,0/8388608,0
24100000,215376,52026832,15423628,12864/8388608,12864
24200000,214768,94326800,22808586,0/8388608,0
24300000,215680,71615904,15448474,17152/8388608,17152
24400000,215072,113913216,15453851,0/8388608,0
24500000,215984,91196800,15473497,17152/8388608,17152
24600000,215960,68482768,15488524,0/8388608,0
24700000,216416,110782304,15498698,0/8388608,0
24800000,216264,88068464,15513642,0/8388608,0
24900000,217176,65352480,15533423,0/8388608,0
25000000,217120,42637464,15548392,17152/8388608,17152
25100000,217576,84939112,15558537,0/8388608,0
25200000,217408,62224832,15573298,17152/8388608,17152
25300000,216816,104525272,15578064,0/8388608,0
25400000,217728,81810632,15597762,17152/8388608,17152
25500000,218184,124108768,15607938,0/8388608,0
25600000,218144,101391616,15622171,0/8388608,0
25700000,217976,78678576,15637095,0/8388608,0
25800000,218432,120979096,15646724,0/8388608,0
25900000,218392,98263760,15661595,0/8388608,0
26000000,219304,75549312,15680778,0/8388608,0
26100000,219136,52833384,15694837,12864/8388608,12864
26200000,218496,95133016,15699997,0/8388608,0
26300000,219408,72418984,15719108,17168/8388608,17168
26400000,219864,114718824,15728730,0/8388608,0
26500000,219824,92005192,15742979,0/8388608,0
26600000,219656,69288824,15757677,0/8388608,0
26700000,220112,111588416,15767211,0/8388608,0
26800000,220072,88873024,15781583,0/8388608,0
26900000,220984,66160688,15800741,0/8388608,0
27000000,220816,43444088,15815066,12864/8388608,17168
27100000,221272,85745160,15824690,0/8388608,0
27200000,221104,63028760,15838266,12864/8388608,17152
27300000,220592,105330520,23637464,0/8388608,0
27400000,221504,82619784,15862197,17152/8388608,17152
27500000,220880,124919096,15866973,0/8388608,0
27600000,221792,102207632,15886017,0/8388608,0
27700000,221624,79495936,15899576,0/8388608,0
27800000,222080,121795848,15909149,0/8388608,0
27900000,222008,99083736,15922731,0/8388608,0
28000000,222920,76369472,15941880,0/8388608,0
28100000,222752,53654608,15955659,17152/8388608,17152
28200000,223208,95954968,15965226,0/8388608,0
28300000,223152,73243800,15979460,17152/8388608,17152
28400000,222528,115542112,15983451,0/8388608,0
28500000,223440,92825464,16002012,0/8388608,0
28600000,223256,70113360,16016128,0/8388608,0
28700000,223712,112412192,16025103,0/8388608,0
28800000,223656,89695184,16039496,0/8388608,0
28900000,224568,66983120,16057982,0/8388608,0
29000000,224368,44268336,16071576,17152/8388608,17152
29100000,223760,86565832,24103364,0/8388608,0
29200000,224672,63852536,16094276,17152/8388608,12864
29300000,224144,106151080,16099016,0/8388608,0
29400000,225056,83438088,16117539,17152/8388608,12864
29500000,224400,125739896,16121512,0/8388608,0
29600000,225312,103023968,16139897,0/8388608,0
29700000,225272,80307912,16153620,0/8388608,0
29800000,225728,122605928,16162563,0/8388608,0
29900000,226000,34877616,16185148,17152/8388608,17152
30000000,226456,77176704,16194766,0/8388608,0
30100000,226256,54460824,16207767,17152/8388608,17152
30200000,225728,96761488,16212511,0/8388608,0
30300000,226640,74049664,16230550,17152/8388608,17152
30400000,226016,116347336,16235296,0/8388608,0
30500000,226928,93633760,16253280,0/8388608,0
30600000,226744,70918992,16266814,0/8388608,0
30700000,227200,113219472,16275685,0/8388608,0
30800000,227128,90507960,16288736,0/8388608,0
30900000,228040,67792064,16306610,0/8388608,0
31000000,227384,110093744,16311323,0/8388608,0
31100000,228296,87380696,16329207,0/8388608,0
31200000,228112,64668504,16342140,17152/8388608,17152
31300000,228568,106969264,16351014,0/8388608,0
31400000,228496,84254264,16364614,17152/8388608,17152
31500000,227872,126554176,16368691,0/8388608,0
31600000,228784,103840696,16386514,0/8388608,0
31700000,228584,81125360,16398933,0/8388608,0
31800000,229040,123422688,16407896,0/8388608,0
31900000,228984,100709912,16421070,0/8388608,0
32000000,229896,77993496,16438925,0/8388608,0
32100000,229696,55279680,16452040,17152/8388608,17152
32200000,230152,97582928,16460995,0/8388608,0
32300000,230080,74865344,16474026,17152/8388608,17152
32400000,230536,117163256,16482900,0/8388608,0
32500000,230336,94448704,16495309,17152/8388608,17152
32600000,230120,71736432,16508266,0/8388608,0
32700000,230576,114036144,16517245,0/8388608,0
32800000,230504,91323672,16530450,0/8388608,0
32900000,231416,68609600,16548232,0/8388608,0
33000000,231216,45892120,16560484,17152/8388608,17152
33100000,231672,88192592,16569452,0/8388608,0
33200000,231488,65478416,16582620,17152/8388608,17152
33300000,231928,107775160,16590962,0/8388608,0
33400000,231856,85060056,16604145,17152/8388608,12864
33500000,231232,127357520,16608304,0/8388608,0
33600000,232144,104648008,16625417,0/8388608,0
33700000,231960,81936160,16638486,0/8388608,0
33800000,232856,59221512,16655788,0/8388608,0
33900000,232312,101520944,16659849,0/8388608,0
34000000,233208,78807888,16677012,0/8388608,0
34100000,233008,56093344,16689849,17152/8388608,17152
34200000,232368,98389680,16693985,0/8388608,0
34300000,233264,75678280,16711195,17168/8388608,17168
34400000,233192,52963728,16723775,0/8388608,0
34500000,233648,95263424,16732719,0/8388608,0
34600000,233464,72549768,16745052,0/8388608,0
34700000,233920,114850816,16754030,0/8388608,0
34800000,233688,92137776,16766398,0/8388608,0
34900000,234584,69422640,16783722,0/8388608,0
35000000,234104,111721936,16787920,0/8388608,0
35100000,235000,89007312,16805058,0/8388608,0
35200000,234800,66295136,16817449,17152/8388608,17152
35300000,235256,108596816,16826350,0/8388608,0
35400000,235024,85882344,16838759,17152/8388608,17152
35500000,234512,128182712,16842318,0/8388608,0
35600000,235408,105468536,16859597,0/8388608,0
35700000,235240,82756040,16871991,0/8388608,0
35800000,235696,125058128,16880992,0/8388608,0
35900000,235888,37329392,16901801,17152/8388608,17152
36000000,236344,79628408,16910762,0/8388608,0
36100000,236304,56910528,16923389,17152/8388608,17152
36200000,236744,99212376,16931647,0/8388608,0
36300000,236544,76498312,16944133,17152/8388608,17152
36400000,236984,118797992,16952443,0/8388608,0
36500000,236784,96085056,16964788,0/8388608,0
36600000,236728,73372568,16977332,0/8388608,0
36700000,237168,115673232,16985549,0/8388608,0
36800000,236952,92959064,16997939,0/8388608,0
36900000,237848,70244104,17015027,0/8388608,0
37000000,237680,47528696,17027449,17152/8388608,17152
37100000,238120,89829688,17035739,0/8388608,0
37200000,238016,67115152,17048361,17152/8388608,17152
37300000,238456,109414840,17056654,0/8388608,0
37400000,238272,86700344,17068491,17152/8388608,17152
37500000,237632,128996736,17072641,0/8388608,0
37600000,238512,106281616,17089136,0/8388608,0
37700000,238456,83568904,17101691,0/8388608,0
37800000,238896,125868968,17109889,0/8388608,0
37900000,238696,103155480,17122326,0/8388608,0
38000000,239576,80439328,17138845,0/8388608,0
38100000,239408,57724064,17151165,17152/8388608,17152
38200000,239864,100025912,17159447,0/8388608,0
38300000,239760,77309600,17171391,17152/8388608,17152
38400000,240216,119609536,17180296,0/8388608,0
38500000,239984,96895928,17192038,0/8388608,0
38600000,239800,74181352,17204590,0/8388608,0
38700000,240680,51464768,17221171,0/8388608,0
38800000,240152,93766160,17224725,0/8388608,0
38900000,241048,71053632,17241891,0/8388608,0
39000000,240424,113355832,17245408,0/8388608,0
39100000,241320,90644232,17262011,0/8388608,0
39200000,241104,67927760,17273746,17152/8388608,17152
39300000,241560,110227616,17282688,0/8388608,0
39400000,241456,87515048,17294687,17152/8388608,17152
39500000,241912,129815656,17303035,0/8388608,0
39600000,241728,107102208,17314880,0/8388608,0
39700000,241512,84388104,17327172,0/8388608,0
39800000,241952,126687392,17335513,0/8388608,0
39900000,241880,103971080,17347492,0/8388608,0
40000000,242760,81254344,17364117,0/8388608,0
40100000,242560,58537520,17375975,17152/8388608,17152
40200000,243000,100836920,17384247,0/8388608,0
40300000,242800,78122880,17396734,12864/8388608,12864
40400000,243240,120422648,17405034,0/8388608,0
40500000,243184,97712128,17416819,0/8388608,0
40600000,242968,75000808,17428675,0/8388608,0
40700000,243408,117302272,17437026,0/8388608,0
40800000,243208,94590160,17448828,0/8388608,0
40900000,244088,71874224,17465427,0/8388608,0
41000000,244000,49157816,17476834,12864/8388608,17152
41100000,244440,91459304,17485209,0/8388608,0
41200000,244272,68743408,17497025,17152/8388608,12864
41300000,244712,111047000,17505323,0/8388608,0
41400000,244496,88334232,17517204,17152/8388608,17152
41500000,244424,65620552,17529108,0/8388608,0
41600000,244864,107918832,17537387,0/8388608,0
41700000,244648,85205240,17549274,0/8388608,0
41800000,245528,62490168,17566018,0/8388608,0
41900000,245344,39775696,17577907,12864/8388608,17152
42000000,245784,82075288,17586130,0/8388608,0
42100000,245712,59359960,17598047,17152/8388608,17152
42200000,246152,101658856,17606418,0/8388608,0
42300000,245936,78944168,17617766,17152/8388608,17152
42400000,246376,121244152,17625433,0/8388608,0
42500000,246176,98530832,17637794,0/8388608,0
42600000,245960,75819144,17649485,0/8388608,0
42700000,246400,118119880,17657819,0/8388608,0
42800000,246360,95408320,17669735,0/8388608,0
42900000,247240,72696176,17686234,0/8388608,0
43000000,247024,49979792,17697971,17152/8388608,17152
43100000,246400,92278448,17700902,0/8388608,0
43200000,247280,69563664,17717386,17152/8388608,17152
43300000,246736,111862224,17720992,0/8388608,0
43400000,247616,89148872,17737601,17152/8388608,17152
43500000,247416,66436624,17749273,0/8388608,0
43600000,248296,43723080,17765224,0/8388608,0
43700000,247640,86024264,17768678,0/8388608,0
43800000,248080,128323320,17777105,0/8388608,0
43900000,248040,105607800,17789127,0/8388608,0
44000000,248920,82895736,17805833,0/8388608,0
44100000,248704,60181688,17817154,17152/8388608,17152
44200000,249144,102482968,17825371,0/8388608,0
44300000,248928,79765400,17837037,12864/8388608,12864
44400000,248448,122064136,17840681,0/8388608,0
44500000,249328,99351320,17856737,17152/8388608,17152
44600000,249080,76638736,17868440,0/8388608,0
44700000,249520,118937880,17876724,17152/8388608,17152
44800000,249320,96221000,17887883,0/8388608,0
44900000,250200,73506272,17904473,0/8388608,0
45000000,250112,50789896,17916445,17152/8388608,17152
45100000,250552,93090936,17924654,0/8388608,0
45200000,250384,70375376,17935949,17152/8388608,17152
45300000,250824,112674720,17944270,0/8388608,0
45400000,250608,89963416,17956013,17152/8388608,17152
45500000,250536,67250424,17966722,0/8388608,0
45600000,250976,109556752,17975070,0/8388608,0
45700000,250760,86840440,17987410,0/8388608,0
45800000,251640,64123256,18003332,0/8388608,0
45900000,251440,41406784,18015054,17152/8388608,17152
46000000,251880,83709848,18023342,0/8388608,0
46100000,251792,60995944,18034630,17152/8388608,17152
46200000,252232,103295976,18042945,0/8388608,0
46300000,252032,80581184,18054727,17152/8388608,17152
46400000,252472,122881272,18062475,0/8388608,0
46500000,252256,100169352,18074305,17152/8388608,17152
46600000,252056,77456936,18086000,0/8388608,0
46700000,252496,119755560,18093725,0/8388608,0
46800000,252408,97041312,18105745,0/8388608,0
46900000,253288,74327120,18121827,0/8388608,0
47000000,253120,51613048,18133100,17152/8388608,17152
47100000,253560,93916160,18141431,0/8388608,0
47200000,253344,71200240,18152056,17152/8388608,17152
47300000,253784,113502088,18160353,0/8388608,0
47400000,253712,90787064,18172280,17168/8388608,17168
47500000,253496,68071312,18183417,0/8388608,0
47600000,254376,45354344,18199430,0/8388608,0
47700000,253736,87658184,18202965,0/8388608,0
47800000,254616,64945080,18219572,0/8388608,0
47900000,254088,107247624,18223236,0/8388608,0
48000000,254968,84533096,18239314,0/8388608,0
48100000,254784,61818984,18249999,17152/8388608,17152
48200000,255224,104116768,18258291,0/8388608,0
48300000,254992,81404176,18270059,17152/8388608,17152
48400000,254480,123701512,18273689,0/8388608,0
48500000,255360,100989528,18289669,17152/8388608,17152
48600000,255144,78275696,18301317,0/8388608,0
48700000,256024,55561208,18317289,0/8388608,0
48800000,255384,97862560,18320798,0/8388608,0
48900000,255296,75149808,18332118,0/8388608,0
49000000,256176,52437008,18348685,17152/8388608,17152
49100000,256616,94734368,18356354,0/8388608,0
49200000,256416,72021600,18368103,17152/8388608,17152
49300000,256872,114322784,18376410,0/8388608,0
49400000,256656,91609024,18387599,17152/8388608,17152
49500000,256568,68891632,18399465,0/8388608,0
49600000,257024,111191192,18406701,0/8388608,0
49700000,256792,88476736,18418985,0/8388608,0
49800000,257672,65763720,18434989,0/8388608,0
49900000,257488,43048344,18446307,17152/8388608,17152
50000000,257928,85348960,18454590,0/8388608,0
50100000,257728,62635752,18465774,12864/8388608,17152
50200000,258168,104933592,18474094,0/8388608,0
50300000,258080,82219240,18484905,17152/8388608,17152
50400000,258520,124521848,18493368,0/8388608,0
50500000,258760,36792320,18512788,17152/8388608,17152
50600000,258104,79087744,18516261,0/8388608,0
50700000,258544,121385528,18524567,0/8388608,0
50800000,258472,98673768,18535793,0/8388608,0
50900000,259368,75959248,18552516,0/8388608,0
51000000,259136,53242280,18563747,12864/8388608,17152
51100000,259576,95542592,18572075,0/8388608,0
51200000,259376,72824944,18583302,17152/8388608,17152
51300000,259816,115121728,18591617,0/8388608,0
51400000,259728,92409976,18603564,17152/8388608,17152
51500000,259528,69695616,18614734,0/8388608,0
51600000,260408,46979568,18631335,0/8388608,0
51700000,259768,89279080,18634835,0/8388608,0
51800000,260648,66566688,18650775,0/8388608,0
51900000,260120,108868880,18654400,0/8388608,0
52000000,261000,86154616,18670405,0/8388608,0
52100000,260784,63441576,18682199,17152/8388608,17152
52200000,261224,105745160,18690497,0/8388608,0
52300000,261024,83030760,18701809,17152/8388608,17152
52400000,261464,125331168,18710091,0/8388608,0
52500000,261376,102617824,18721373,17152/8388608,17152
52600000,261192,79902840,18733001,0/8388608,0
52700000,262072,57186416,18749679,0/8388608,0
52800000,261448,99488320,18752607,0/8388608,0
52900000,262344,76773752,18769192,0/8388608,0
53000000,262112,54057656,18780459,17152/8388608,17152
53100000,262552,96358544,18788811,0/8388608,0
53200000,262464,73646336,18800836,12864/8388608,12864
53300000,262920,115947128,18809137,0/8388608,0
53400000,262720,93233120,18820297,17152/8388608,17152
53500000,262504,70519304,18832094,0/8388608,0
53600000,263384,47800296,18848137,0/8388608,0
53700000,262856,90099592,18851707,0/8388608,0
53800000,263752,67383640,18867680,0/8388608,0
53900000,263536,44670792,18879492,17152/8388608,17152
54000000,263976,86969000,18887744,0/8388608,0
54100000,263760,64255480,18899038,17152/8388608,17152
54200000,264200,106555272,18907315,0/8388608,0
54300000,264112,83839840,18919184,17152/8388608,17152
54400000,263472,126137680,29797372,0/8388608,0
54500000,264352,103426944,18938543,17152/8388608,17152
54600000,264136,80715096,18950370,0/8388608,0
54700000,265032,57998640,18966281,0/8388608,0
54800000,264944,35283136,18978316,17152/8388608,17152
54900000,265384,77582744,18986638,0/8388608,0
55000000,265200,54866296,18997795,17152/8388608,17152
55100000,265656,97167168,19006165,0/8388608,0
55200000,265456,74455184,19018052,17152/8388608,12864
55300000,265896,116755208,19025687,0/8388608,0
55400000,265792,94039696,19037596,12864/8388608,17152
55500000,265592,71320056,19049560,0/8388608,0
55600000,266472,48605128,19065573,0/8388608,0
55700000,265816,90908272,19068960,0/8388608,0
55800000,266696,68194856,19085573,0/8388608,0
55900000,266624,45482240,19097553,17152/8388608,17152
56000000,267064,87782600,19105839,0/8388608,0
56100000,266864,65074032,19117689,17168/8388608,17168
56200000,267304,107374064,19125463,0/8388608,0
56300000,267104,84660424,19137323,17152/8388608,17152
56400000,267544,126962032,19145643,0/8388608,0
56500000,267472,104245096,19156943,17152/8388608,17152
56600000,267256,81532352,19168661,0/8388608,0
56700000,268136,58815816,19184520,0/8388608,0
56800000,267936,36101088,19196404,17168/8388608,17168
56900000,268376,78400944,19204654,0/8388608,0
57000000,268160,55687856,19216405,17152/8388608,17152
57100000,268600,97988288,19224660,0/8388608,0
57200000,268528,75274944,19236590,12864/8388608,12864
57300000,267904,117576224,30433014,0/8388608,0
57400000,268784,94861136,19256300,17152/8388608,17152
57500000,268584,72147432,19268135,0/8388608,0
57600000,269464,49429912,19284803,17152/8388608,12864
57700000,268936,91730672,19288462,0/8388608,0
57800000,269832,69017248,19305092,0/8388608,0
57900000,269632,46302176,19316867,17152/8388608,17152
58000000,268960,88602792,30593466,0/8388608,0
58100000,269840,65889784,19337073,17152/8388608,17152
58200000,270296,108188672,19345421,0/8388608,0
58300000,270240,85473128,19357420,17152/8388608,12864
58400000,270680,127773056,19365653,0/8388608,0
58500000,270904,40042816,19385766,0/8388608,0
58600000,270248,82342512,19389162,0/8388608,0
58700000,271128,59625912,19405743,0/8388608,0
58800000,271056,36909624,19417667,17152/8388608,17152
58900000,271512,79211640,19425978,0/8388608,0
59000000,271328,56497120,19437797,17152/8388608,17152
59100000,271784,98797416,19446103,0/8388608,0
59200000,271568,76082688,19457751,17152/8388608,17152
59300000,272008,118381232,19466095,0/8388608,0
59400000,271904,95666848,19478051,17152/8388608,17152
59500000,271704,72951648,19489940,0/8388608,0
59600000,272584,50236560,19506649,0/8388608,0
59700000,271960,92537240,19510097,0/8388608,0
59800000,272840,69822864,19526723,0/8388608,0
59900000,272768,47108392,19538752,17152/8388608,17152
60000000,273208,89405928,19546996,0/8388608,0
60100000,273008,66691320,19559241,17152/8388608,17152
60200000,273448,108989680,19567642,0/8388608,0
60300000,273248,86277768,19579498,17152/8388608,17152
60400000,273688,128577576,19587781,0/8388608,0
60500000,273616,105864048,19599699,17152/8388608,17152
60600000,273400,83150888,19611570,0/8388608,0
60700000,274296,60436008,19628769,0/8388608,0
60800000,273656,102738280,19632270,0/8388608,0
60900000,274536,80025584,19648908,0/8388608,0
61000000,274464,57312032,19660814,17152/8388608,17152
61100000,274920,99613584,19669836,0/8388608,0
61200000,274720,76900728,19681728,12864/8388608,17152
61300000,275160,119200856,19689964,0/8388608,0
61400000,274960,96484896,19701726,17152/8388608,12864
61500000,274904,73770352,19714395,0/8388608,0
61600000,275784,51053952,19730906,0/8388608,0
61700000,275128,93356048,19734337,0/8388608,0
61800000,276024,70641640,19751574,0/8388608,0
61900000,275808,47925288,19763375,12864/8388608,17152
62000000,276248,90226064,19771620,0/8388608,0
62100000,276192,67513336,19784146,17152/8388608,17152
62200000,276632,109812248,19792376,0/8388608,0
62300000,276448,87101032,19804850,17152/8388608,17152
62400000,276888,129401120,19813118,0/8388608,0
62500000,276688,106688280,19825458,17152/8388608,17152
62600000,276616,83974984,19837472,0/8388608,0
62700000,277528,61256312,19854707,0/8388608,0
62800000,276840,103555496,19858138,0/8388608,0
62900000,277736,80839472,19875398,0/8388608,0
63000000,277536,58124432,19887127,17152/8388608,17152
63100000,277992,100426664,19896099,0/8388608,0
63200000,277920,77712640,19908030,17152/8388608,17152
63300000,278376,120010648,19916929,0/8388608,0
63400000,278176,97300160,19929185,17152/8388608,17152
63500000,277976,74587656,19941729,0/8388608,0
63600000,278856,51872816,19958180,0/8388608,0
63700000,278360,94172608,19962438,0/8388608,0
63800000,279272,71456128,19979696,0/8388608,0
63900000,279056,48743232,19991359,17152/8388608,17152
64000000,279512,91040664,20000284,0/8388608,0
64100000,279328,68323184,20012690,17152/8388608,17152
64200000,279768,110621584,20020933,0/8388608,0
64300000,279664,87905504,20033432,12864/8388608,17152
64400000,279496,65192736,20045804,0/8388608,0
64500000,280392,42478456,20063069,17152/8388608,17152
64600000,279736,84779096,20067126,0/8388608,0
64700000,280176,127078400,20075383,0/8388608,0
64800000,280576,39349616,20096842,17152/8388608,17152
64900000,281032,81648336,20105153,0/8388608,0
65000000,280816,58936048,20117535,17152/8388608,17152
65100000,281272,101234840,20126365,0/8388608,0
65200000,281056,78521384,20138769,12864/8388608,12864
65300000,281512,120819976,20147726,0/8388608,0
65400000,281440,98102800,20160252,17152/8388608,17152
65500000,281240,75388376,20172190,0/8388608,0
65600000,282136,52673040,20189249,0/8388608,0
65700000,281512,94974008,20193330,0/8388608,0
65800000,282408,72257024,20210574,0/8388608,0
65900000,282336,49541320,20223677,17152/8388608,17152
66000000,282776,91842712,20231975,0/8388608,0
66100000,282560,69127648,20244159,17152/8388608,17152
66200000,283016,111428144,20253062,0/8388608,0
66300000,282848,88713616,20265672,17152/8388608,17152
66400000,282760,65999376,20278874,0/8388608,0
66500000,283216,108300728,20287827,12864/8388608,12864
66600000,283016,85586360,20300076,0/8388608,0
66700000,283928,62868936,20317971,0/8388608,0
66800000,283288,105170936,20322160,0/8388608,0
66900000,284184,82457320,20339378,0/8388608,0
67000000,284128,59742808,20351963,17152/8388608,17152
67100000,284584,102040112,20360942,0/8388608,0
67200000,284368,79325280,20373170,17152/8388608,17152
67300000,284824,121627000,20382115,0/8388608,0
67400000,284656,98916424,20395158,17152/8388608,17152
67500000,285568,76202672,20413056,0/8388608,0
67600000,285480,53488672,20425526,17152/8388608,17152
67700000,284824,95788528,20429532,0/8388608,0
67800000,285736,73075264,20447376,0/8388608,0
67900000,285080,115377200,20451499,0/8388608,0
68000000,285992,92663328,20469464,0/8388608,0
68100000,285936,69947256,20482555,17152/8388608,17152
68200000,286392,112244024,20491543,0/8388608,0
68300000,286192,89529456,20503987,17152/8388608,12864
68400000,285992,66812128,20517520,0/8388608,0
68500000,286904,44096792,20535402,17152/8388608,17152
68600000,286376,86397056,20539596,0/8388608,0
68700000,287304,63681792,20558034,0/8388608,0
68800000,286632,105980128,20562083,0/8388608,0
68900000,287544,83264304,20579976,0/8388608,0
69000000,287392,60547880,20592967,17152/8388608,17152
69100000,287848,102846920,20601966,0/8388608,0
69200000,287776,80133144,20615009,17152/8388608,17152
69300000,288232,122428856,20624572,0/8388608,0
69400000,288032,99714192,20637507,17152/8388608,17152
69500000,287976,77000880,20650669,0/8388608,0
69600000,288888,54289552,20669038,0/8388608,0
69700000,288232,96588024,20673066,0/8388608,0
69800000,289144,73874344,20691735,0/8388608,0
69900000,288944,51158112,20704612,17152/8388608,17152
70000000,289400,93461720,20713544,0/8388608,0
70100000,289328,70746640,20727375,17152/8388608,17152
70200000,289784,113047520,20736314,0/8388608,0
70300000,289632,90336240,20749837,17152/8388608,17152
70400000,290544,67621800,20768257,0/8388608,0
70500000,290344,44908088,20781871,17152/8388608,17152
70600000,289816,87209552,33514604,0/8388608,0
70700000,290728,64497064,20804385,0/8388608,0
70800000,290544,41782000,20818132,17152/8388608,17152
70900000,291000,84083048,20827131,0/8388608,0
71000000,290832,61369912,20840760,12864/8388608,17152
71100000,291288,103666824,20850379,0/8388608,0
71200000,291232,80950320,20863958,17152/8388608,17152
71300000,291704,123250520,20872923,0/8388608,0
71400000,291520,100536392,20886560,17152/8388608,17152
71500000,291432,77822872,20900850,0/8388608,0
71600000,292360,55105456,20919373,0/8388608,0
71700000,291720,97405352,20923376,0/8388608,0
71800000,292648,74689504,20942554,0/8388608,0
71900000,292464,51975744,20956109,17152/8388608,17152
72000000,292936,94276984,20965642,0/8388608,0
72100000,292848,71563064,20979325,17152/8388608,17152
72200000,293304,113861088,20988841,0/8388608,0
72300000,293120,91147320,21002393,17152/8388608,17152
72400000,292936,68432672,21016699,0/8388608,0
72500000,293848,45718520,21035329,17152/8388608,17152
72600000,293352,88022568,21039554,0/8388608,0
72700000,294264,65307888,21058583,0/8388608,0
72800000,294096,42589992,21073372,17152/8388608,17152
72900000,294552,84890200,21083029,0/8388608,0
73000000,294480,62174608,21097370,12864/8388608,12864
73100000,294936,104474536,21106945,0/8388608,0
73200000,294768,81763696,21121164,12864/8388608,17152
73300000,295224,124063616,21130718,0/8388608,0
73400000,295056,101347216,21144965,17152/8388608,17152
73500000,295032,78633072,21159433,0/8388608,0
73600000,295944,55917776,21178545,0/8388608,0
73700000,295288,98218400,21183144,0/8388608,0
73800000,296200,75504928,21202827,0/8388608,0
73900000,296048,52786048,21217091,17152/8388608,17152
74000000,296520,95085040,21226727,0/8388608,0
74100000,296464,72372440,21241696,17152/8388608,17152
74200000,296920,114671728,21251246,0/8388608,0
74300000,296736,91959456,21265475,17152/8388608,17152
74400000,296712,69246080,21280509,0/8388608,0
74500000,297640,46528088,21299633,17152/8388608,17152
74600000,297000,88827728,21304796,0/8388608,0
74700000,297928,66115200,21324033,0/8388608,0
74800000,297304,108414544,21329299,0/8388608,0
74900000,298216,85701080,21348473,0/8388608,0
75000000,298160,62984392,21362848,17168/8388608,17168
75100000,298616,105285872,21372943,0/8388608,0
75200000,298448,82569288,21387788,17152/8388608,12864
75300000,298904,124869104,21397218,0/8388608,0
75400000,298864,102154792,21412183,17152/8388608,17152
75500000,298696,79439008,21427549,0/8388608,0
75600000,299608,56723272,21446712,0/8388608,0
75700000,299000,99022608,21452007,0/8388608,0
75800000,299912,76308128,21472266,0/8388608,0
75900000,299888,53593200,21486855,17152/8388608,17152
76000000,300360,95894360,21497031,0/8388608,0
76100000,300192,73182704,21512523,17152/8388608,17152
76200000,300648,115485304,21522099,0/8388608,0
76300000,300592,92770160,21537620,17152/8388608,17152
76400000,300472,70053952,21553048,0/8388608,0
76500000,301384,47338720,21572717,17152/8388608,12864
76600000,300744,89638264,35096689,0/8388608,0
76700000,301656,66926688,21597780,0/8388608,0
76800000,301632,44211384,21613124,17152/8388608,17152
76900000,302088,86512024,21623333,0/8388608,0
77000000,301952,63796120,21639272,17152/8388608,17152
77100000,302408,106096792,21650011,0/8388608,0
77200000,302368,83381648,21665515,17152/8388608,17152
77300000,302824,125682136,21675622,0/8388608,0
77400000,302688,102970296,21691591,17152/8388608,17152
77500000,302552,80252928,21707010,0/8388608,0
77600000,303464,57538112,21727999,0/8388608,0
77700000,302968,99838744,21733461,0/8388608,0
77800000,303880,77126368,21754402,0/8388608,0
77900000,303744,54409032,21770405,12864/8388608,17152
78000000,304200,96708288,21780516,0/8388608,0
78100000,304192,73992344,21796731,17168/8388608,17168
78200000,304648,116290840,21806852,0/8388608,0
78300000,304496,93575232,21823465,12864/8388608,12864
78400000,304504,70862528,21839555,0/8388608,0
78500000,305416,48146696,21860480,17152/8388608,17152
78600000,304808,90447536,21866387,0/8388608,0
78700000,305720,67733800,21887180,0/8388608,0
78800000,305584,45020392,21903989,17152/8388608,17152
78900000,306040,87322232,21913583,0/8388608,0
79000000,306048,64608584,21929830,17152/8388608,17152
79100000,306504,106906312,21940507,0/8388608,0
79200000,306352,84188904,21957101,17152/8388608,17152
79300000,306808,126488888,21967837,0/8388608,0
79400000,306800,103774456,21984641,17152/8388608,17152
79500000,306664,81060152,22001270,0/8388608,0
79600000,307592,58342512,22022261,0/8388608,0
79700000,307144,100641800,22028297,0/8388608,0
79800000,308056,77925864,22049819,0/8388608,0
79900000,307952,55212344,22067200,17152/8388608,17152
80000000,308408,97508912,22077957,0/8388608,0
80100000,308272,74797368,22095210,12864/8388608,12864
80200000,308728,117095208,22106021,0/8388608,0
80300000,308736,94377040,22123312,17152/8388608,17152
80400000,309680,71659600,22145515,0/8388608,0
80500000,309544,48944600,22162657,17152/8388608,17152
80600000,309080,91243616,22168654,0/8388608,0
80700000,310024,68527544,22190833,0/8388608,0
80800000,309952,45813640,22208756,17152/8388608,17152
80900000,310408,88114120,22219515,0/8388608,0
81000000,310384,65404640,22237569,17152/8388608,17152
81100000,310872,107702624,22248937,0/8388608,0
81200000,310736,84989960,22266266,17152/8388608,17152
81300000,311224,127291336,22277716,0/8388608,0
81400000,311720,39562800,22307226,17152/8388608,17152
81500000,311080,81864208,22313718,0/8388608,0
81600000,312056,59149624,22336543,0/8388608,0
81700000,311560,101448072,22343086,0/8388608,0
81800000,312536,78733744,22365832,0/8388608,0
81900000,312400,56016752,22384296,17152/8388608,17152
82000000,312888,98317824,22395649,0/8388608,0
82100000,312864,75605640,22414221,12864/8388608,17152
82200000,313368,117904008,22425522,0/8388608,0
82300000,313232,95189936,22443985,17152/8388608,17152
82400000,313112,72474464,22462485,0/8388608,0
82500000,314088,49759064,22485967,17152/8388608,17152
82600000,313576,92060104,22492650,0/8388608,0
82700000,314552,69343296,22516512,0/8388608,0
82800000,313928,111643328,22523655,0/8388608,0
82900000,314904,88930736,22547192,0/8388608,0
83000000,314928,66215704,22566629,17152/8388608,17152
83100000,315416,108515872,22578666,0/8388608,0
83200000,315296,85803128,22597726,17152/8388608,17152
83300000,315784,128101152,22609709,0/8388608,0
83400000,316280,40370896,22641615,17152/8388608,17152
83500000,315672,82671904,22648643,0/8388608,0
83600000,316664,59954216,22672719,0/8388608,0
83700000,316168,102255432,22680514,0/8388608,0
83800000,317160,79542208,22704563,0/8388608,0
83900000,317040,56826624,22724209,12864/8388608,17152
84000000,317528,99129184,22736737,0/8388608,0
84100000,317536,76413520,22756452,17152/8388608,17152
84200000,318024,118713736,22768402,0/8388608,0
84300000,317936,96000512,22788604,17152/8388608,17152
84400000,317960,73282528,22809175,0/8388608,0
84500000,318936,50566744,22833666,17152/8388608,17152
84600000,318472,92864888,22841485,0/8388608,0
84700000,319448,70150560,22867237,0/8388608,0
84800000,319328,47434744,22887516,17152/8388608,17152
84900000,319816,89735104,22900068,0/8388608,0
85000000,319872,67023056,22921226,12864/8388608,17152
85100000,320360,109319776,22933774,0/8388608,0
85200000,320288,86606016,22954770,17152/8388608,17152
85300000,320776,128907576,22967342,0/8388608,0
85400000,320800,106193064,22989121,17152/8388608,17152
85500000,320728,83476760,23010114,0/8388608,0
85600000,321720,60759224,23036641,17152/8388608,17152
85700000,321256,103059120,23045073,0/8388608,0
85800000,322232,80344368,23070819,0/8388608,0
85900000,322160,57629368,23092427,17152/8388608,12864
86000000,322680,99929496,23106309,0/8388608,0
86100000,322720,77215632,23127420,12864/8388608,12864
86200000,323208,119515344,23140739,0/8388608,0
86300000,323120,96802096,23162828,17152/8388608,17152
86400000,323192,74086296,23184963,0/8388608,0
86500000,324200,51371328,23212082,12864/8388608,17152
86600000,323768,93672152,23220548,0/8388608,0
86700000,324808,70959616,23247826,0/8388608,0
86800000,324720,48244368,23271040,12864/8388608,17152
86900000,325240,90546448,23284893,0/8388608,0
87000000,325280,67836592,23307648,12864/8388608,12864
87100000,325800,110133752,23321511,0/8388608,0
87200000,325712,87420512,23344902,17152/8388608,17152
87300000,326232,129718512,23358862,0/8388608,0
87400000,326304,107003016,23382232,12864/8388608,12864
87500000,327344,84289304,23410401,0/8388608,0
87600000,327272,61575560,23434198,17152/8388608,17152
87700000,327792,103874440,23447999,0/8388608,0
87800000,327848,81158880,23471933,17152/8388608,17152
87900000,327904,58444512,23496582,17152/8388608,17152
88000000,328440,100744648,23511013,0/8388608,0
88100000,328384,78028032,23535460,17152/8388608,12864
88200000,328904,120327368,23549903,0/8388608,0
88300000,328976,97614864,23574764,17152/8388608,17152
88400000,330016,74899616,23604865,0/8388608,0
88500000,330072,52181872,23630119,17152/8388608,17152
88600000,329496,94481736,23640163,0/8388608,0
88700000,330536,71767376,23670214,0/8388608,0
88800000,330640,49054184,23696077,17152/8388608,17152
88900000,331176,91356816,23711116,0/8388608,0
89000000,331264,68642120,23737549,17152/8388608,17152
89100000,331784,110941312,23752634,0/8388608,0
89200000,331744,88227424,23779180,17152/8388608,17152
89300000,332800,65513168,23811215,0/8388608,0
89400000,332904,42799368,23837777,17152/8388608,17152
89500000,332488,85098744,23848633,0/8388608,0
89600000,333528,62386768,23879844,0/8388608,0
89700000,333000,104686008,23891232,0/8388608,0
89800000,334072,81967944,23923864,0/8388608,0
89900000,334176,59253744,23951623,17152/8388608,12864
90000000,334712,101554104,23967461,0/8388608,0
90100000,334832,78837664,23995660,17152/8388608,17152
90200000,335368,121135432,24012086,0/8388608,0
90300000,335376,98422432,24041239,17152/8388608,17152
90400000,335496,75707944,24069538,0/8388608,0
90500000,336568,52989808,24103947,17152/8388608,17152
90600000,337104,95289216,24120755,0/8388608,0
90700000,337240,72573304,24150008,12864/8388608,12864
90800000,336856,114873464,40251502,0/8388608,0
90900000,337944,92161656,24197361,0/8388608,0
91000000,337936,69446280,24228052,12864/8388608,17152
91100000,338472,111744352,24245702,0/8388608,0
91200000,338656,89029520,24276518,17152/8388608,17152
91300000,339728,66318416,24312575,0/8388608,0
91400000,339864,43602904,24343974,17152/8388608,12864
91500000,340400,85903080,24362175,0/8388608,0
91600000,340632,63187624,24394383,17152/8388608,17152
91700000,340704,40472400,24426971,17152/8388608,17152
91800000,341272,82771456,24445728,0/8388608,0
91900000,341472,60055256,24478293,17152/8388608,17152
92000000,342040,102355080,24497663,0/8388608,0
92100000,342208,79638992,24530736,17152/8388608,17152
92200000,342776,121937024,24550220,0/8388608,0
92300000,342944,99222704,24584117,17152/8388608,17152
92400000,343144,76504264,41158674,0/8388608,0
92500000,344280,53788256,24657698,17152/8388608,17152
92600000,343912,96085744,24673470,0/8388608,0
92700000,345048,73373904,24714078,0/8388608,0
92800000,344584,115673640,24729716,0/8388608,0
92900000,345752,92959008,24770900,0/8388608,0
93000000,345984,70248480,24807185,17152/8388608,17152
93100000,346584,112547416,24828438,0/8388608,0
93200000,346864,89832192,24866559,17152/8388608,17152
93300000,348064,67118336,24909740,0/8388608,0
93400000,348296,44405720,24947549,17152/8388608,17152
93500000,348896,86703448,24970018,0/8388608,0
93600000,349112,63986344,25008936,17152/8388608,17152
93700000,349712,106287768,25031966,0/8388608,0
93800000,349976,83573408,25071740,17152/8388608,17152
93900000,350576,125874720,25094764,0/8388608,0
94000000,350904,103160088,25136492,0/8388608,0
94100000,351200,80446784,25178088,17152/8388608,17152
94200000,351832,122743688,25202317,0/8388608,0
94300000,352144,100028856,25245088,17152/8388608,17152
94400000,353408,77314888,25293575,0/8388608,0
94500000,353704,54598208,25338187,17152/8388608,17152
94600000,354336,96899920,25363117,0/8388608,0
94700000,354648,74181920,25408496,17152/8388608,17152
94800000,355296,116482200,25434415,0/8388608,0
94900000,355752,93768056,25481352,17152/8388608,17152
95000000,356096,71052992,25529823,12864/8388608,17152
95100000,356744,113350064,25556408,0/8388608,0
95200000,357136,90633872,25605878,17152/8388608,17152
95300000,358432,67922280,25661865,0/8388608,0
95400000,358856,45207128,25713288,17152/8388608,17152
95500000,359552,87503640,25741745,0/8388608,0
95600000,360008,64785976,25795165,17152/8388608,17152
95700000,360688,107087816,25824296,0/8388608,0
95800000,361208,84372888,25879437,17152/8388608,17152
95900000,361016,126673320,25905383,0/8388608,0
96000000,363152,38941280,26000008,0/8388608,0
96100000,362896,81239624,26026532,17152/8388608,17152
96200000,364464,58525360,26091594,0/8388608,0
96300000,365384,35809952,26153826,17152/8388608,17152
96400000,366256,78108288,26187400,0/8388608,0
96500000,366808,55392000,26252371,17152/8388608,17152
96600000,367680,97689680,26287344,0/8388608,0
96700000,368264,74976776,26352249,17152/8388608,17152
96800000,369152,117275000,26388724,0/8388608,0
96900000,369640,94562232,26457769,17152/8388608,17152
97000000,370352,71845648,26529409,17152/8388608,17152
97100000,372192,49132712,26609719,0/8388608,0
97200000,371920,91433696,26646904,17152/8388608,12864
97300000,373824,68719256,26731360,0/8388608,0
97400000,374648,46004312,26813968,17152/8388608,17152
97500000,375632,88303856,26859453,0/8388608,0
97600000,376440,65590824,26947077,17152/8388608,17152
97700000,377440,107889744,26994723,0/8388608,0
97800000,378328,85176312,27087111,17152/8388608,17152
97900000,379392,127474576,27137937,0/8388608,0
98000000,381536,39746672,27292012,17152/8388608,17152
98100000,381472,82044368,27342532,17152/8388608,17152
98200000,383760,59330904,27458363,0/8388608,0
98300000,385048,36619536,27575107,12864/8388608,12864
98400000,386256,78918672,27639026,0/8388608,0
98500000,387688,56202432,27768277,17152/8388608,17152
98600000,388976,98502704,27838773,0/8388608,0
98700000,390584,75787888,27979370,17152/8388608,17152
98800000,391968,118088488,28056602,0/8388608,0
98900000,393784,95376816,28216854,17152/8388608,17152
99000000,395936,72660320,28393527,17152/8388608,17152
99100000,399408,49945480,28593024,0/8388608,0
99200000,400400,92245712,28695167,17152/8388608,17152
99300000,404352,69528616,28931663,0/8388608,0
99400000,407464,46813432,29199318,17152/8388608,17152
99500000,409808,89113216,29352639,0/8388608,0
99600000,414312,66400144,29700131,17152/8388608,12864
99700000,417424,108700680,29907933,0/8388608,0
99800000,424344,85985472,30424060,17152/8388608,17152
99900000,429232,128285840,30766800,0/8388608,0
