opseq,index_size,memtable_size,sst_size,block_cache/block_cache_capacity,block_cache_pinned_usage
100,0,21088,0,0/8388608,0
200,0,37216,0,0/8388608,0
300,0,53312,0,0/8388608,0
400,0,69416,0,0/8388608,0
500,0,85488,0,0/8388608,0
600,0,101568,0,0/8388608,0
700,0,117664,0,0/8388608,0
800,0,133824,0,0/8388608,0
900,0,149904,0,0/8388608,0
1000,0,165928,0,0/8388608,0
1500,0,246384,0,0/8388608,0
2000,0,326832,0,0/8388608,0
2500,0,407424,0,0/8388608,0
3000,0,487872,0,0/8388608,0
3500,0,568360,0,0/8388608,0
4000,0,648992,0,0/8388608,0
4500,0,729584,0,0/8388608,0
5000,0,810144,0,0/8388608,0
6000,0,971280,0,0/8388608,0
7000,0,1132112,0,0/8388608,0
8000,0,1293104,0,0/8388608,0
9000,0,1454304,0,0/8388608,0
10000,0,1615440,0,0/8388608,0
15000,0,2420864,0,0/8388608,0
20000,0,3226032,0,0/8388608,0
25000,0,4032336,0,0/8388608,0
30000,0,4837392,0,0/8388608,0
35000,0,5642096,0,0/8388608,0
40000,0,6447344,0,0/8388608,0
45000,0,7253320,0,0/8388608,0
50000,0,8059056,0,0/8388608,0
60000,0,9674712,0,0/8388608,0
70000,0,11285464,0,0/8388608,0
80000,0,12895768,0,0/8388608,0
90000,0,14506024,0,0/8388608,0
100000,0,16116616,0,0/8388608,0
150000,0,24171352,0,0/8388608,0
200000,0,32229832,0,0/8388608,0
250000,0,40287496,0,0/8388608,0
300000,0,48344976,0,0/8388608,0
350000,0,56401640,0,0/8388608,0
400000,0,64458648,0,0/8388608,0
450000,0,72517192,0,0/8388608,0
500000,25656,15527672,838006,0/8388608,0
600000,25656,31635808,838006,0/8388608,0
700000,25656,47742928,838006,0/8388608,0
800000,25656,63850864,838006,0/8388608,0
900000,29856,14936312,970112,0/8388608,0
1000000,29856,31044608,970112,0/8388608,0
1100000,29856,47150696,970112,0/8388608,0
1200000,29856,63255640,970112,0/8388608,0
1300000,32536,14348920,1052899,0/8388608,0
1400000,32536,30457432,1052899,0/8388608,0
1500000,32536,46565960,1052899,0/8388608,0
1600000,32536,62671752,1052899,0/8388608,0
1700000,34720,13766088,1114851,0/8388608,0
1800000,33480,29873672,1049152,0/8388608,0
1900000,33480,45980504,1049152,0/8388608,0
2000000,33480,62087784,1049152,0/8388608,0
2100000,35264,13182528,1099183,0/8388608,0
2200000,35264,29289776,1099183,0/8388608,0
2300000,35264,45395984,1099183,0/8388608,0
2400000,35264,61502400,1099183,0/8388608,0
2500000,36824,12592312,1141557,0/8388608,0
2600000,36824,28699512,1141557,0/8388608,0
2700000,36824,44805976,1141557,0/8388608,0
2800000,36824,60914088,1141557,0/8388608,0
2900000,38304,12008584,1178878,0/8388608,0
3000000,38304,28114968,1178878,0/8388608,0
3100000,38304,44222168,1178878,0/8388608,0
3200000,38304,60326168,1178878,0/8388608,0
3300000,39608,11419624,1211581,0/8388608,0
3400000,37960,27526488,1197343,0/8388608,0
3500000,37960,43631352,1197343,0/8388608,0
3600000,37960,59738080,1197343,0/8388608,0
3700000,39232,10830480,1227120,0/8388608,0
3800000,39232,26937672,1227120,0/8388608,0
3900000,39232,43045112,1227120,0/8388608,0
4000000,39232,59152408,1227120,0/8388608,0
4100000,40344,10246056,1254410,0/8388608,0
4200000,40344,26353304,1254410,0/8388608,0
4300000,40344,42463072,1254410,0/8388608,0
4400000,40344,58569392,1254410,0/8388608,0
4500000,41424,9664712,1279500,0/8388608,0
4600000,41424,25769616,1279500,0/8388608,0
4700000,41424,41878976,1279500,0/8388608,0
4800000,41424,57986616,1279500,0/8388608,0
4900000,42488,9080360,1302790,0/8388608,0
5000000,40856,25186728,1292168,0/8388608,0
5100000,40856,41294496,1292168,0/8388608,0
5200000,40856,57400304,1292168,0/8388608,0
5300000,41936,8493384,1314075,0/8388608,0
5400000,41936,24601248,1314075,0/8388608,0
5500000,41936,40708240,1314075,0/8388608,0
5600000,41936,56814080,1314075,0/8388608,0
5700000,42968,7908888,1334996,0/8388608,0
5800000,42968,24015432,1334996,0/8388608,0
5900000,42968,40121296,1334996,0/8388608,0
6000000,42968,56228176,1334996,0/8388608,0
6100000,43872,7322072,1354533,0/8388608,0
6200000,43872,23430640,1354533,0/8388608,0
6300000,43872,39539104,1354533,0/8388608,0
6400000,43872,55648376,1354533,0/8388608,0
6500000,43872,71754096,1354533,0/8388608,0
6600000,43096,22845584,1364185,0/8388608,0
6700000,43096,38950064,1364185,0/8388608,0
6800000,43096,55058064,1364185,0/8388608,0
6900000,43096,71165552,1364185,0/8388608,0
7000000,43968,22256864,1382001,0/8388608,0
7100000,43968,38363408,1382001,0/8388608,0
7200000,43968,54470688,1382001,0/8388608,0
7300000,43968,70578680,1382001,0/8388608,0
7400000,44840,21670864,1399191,0/8388608,0
7500000,44840,37774720,1399191,0/8388608,0
7600000,44840,53882992,1399191,0/8388608,0
7700000,44840,69990336,1399191,0/8388608,0
7800000,45680,21084656,1415555,0/8388608,0
7900000,45680,37190608,1415555,0/8388608,0
8000000,45680,53295832,1415555,0/8388608,0
8100000,45680,69405088,1415555,0/8388608,0
8200000,44904,20497312,1423452,0/8388608,0
8300000,44904,36604368,1423452,0/8388608,0
8400000,44904,52710880,1423452,0/8388608,0
8500000,44904,68821192,1423452,0/8388608,0
8600000,45744,19912656,1438865,0/8388608,0
8700000,45744,36021120,1438865,0/8388608,0
8800000,45744,52126016,1438865,0/8388608,0
8900000,45744,68234184,1438865,0/8388608,0
9000000,46584,19328448,1453677,0/8388608,0
9100000,46584,35435264,1453677,0/8388608,0
9200000,46584,51542480,1453677,0/8388608,0
9300000,46584,67647968,1453677,0/8388608,0
9400000,47408,18742240,1468197,0/8388608,0
9500000,47408,34848104,1468197,0/8388608,0
9600000,47408,50955440,1468197,0/8388608,0
9700000,47408,67065400,1468197,0/8388608,0
9800000,46440,18157504,1474366,0/8388608,0
9900000,46440,34263856,1474366,0/8388608,0
10000000,46440,50370640,1474366,0/8388608,0
10100000,46440,66479928,1474366,0/8388608,0
10200000,47264,17571840,1488011,0/8388608,0
10300000,47264,33678864,1488011,0/8388608,0
10400000,47264,49785224,1488011,0/8388608,0
10500000,47264,65894192,1488011,0/8388608,0
10600000,48088,16984896,1501100,0/8388608,0
10700000,48088,33092680,1501100,0/8388608,0
10800000,48088,49199576,1501100,0/8388608,0
10900000,48088,65307144,1501100,0/8388608,0
11000000,48912,16398120,1514033,0/8388608,0
11100000,48912,32504776,1514033,0/8388608,0
11200000,48912,48611224,1514033,0/8388608,0
11300000,48912,64719064,1514033,0/8388608,0
11400000,49608,15811944,1526429,0/8388608,0
11500000,47800,31919048,1519134,0/8388608,0
11600000,47800,48025920,1519134,0/8388608,0
11700000,47800,64130608,1519134,0/8388608,0
11800000,48464,15223368,1531348,0/8388608,0
11900000,48464,31329528,1531348,0/8388608,0
12000000,48464,47436944,1531348,0/8388608,0
12100000,48464,63544280,1531348,0/8388608,0
12200000,49128,14637464,1543194,0/8388608,0
12300000,49128,30745400,1543194,0/8388608,0
12400000,49128,46850912,1543194,0/8388608,0
12500000,49128,62956064,1543194,0/8388608,0
12600000,49792,14049656,1554699,0/8388608,0
12700000,49792,30158456,1554699,0/8388608,0
12800000,49792,46265400,1554699,0/8388608,0
12900000,49792,62371224,1554699,0/8388608,0
13000000,50456,13467880,1566153,0/8388608,0
13100000,49096,29576608,1559635,0/8388608,0
13200000,49096,45684920,1559635,0/8388608,0
13300000,49096,61794456,1559635,0/8388608,0
13400000,49760,12886040,1570925,0/8388608,0
13500000,49760,28993496,1570925,0/8388608,0
13600000,49760,45102648,1570925,0/8388608,0
13700000,49760,61210712,1570925,0/8388608,0
13800000,50424,12304184,1582007,0/8388608,0
13900000,50424,28409232,1582007,0/8388608,0
14000000,50424,44517376,1582007,0/8388608,0
14100000,50424,60624704,1582007,0/8388608,0
14200000,51088,11718936,1592816,0/8388608,0
14300000,51088,27827720,1592816,0/8388608,0
14400000,51088,43933480,1592816,0/8388608,0
14500000,51088,60039048,1592816,0/8388608,0
14600000,51752,11132136,1603477,0/8388608,0
14700000,50248,27239856,1596902,0/8388608,0
14800000,50248,43345568,1596902,0/8388608,0
14900000,50248,59452088,1596902,0/8388608,0
15000000,50912,10546672,1607422,0/8388608,0
15100000,50912,26654440,1607422,0/8388608,0
15200000,50912,42762752,1607422,0/8388608,0
15300000,50912,58868496,1607422,0/8388608,0
15400000,51576,9959816,1617755,0/8388608,0
15500000,51576,26065872,1617755,0/8388608,0
15600000,51576,42171720,1617755,0/8388608,0
15700000,51576,58277376,1617755,0/8388608,0
15800000,52208,9371424,1627852,0/8388608,0
15900000,52208,25478336,1627852,0/8388608,0
16000000,52208,41583888,1627852,0/8388608,0
16100000,52208,57692800,1627852,0/8388608,0
16200000,52840,8787704,1637999,16320/8388608,20400
16300000,51208,24893216,1631374,0/8388608,0
16400000,51208,41000984,1631374,0/8388608,0
16500000,51208,57106256,1631374,0/8388608,0
16600000,51840,8197112,1641163,0/8388608,0
16700000,51840,24304336,1641163,0/8388608,0
16800000,51840,40409248,1641163,0/8388608,0
16900000,51840,56515408,1641163,0/8388608,0
17000000,52472,7610184,1650882,0/8388608,0
17100000,52472,23719648,1650882,0/8388608,0
17200000,52472,39825200,1650882,0/8388608,0
17300000,52472,55932784,1650882,0/8388608,0
17400000,52472,72038176,1650882,0/8388608,0
17500000,53104,23133232,1660421,0/8388608,0
17600000,53104,39242016,1660421,0/8388608,0
17700000,53104,55349696,1660421,0/8388608,0
17800000,53104,71458032,1660421,0/8388608,0
17900000,52264,22551776,1663642,0/8388608,0
18000000,52264,38657280,1663642,0/8388608,0
18100000,52264,54766384,1663642,0/8388608,0
18200000,52264,70876352,1663642,0/8388608,0
18300000,52896,21967880,1673018,0/8388608,0
18400000,52896,38074032,1673018,0/8388608,0
18500000,52896,54179632,1673018,0/8388608,0
18600000,52896,70287136,1673018,0/8388608,0
18700000,53528,21380400,1682257,0/8388608,0
18800000,53528,37485584,1682257,0/8388608,0
18900000,53528,53591592,1682257,0/8388608,0
19000000,53528,69700616,1682257,0/8388608,0
19100000,54160,20796224,1691436,0/8388608,0
19200000,54160,36901856,1691436,0/8388608,0
19300000,54160,53010080,1691436,0/8388608,0
19400000,54160,69119040,1691436,0/8388608,0
19500000,53160,20212856,1694181,0/8388608,0
19600000,53160,36319200,1694181,0/8388608,0
19700000,53160,52429984,1694181,0/8388608,0
19800000,53160,68536080,1694181,0/8388608,0
19900000,53792,19627888,1703148,0/8388608,0
20000000,53792,35735928,1703148,0/8388608,0
20100000,53792,51844112,1703148,0/8388608,0
20200000,53792,67951816,1703148,0/8388608,0
20300000,54424,19045296,1712105,0/8388608,0
20400000,54424,35150880,1712105,0/8388608,0
20500000,54424,51259416,1712105,0/8388608,0
20600000,54424,67364752,1712105,0/8388608,0
20700000,55056,18457672,1720887,0/8388608,0
20800000,55056,34563224,1720887,0/8388608,0
20900000,55056,50670984,1720887,0/8388608,0
21000000,55056,66777600,1720887,0/8388608,0
21100000,55688,17870800,1729435,0/8388608,0
21200000,54072,33978592,1723309,0/8388608,0
21300000,54072,50087160,1723309,0/8388608,0
21400000,54072,66193640,1723309,0/8388608,0
21500000,54704,17288144,1732008,0/8388608,0
21600000,54704,33395432,1732008,0/8388608,0
21700000,54704,49503864,1732008,0/8388608,0
21800000,54704,65610776,1732008,0/8388608,0
21900000,55336,16704056,1740350,0/8388608,0
22000000,55336,32810200,1740350,0/8388608,0
22100000,55336,48918600,1740350,0/8388608,0
22200000,55336,65024720,1740350,0/8388608,0
22300000,55968,16119320,1748794,0/8388608,0
22400000,55968,32226392,1748794,0/8388608,0
22500000,55968,48332856,1748794,0/8388608,0
22600000,55968,64440408,1748794,0/8388608,0
22700000,56600,15534056,1757102,0/8388608,0
22800000,54952,31642136,1750976,0/8388608,0
22900000,54952,47751512,1750976,0/8388608,0
23000000,54952,63857792,1750976,0/8388608,0
23100000,55584,14950144,1759306,0/8388608,0
23200000,55584,31058456,1759306,0/8388608,0
23300000,55584,47162288,1759306,0/8388608,0
23400000,55584,63268072,1759306,0/8388608,0
23500000,56216,14361832,1767415,0/8388608,0
23600000,56216,30468168,1767415,0/8388608,0
23700000,56216,46577360,1767415,0/8388608,0
23800000,56216,62683336,1767415,0/8388608,0
23900000,56848,13776640,1775511,0/8388608,0
24000000,56848,29884600,1775511,0/8388608,0
24100000,56848,45991544,1775511,0/8388608,0
24200000,56848,62100280,1775511,0/8388608,0
24300000,57480,13192600,1783630,0/8388608,0
24400000,55672,29299528,1777375,0/8388608,0
24500000,55672,45408656,1777375,0/8388608,0
24600000,55672,61515000,1777375,0/8388608,0
24700000,56304,12605976,1785252,0/8388608,0
24800000,56304,28714224,1785252,0/8388608,0
24900000,56304,44821672,1785252,0/8388608,0
25000000,56304,60928312,1785252,0/8388608,0
25100000,56936,12022552,1793263,0/8388608,0
25200000,56936,28128304,1793263,0/8388608,0
25300000,56936,44235928,1793263,0/8388608,0
25400000,56936,60344040,1793263,0/8388608,0
25500000,57552,11432992,1801050,0/8388608,0
25600000,57552,27541560,1801050,0/8388608,0
25700000,57552,43647368,1801050,0/8388608,0
25800000,57552,59755416,1801050,0/8388608,0
25900000,58168,10848736,1808928,0/8388608,0
26000000,56520,26955032,1803073,0/8388608,0
26100000,56520,43065176,1803073,0/8388608,0
26200000,56520,59172728,1803073,0/8388608,0
26300000,57152,10268008,1810834,0/8388608,0
26400000,57152,26373464,1810834,0/8388608,0
26500000,57152,42480568,1810834,0/8388608,0
26600000,57152,58585696,1810834,0/8388608,0
26700000,57768,9678520,1818514,0/8388608,0
26800000,57768,25782464,1818514,0/8388608,0
26900000,57768,41890136,1818514,0/8388608,0
27000000,57768,57996288,1818514,0/8388608,0
27100000,58384,9090552,1826274,0/8388608,0
27200000,58384,25197064,1826274,0/8388608,0
27300000,58384,41304400,1826274,0/8388608,0
27400000,58384,57411696,1826274,0/8388608,0
27500000,59000,8504088,1833899,20400/8388608,20400
27600000,57240,24611088,1827974,0/8388608,0
27700000,57240,40717296,1827974,0/8388608,0
27800000,57240,56823616,1827974,0/8388608,0
27900000,57856,7919320,1835540,0/8388608,0
28000000,57856,24026720,1835540,0/8388608,0
28100000,57856,40134992,1835540,0/8388608,0
28200000,57856,56242176,1835540,0/8388608,0
28300000,58472,7335208,1843157,0/8388608,0
28400000,58472,23442576,1843157,0/8388608,0
28500000,58472,39548192,1843157,0/8388608,0
28600000,58472,55656464,1843157,0/8388608,0
28700000,58472,71766208,1843157,0/8388608,0
28800000,59088,22859392,1850661,0/8388608,0
28900000,59088,38966096,1850661,0/8388608,0
29000000,59088,55073472,1850661,0/8388608,0
29100000,59088,71179144,1850661,0/8388608,0
29200000,58056,22269984,1852335,0/8388608,0
29300000,58056,38376960,1852335,0/8388608,0
29400000,58056,54480160,1852335,0/8388608,0
29500000,58056,70587552,1852335,0/8388608,0
29600000,58672,21681816,1859753,0/8388608,0
29700000,58672,37789520,1859753,0/8388608,0
29800000,58672,53897560,1859753,0/8388608,0
29900000,58672,70004760,1859753,0/8388608,0
30000000,59288,21098472,1867150,0/8388608,0
30100000,59288,37204128,1867150,0/8388608,0
30200000,59288,53310160,1867150,0/8388608,0
30300000,59288,69418480,1867150,0/8388608,0
30400000,59904,20510272,1874501,0/8388608,0
30500000,59904,36618256,1874501,0/8388608,0
30600000,59904,52726792,1874501,0/8388608,0
30700000,59904,68834592,1874501,0/8388608,0
30800000,58744,19926432,1876005,0/8388608,0
30900000,58744,36033936,1876005,0/8388608,0
31000000,58744,52141712,1876005,0/8388608,0
31100000,58744,68247744,1876005,0/8388608,0
31200000,59360,19343184,1883184,0/8388608,0
31300000,59360,35452344,1883184,0/8388608,0
31400000,59360,51558544,1883184,0/8388608,0
31500000,59360,67664728,1883184,0/8388608,0
31600000,59976,18757352,1890416,0/8388608,0
31700000,59976,34865912,1890416,0/8388608,0
31800000,59976,50970760,1890416,0/8388608,0
31900000,59976,67079312,1890416,0/8388608,0
32000000,60592,18172672,1897647,0/8388608,0
32100000,60592,34278976,1897647,0/8388608,0
32200000,60592,50386544,1897647,0/8388608,0
32300000,60592,66494520,1897647,0/8388608,0
32400000,61208,17588408,1904778,0/8388608,0
32500000,59416,33694816,1898918,0/8388608,0
32600000,59416,49801064,1898918,0/8388608,0
32700000,59416,65909416,1898918,0/8388608,0
32800000,60032,17002360,1905961,0/8388608,0
32900000,60032,33110120,1905961,0/8388608,0
33000000,60032,49216048,1905961,0/8388608,0
33100000,60032,65323776,1905961,0/8388608,0
33200000,60648,16417832,1913151,0/8388608,0
33300000,60648,32524432,1913151,0/8388608,0
33400000,60648,48632680,1913151,0/8388608,0
33500000,60648,64742784,1913151,0/8388608,0
33600000,61264,15839704,1920248,0/8388608,0
33700000,61264,31946512,1920248,0/8388608,0
33800000,61264,48055096,1920248,0/8388608,0
33900000,61264,64159320,1920248,0/8388608,0
34000000,61896,15253288,1927330,0/8388608,0
34100000,60104,31360648,1921519,0/8388608,0
34200000,60104,47468616,1921519,0/8388608,0
34300000,60104,63573448,1921519,0/8388608,0
34400000,60720,14664688,1928613,0/8388608,0
34500000,60720,30770264,1928613,0/8388608,0
34600000,60720,46875480,1928613,0/8388608,0
34700000,60720,62981720,1928613,0/8388608,0
34800000,61336,14075576,1935638,0/8388608,0
34900000,61336,30181016,1935638,0/8388608,0
35000000,61336,46286704,1935638,0/8388608,0
35100000,61336,62393400,1935638,0/8388608,0
35200000,61952,13486328,1942533,0/8388608,0
35300000,61952,29593672,1942533,0/8388608,0
35400000,61952,45699360,1942533,0/8388608,0
35500000,61952,61806760,1942533,0/8388608,0
35600000,62568,12902472,1949520,0/8388608,0
35700000,60760,29007752,1943675,0/8388608,0
35800000,60760,45115160,1943675,0/8388608,0
35900000,60760,61221080,1943675,0/8388608,0
36000000,61376,12313768,1950475,0/8388608,0
36100000,61376,28418600,1950475,0/8388608,0
36200000,61376,44525688,1950475,0/8388608,0
36300000,61376,60633888,1950475,0/8388608,0
36400000,61992,11726568,1957487,0/8388608,0
36500000,61992,27833176,1957487,0/8388608,0
36600000,61992,43939304,1957487,0/8388608,0
36700000,61992,60042568,1957487,0/8388608,0
36800000,62608,11135672,1964294,0/8388608,0
36900000,62608,27241528,1964294,0/8388608,0
37000000,62608,43348264,1964294,0/8388608,0
37100000,62608,59455560,1964294,0/8388608,0
37200000,63224,10547336,1971214,0/8388608,0
37300000,61432,26654024,1965495,0/8388608,0
37400000,61432,42759880,1965495,0/8388608,0
37500000,61432,58866392,1965495,0/8388608,0
37600000,62048,9959520,1972352,0/8388608,0
37700000,62048,26066504,1972352,0/8388608,0
37800000,62048,42172184,1972352,0/8388608,0
37900000,62048,58277280,1972352,0/8388608,0
38000000,62664,9372064,1979192,0/8388608,0
38100000,62664,25479240,1979192,0/8388608,0
38200000,62664,41586368,1979192,0/8388608,0
38300000,62664,57689920,1979192,0/8388608,0
38400000,63280,8781960,1986093,0/8388608,0
38500000,63280,24890704,1986093,0/8388608,0
38600000,63280,41000240,1986093,0/8388608,0
38700000,63280,57108736,1986093,0/8388608,0
38800000,63896,8203096,1992761,20416/8388608,20416
38900000,62088,24307920,1987018,0/8388608,0
39000000,62088,40414832,1987018,0/8388608,0
39100000,62088,56520888,1987018,0/8388608,0
39200000,62704,7614000,1993716,0/8388608,0
39300000,62704,23719584,1993716,0/8388608,0
39400000,62704,39827072,1993716,0/8388608,0
39500000,62704,55932808,1993716,0/8388608,0
39600000,63320,7027096,2000520,0/8388608,0
39700000,63320,23134624,2000520,0/8388608,0
39800000,63320,39240864,2000520,0/8388608,0
39900000,63320,55346048,2000520,0/8388608,0
40000000,63320,71456120,2000520,0/8388608,0
40100000,63936,22553008,2007159,0/8388608,0
40200000,63936,38659200,2007159,0/8388608,0
40300000,63936,54765248,2007159,0/8388608,0
40400000,63936,70873360,2007159,0/8388608,0
40500000,62760,21965088,2008084,0/8388608,0
40600000,62760,38073440,2008084,0/8388608,0
40700000,62760,54180352,2008084,0/8388608,0
40800000,62760,70288672,2008084,0/8388608,0
40900000,63376,21380176,2014681,0/8388608,0
41000000,63376,37488464,2014681,0/8388608,0
41100000,63376,53593384,2014681,0/8388608,0
41200000,63376,69702464,2014681,0/8388608,0
41300000,63992,20794424,2021296,0/8388608,0
41400000,63992,36900528,2021296,0/8388608,0
41500000,63992,53006208,2021296,0/8388608,0
41600000,63992,69112872,2021296,0/8388608,0
41700000,64608,20207488,2027980,0/8388608,0
41800000,64608,36314480,2027980,0/8388608,0
41900000,64608,52422768,2027980,0/8388608,0
42000000,64608,68529200,2027980,0/8388608,0
42100000,63416,19623664,2028875,0/8388608,0
42200000,63416,35729848,2028875,0/8388608,0
42300000,63416,51836576,2028875,0/8388608,0
42400000,63416,67943360,2028875,0/8388608,0
42500000,64032,19037712,2035482,0/8388608,0
42600000,64032,35142496,2035482,0/8388608,0
42700000,64032,51250480,2035482,0/8388608,0
42800000,64032,67357536,2035482,0/8388608,0
42900000,64648,18449280,2042082,0/8388608,0
43000000,64648,34554624,2042082,0/8388608,0
43100000,64648,50662960,2042082,0/8388608,0
43200000,64648,66768696,2042082,0/8388608,0
43300000,65264,17861552,2048695,0/8388608,0
43400000,65264,33968672,2048695,0/8388608,0
43500000,65264,50076520,2048695,0/8388608,0
43600000,65264,66185072,2048695,0/8388608,0
43700000,65880,17278400,2055270,0/8388608,0
43800000,64088,33383720,2049554,0/8388608,0
43900000,64088,49490216,2049554,0/8388608,0
44000000,64088,65597616,2049554,0/8388608,0
44100000,64704,16689528,2056192,0/8388608,0
44200000,64704,32796376,2056192,0/8388608,0
44300000,64704,48902600,2056192,0/8388608,0
44400000,64704,65009608,2056192,0/8388608,0
44500000,65320,16104968,2062800,0/8388608,0
44600000,65320,32210872,2062800,0/8388608,0
44700000,65320,48316536,2062800,0/8388608,0
44800000,65320,64422200,2062800,0/8388608,0
44900000,65936,15515128,2069395,0/8388608,0
45000000,65936,31621800,2069395,0/8388608,0
45100000,65936,47728440,2069395,0/8388608,0
45200000,65936,63834648,2069395,0/8388608,0
45300000,66552,14928088,2076010,0/8388608,0
45400000,64600,31033912,2070117,0/8388608,0
45500000,64600,47141112,2070117,0/8388608,0
45600000,64600,63247096,2070117,0/8388608,0
45700000,65216,14339320,2076633,0/8388608,0
45800000,65216,30448280,2076633,0/8388608,0
45900000,65216,46553416,2076633,0/8388608,0
46000000,65216,62660200,2076633,0/8388608,0
46100000,65832,13753496,2083248,0/8388608,0
46200000,65832,29858720,2083248,0/8388608,0
46300000,65832,45965944,2083248,0/8388608,0
46400000,65832,62071752,2083248,0/8388608,0
46500000,66448,13167000,2089821,0/8388608,0
46600000,66448,29274648,2089821,0/8388608,0
46700000,66448,45379928,2089821,0/8388608,0
46800000,66448,61486720,2089821,0/8388608,0
46900000,67064,12580456,2096457,0/8388608,0
47000000,65256,28689600,2090782,0/8388608,0
47100000,65256,44795896,2090782,0/8388608,0
47200000,65256,60904696,2090782,0/8388608,0
47300000,65872,11999096,2097366,0/8388608,0
47400000,65872,28107800,2097366,0/8388608,0
47500000,65872,44213400,2097366,0/8388608,0
47600000,65872,60322344,2097366,0/8388608,0
47700000,66488,11415080,2103821,0/8388608,0
47800000,66488,27525336,2103821,0/8388608,0
47900000,66488,43631784,2103821,0/8388608,0
48000000,66488,59739488,2103821,0/8388608,0
48100000,67104,10833528,2110410,0/8388608,0
48200000,67104,26940376,2110410,0/8388608,0
48300000,67104,43045992,2110410,0/8388608,0
48400000,67104,59153336,2110410,0/8388608,0
48500000,67720,10247128,2117004,20416/8388608,20416
48600000,65928,26353592,2111301,0/8388608,0
48700000,65928,42460344,2111301,0/8388608,0
48800000,65928,58568416,2111301,0/8388608,0
48900000,66544,9664064,2117836,0/8388608,0
49000000,66544,25770776,2117836,0/8388608,0
49100000,66544,41878176,2117836,0/8388608,0
49200000,66544,57987656,2117836,0/8388608,0
49300000,67160,9081320,2124471,0/8388608,0
49400000,67160,25188296,2124471,0/8388608,0
49500000,67160,41294088,2124471,0/8388608,0
49600000,67160,57399504,2124471,0/8388608,0
49700000,67776,8493064,2130956,0/8388608,0
49800000,67776,24600864,2130956,0/8388608,0
49900000,67776,40708536,2130956,0/8388608,0
50000000,67776,56816992,2130956,0/8388608,0
50100000,68392,7912520,2137616,20416/8388608,20416
50200000,66552,24019472,2131944,0/8388608,0
50300000,66552,40124560,2131944,0/8388608,0
50400000,66552,56232800,2131944,0/8388608,0
50500000,67168,7326200,2138429,0/8388608,0
50600000,67168,23430248,2138429,0/8388608,0
50700000,67168,39539664,2138429,0/8388608,0
50800000,67168,55648000,2138429,0/8388608,0
50900000,67168,71754304,2138429,0/8388608,0
51000000,67784,22846072,2144977,0/8388608,0
51100000,67784,38953680,2144977,0/8388608,0
51200000,67784,55059304,2144977,0/8388608,0
51300000,67784,71167216,2144977,0/8388608,0
51400000,68400,22259488,2151602,0/8388608,0
51500000,68400,38366400,2151602,0/8388608,0
51600000,68400,54472912,2151602,0/8388608,0
51700000,68400,70579504,2151602,0/8388608,0
51800000,67224,21674032,2152424,0/8388608,0
51900000,67224,37781680,2152424,0/8388608,0
52000000,67224,53887536,2152424,0/8388608,0
52100000,67224,69994256,2152424,0/8388608,0
52200000,67840,21088128,2158983,0/8388608,0
52300000,67840,37196232,2158983,0/8388608,0
52400000,67840,53304272,2158983,0/8388608,0
52500000,67840,69410000,2158983,0/8388608,0
52600000,68456,20500288,2165508,0/8388608,0
52700000,68456,36607136,2165508,0/8388608,0
52800000,68456,52714288,2165508,0/8388608,0
52900000,68456,68821832,2165508,0/8388608,0
53000000,69072,19914400,2172091,0/8388608,0
53100000,69072,36019848,2172091,0/8388608,0
53200000,69072,52124624,2172091,0/8388608,0
53300000,69072,68232936,2172091,0/8388608,0
53400000,67736,19326192,2172788,0/8388608,0
53500000,67736,35432728,2172788,0/8388608,0
53600000,67736,51539816,2172788,0/8388608,0
53700000,67736,67649824,2172788,0/8388608,0
53800000,68352,18744920,2179355,0/8388608,0
53900000,68352,34853808,2179355,0/8388608,0
54000000,68352,50961408,2179355,0/8388608,0
54100000,68352,67068176,2179355,0/8388608,0
54200000,68968,18162128,2185943,0/8388608,0
54300000,68968,34269488,2185943,0/8388608,0
54400000,68968,50377264,2185943,0/8388608,0
54500000,68968,66482472,2185943,0/8388608,0
54600000,69584,17575496,2192488,0/8388608,0
54700000,69584,33681944,2192488,0/8388608,0
54800000,69584,49788280,2192488,0/8388608,0
54900000,69584,65897616,2192488,0/8388608,0
55000000,70200,16988880,2199133,0/8388608,0
55100000,68408,33095720,2193452,0/8388608,0
55200000,68408,49202568,2193452,0/8388608,0
55300000,68408,65309800,2193452,0/8388608,0
55400000,69024,16403464,2199998,0/8388608,0
55500000,69024,32510816,2199998,0/8388608,0
55600000,69024,48616616,2199998,0/8388608,0
55700000,69024,64724280,2199998,0/8388608,0
55800000,69640,15815656,2206601,0/8388608,0
55900000,69640,31920536,2206601,0/8388608,0
56000000,69640,48027208,2206601,0/8388608,0
56100000,69640,64133936,2206601,0/8388608,0
56200000,70256,15227128,2213167,0/8388608,0
56300000,70256,31334152,2213167,0/8388608,0
56400000,70256,47439944,2213167,0/8388608,0
56500000,70256,63547088,2213167,0/8388608,0
56600000,70872,14640168,2219755,0/8388608,0
56700000,69064,30749688,2213983,0/8388608,0
56800000,69064,46857672,2213983,0/8388608,0
56900000,69064,62964104,2213983,0/8388608,0
57000000,69680,14057704,2220656,0/8388608,0
57100000,69680,30164392,2220656,0/8388608,0
57200000,69680,46269992,2220656,0/8388608,0
57300000,69680,62377168,2220656,0/8388608,0
57400000,70296,13472456,2227240,0/8388608,0
57500000,70296,29579880,2227240,0/8388608,0
57600000,70296,45685488,2227240,0/8388608,0
57700000,70296,61791656,2227240,0/8388608,0
57800000,70912,12886616,2233879,0/8388608,0
57900000,70912,28994096,2233879,0/8388608,0
58000000,70912,45098184,2233879,0/8388608,0
58100000,70912,61204600,2233879,0/8388608,0
58200000,71528,12299600,2240515,0/8388608,0
58300000,69736,28407112,2234850,0/8388608,0
58400000,69736,44513352,2234850,0/8388608,0
58500000,69736,60619712,2234850,0/8388608,0
58600000,70352,11712352,2241492,0/8388608,0
58700000,70352,27819352,2241492,0/8388608,0
58800000,70352,43923528,2241492,0/8388608,0
58900000,70352,60028168,2241492,0/8388608,0
59000000,70968,11122704,2248244,0/8388608,0
59100000,70968,27229832,2248244,0/8388608,0
59200000,70968,43335896,2248244,0/8388608,0
59300000,70968,59444264,2248244,0/8388608,0
59400000,71584,10537816,2254881,0/8388608,0
59500000,71584,26644152,2254881,0/8388608,0
59600000,71584,42753608,2254881,0/8388608,0
59700000,71584,58860232,2254881,0/8388608,0
59800000,72200,9955136,2261544,20416/8388608,20416
59900000,70408,26064968,2255829,0/8388608,0
60000000,70408,42171984,2255829,0/8388608,0
60100000,70408,58279208,2255829,0/8388608,0
60200000,71024,9371272,2262528,0/8388608,0
60300000,71024,25477864,2262528,0/8388608,0
60400000,71024,41585776,2262528,0/8388608,0
60500000,71024,57693896,2262528,0/8388608,0
60600000,71640,8787800,2269253,0/8388608,0
60700000,71640,24894400,2269253,0/8388608,0
60800000,71640,41001888,2269253,0/8388608,0
60900000,71640,57109312,2269253,0/8388608,0
61000000,72256,8202360,2275910,0/8388608,0
61100000,72256,24309536,2275910,0/8388608,0
61200000,72256,40415712,2275910,0/8388608,0
61300000,72256,56522656,2275910,0/8388608,0
61400000,72872,7614360,2282581,20416/8388608,20416
61500000,71080,23722112,2276928,0/8388608,0
61600000,71080,39828320,2276928,0/8388608,0
61700000,71080,55934360,2276928,0/8388608,0
61800000,71080,72040816,2276928,0/8388608,0
61900000,71696,23135536,2283703,0/8388608,0
62000000,71696,39242064,2283703,0/8388608,0
62100000,71696,55349872,2283703,0/8388608,0
62200000,71696,71458944,2283703,0/8388608,0
62300000,72312,22549360,2290550,0/8388608,0
62400000,72312,38656128,2290550,0/8388608,0
62500000,72312,54761440,2290550,0/8388608,0
62600000,72312,70867496,2290550,0/8388608,0
62700000,72928,21961672,2297407,0/8388608,0
62800000,72928,38068000,2297407,0/8388608,0
62900000,72928,54176048,2297407,0/8388608,0
63000000,72928,70282400,2297407,0/8388608,0
63100000,71752,21375872,2298445,0/8388608,0
63200000,71752,37482688,2298445,0/8388608,0
63300000,71752,53591664,2298445,0/8388608,0
63400000,71752,69698504,2298445,0/8388608,0
63500000,72384,20795024,2305246,0/8388608,0
63600000,72384,36903032,2305246,0/8388608,0
63700000,72384,53006816,2305246,0/8388608,0
63800000,72384,69114352,2305246,0/8388608,0
63900000,73000,20206648,2312165,0/8388608,0
64000000,73000,36310208,2312165,0/8388608,0
64100000,73000,52417088,2312165,0/8388608,0
64200000,73000,68522336,2312165,0/8388608,0
64300000,73616,19615232,2319211,0/8388608,0
64400000,73616,35721472,2319211,0/8388608,0
64500000,73616,51831248,2319211,0/8388608,0
64600000,73616,67941256,2319211,0/8388608,0
64700000,72424,19033664,2320430,0/8388608,0
64800000,72424,35141912,2320430,0/8388608,0
64900000,72424,51248592,2320430,0/8388608,0
65000000,72424,67355072,2320430,0/8388608,0
65100000,73040,18447704,2327392,0/8388608,0
65200000,73040,34554768,2327392,0/8388608,0
65300000,73040,50662976,2327392,0/8388608,0
65400000,73040,66769888,2327392,0/8388608,0
65500000,73656,17860672,2334297,0/8388608,0
65600000,73656,33966240,2334297,0/8388608,0
65700000,73656,50073864,2334297,0/8388608,0
65800000,73656,66180256,2334297,0/8388608,0
65900000,74272,17272240,2341307,0/8388608,0
66000000,74272,33378752,2341307,0/8388608,0
66100000,74272,49486904,2341307,0/8388608,0
66200000,74272,65593288,2341307,0/8388608,0
66300000,74888,16686792,2348328,0/8388608,0
66400000,73096,32794472,2342486,0/8388608,0
66500000,73096,48900312,2342486,0/8388608,0
66600000,73096,65005936,2342486,0/8388608,0
66700000,73712,16098664,2349546,0/8388608,0
66800000,73712,32207120,2349546,0/8388608,0
66900000,73712,48313848,2349546,0/8388608,0
67000000,73712,64421544,2349546,0/8388608,0
67100000,74328,15514664,2356606,0/8388608,0
67200000,74328,31623192,2356606,0/8388608,0
67300000,74328,47729768,2356606,0/8388608,0
67400000,74328,63836824,2356606,0/8388608,0
67500000,74944,14931512,2363721,0/8388608,0
67600000,74944,31039720,2363721,0/8388608,0
67700000,74944,47145880,2363721,0/8388608,0
67800000,74944,63254328,2363721,0/8388608,0
67900000,75576,14350352,2370915,0/8388608,0
68000000,73800,30457504,2365029,0/8388608,0
68100000,73800,46565592,2365029,0/8388608,0
68200000,73800,62670472,2365029,0/8388608,0
68300000,74416,13763400,2372227,0/8388608,0
68400000,74416,29872024,2372227,0/8388608,0
68500000,74416,45979432,2372227,0/8388608,0
68600000,74416,62086384,2372227,0/8388608,0
68700000,75032,13181000,2379274,0/8388608,0
68800000,75032,29285704,2379274,0/8388608,0
68900000,75032,45392240,2379274,0/8388608,0
69000000,75032,61500360,2379274,0/8388608,0
69100000,75648,12596296,2386490,0/8388608,0
69200000,75648,28702744,2386490,0/8388608,0
69300000,75648,44811568,2386490,0/8388608,0
69400000,75648,60919576,2386490,0/8388608,0
69500000,76264,12012792,2393594,0/8388608,0
69600000,74504,28119944,2387811,0/8388608,0
69700000,74504,44225576,2387811,0/8388608,0
69800000,74504,60331656,2387811,0/8388608,0
69900000,75120,11425944,2395082,0/8388608,0
70000000,75120,27533776,2395082,0/8388608,0
70100000,75120,43640168,2395082,0/8388608,0
70200000,75120,59747072,2395082,0/8388608,0
70300000,75736,10842152,2402417,0/8388608,0
70400000,75736,26950376,2402417,0/8388608,0
70500000,75736,43057256,2402417,0/8388608,0
70600000,75736,59164840,2402417,0/8388608,0
70700000,76352,10257224,2409779,0/8388608,0
70800000,76352,26363928,2409779,0/8388608,0
70900000,76352,42469848,2409779,0/8388608,0
71000000,76352,58574688,2409779,0/8388608,0
71100000,76968,9670616,2417193,20416/8388608,20416
71200000,75176,25779200,2411287,0/8388608,0
71300000,75176,41886128,2411287,0/8388608,0
71400000,75176,57991696,2411287,0/8388608,0
71500000,75792,9084200,2418708,0/8388608,0
71600000,75792,25190600,2418708,0/8388608,0
71700000,75792,41295936,2418708,0/8388608,0
71800000,75792,57403728,2418708,0/8388608,0
71900000,76408,8496232,2426200,0/8388608,0
72000000,76408,24604480,2426200,0/8388608,0
72100000,76408,40709608,2426200,0/8388608,0
72200000,76408,56814592,2426200,0/8388608,0
72300000,77024,7907384,2433747,0/8388608,0
72400000,77024,24015696,2433747,0/8388608,0
72500000,77024,40121632,2433747,0/8388608,0
72600000,77024,56229104,2433747,0/8388608,0
72700000,77640,7321992,2441335,20400/8388608,20400
72800000,75928,23430312,2435511,0/8388608,0
72900000,75928,39538096,2435511,0/8388608,0
73000000,75928,55643136,2435511,0/8388608,0
73100000,76544,6738792,2443098,0/8388608,0
73200000,76544,22845392,2443098,0/8388608,0
73300000,76544,38953424,2443098,0/8388608,0
73400000,76544,55062704,2443098,0/8388608,0
73500000,76544,71170816,2443098,0/8388608,0
73600000,77160,22263648,2450678,0/8388608,0
73700000,77160,38370960,2450678,0/8388608,0
73800000,77160,54474896,2450678,0/8388608,0
73900000,77160,70582720,2450678,0/8388608,0
74000000,77776,21675040,2458351,0/8388608,0
74100000,77776,37782352,2458351,0/8388608,0
74200000,77776,53887680,2458351,0/8388608,0
74300000,77776,69995792,2458351,0/8388608,0
74400000,76744,21088096,2460349,0/8388608,0
74500000,76744,37194576,2460349,0/8388608,0
74600000,76744,53300640,2460349,0/8388608,0
74700000,76744,69408384,2460349,0/8388608,0
74800000,77376,20501520,2468223,0/8388608,0
74900000,77376,36606400,2468223,0/8388608,0
75000000,77376,52711752,2468223,0/8388608,0
75100000,77376,68822368,2468223,0/8388608,0
75200000,78024,19918664,2476283,0/8388608,0
75300000,78024,36026528,2476283,0/8388608,0
75400000,78024,52132576,2476283,0/8388608,0
75500000,78024,68241016,2476283,0/8388608,0
75600000,78656,19332848,2484191,0/8388608,0
75700000,78656,35439632,2484191,0/8388608,0
75800000,78656,51544240,2484191,0/8388608,0
75900000,78656,67652944,2484191,0/8388608,0
76000000,77480,18745344,2486013,0/8388608,0
76100000,77480,34851408,2486013,0/8388608,0
76200000,77480,50959120,2486013,0/8388608,0
76300000,77480,67069264,2486013,0/8388608,0
76400000,78112,18163264,2494058,0/8388608,0
76500000,78112,34270208,2494058,0/8388608,0
76600000,78112,50378992,2494058,0/8388608,0
76700000,78112,66488304,2494058,0/8388608,0
76800000,78744,17581840,2502246,0/8388608,0
76900000,78744,33689056,2502246,0/8388608,0
77000000,78744,49795640,2502246,0/8388608,0
77100000,78744,65902144,2502246,0/8388608,0
77200000,79376,16993288,2510539,0/8388608,0
77300000,79376,33099928,2510539,0/8388608,0
77400000,79376,49205832,2510539,0/8388608,0
77500000,79376,65312248,2510539,0/8388608,0
77600000,80008,16405464,2518827,0/8388608,0
77700000,78360,32512672,2512827,0/8388608,0
77800000,78360,48618952,2512827,0/8388608,0
77900000,78360,64725560,2512827,0/8388608,0
78000000,78992,15819272,2521202,0/8388608,0
78100000,78992,31925848,2521202,0/8388608,0
78200000,78992,48030840,2521202,0/8388608,0
78300000,78992,64137736,2521202,0/8388608,0
78400000,79624,15229880,2529535,0/8388608,0
78500000,79624,31338472,2529535,0/8388608,0
78600000,79624,47445704,2529535,0/8388608,0
78700000,79624,63550216,2529535,0/8388608,0
78800000,80256,14645800,2538027,0/8388608,0
78900000,80256,30754072,2538027,0/8388608,0
79000000,80256,46860256,2538027,0/8388608,0
79100000,80256,62965720,2538027,0/8388608,0
79200000,80888,14059896,2546557,0/8388608,0
79300000,79256,30168080,2540483,0/8388608,0
79400000,79256,46275736,2540483,0/8388608,0
79500000,79256,62382064,2540483,0/8388608,0
79600000,79888,13479192,2549279,0/8388608,0
79700000,79888,29586272,2549279,0/8388608,0
79800000,79888,45692984,2549279,0/8388608,0
79900000,79888,61801432,2549279,0/8388608,0
80000000,80520,12892968,2558125,0/8388608,0
80100000,80520,28998920,2558125,0/8388608,0
80200000,80520,45106936,2558125,0/8388608,0
80300000,80520,61215816,2558125,0/8388608,0
80400000,81152,12307576,2566930,0/8388608,0
80500000,81152,28413704,2566930,0/8388608,0
80600000,81152,44518080,2566930,0/8388608,0
80700000,81152,60626296,2566930,0/8388608,0
80800000,81784,11720632,2575919,0/8388608,0
80900000,80152,27825512,2569798,0/8388608,0
81000000,80152,43932808,2569798,0/8388608,0
81100000,80152,60039160,2569798,0/8388608,0
81200000,80784,11131472,2578877,0/8388608,0
81300000,80784,27239080,2578877,0/8388608,0
81400000,80784,43344392,2578877,0/8388608,0
81500000,80784,59450216,2578877,0/8388608,0
81600000,81416,10543720,2588054,0/8388608,0
81700000,81416,26651992,2588054,0/8388608,0
81800000,81416,42758728,2588054,0/8388608,0
81900000,81416,58864760,2588054,0/8388608,0
82000000,82048,9958480,2597361,0/8388608,0
82100000,82048,26066248,2597361,0/8388608,0
82200000,82048,42172504,2597361,0/8388608,0
82300000,82048,58278288,2597361,0/8388608,0
82400000,82680,9370392,2606772,20400/8388608,20400
82500000,81096,25477272,2600548,0/8388608,0
82600000,81096,41583496,2600548,0/8388608,0
82700000,81096,57689664,2600548,0/8388608,0
82800000,81728,8780296,2610088,0/8388608,0
82900000,81728,24887832,2610088,0/8388608,0
83000000,81728,40995264,2610088,0/8388608,0
83100000,81728,57101056,2610088,0/8388608,0
83200000,82360,8193560,2619673,0/8388608,0
83300000,82360,24300400,2619673,0/8388608,0
83400000,82360,40407808,2619673,0/8388608,0
83500000,82360,56515088,2619673,0/8388608,0
83600000,82992,7608968,2629468,0/8388608,0
83700000,82992,23716176,2629468,0/8388608,0
83800000,82992,39822960,2629468,0/8388608,0
83900000,82992,55930384,2629468,0/8388608,0
84000000,82992,72034744,2629468,0/8388608,0
84100000,82040,23126784,2633033,0/8388608,0
84200000,82040,39236136,2633033,0/8388608,0
84300000,82040,55343008,2633033,0/8388608,0
84400000,82040,71450376,2633033,0/8388608,0
84500000,82672,22541936,2643023,0/8388608,0
84600000,82672,38649952,2643023,0/8388608,0
84700000,82672,54757152,2643023,0/8388608,0
84800000,82672,70865112,2643023,0/8388608,0
84900000,83336,21955856,2653193,0/8388608,0
85000000,83336,38062304,2653193,0/8388608,0
85100000,83336,54170400,2653193,0/8388608,0
85200000,83336,70278624,2653193,0/8388608,0
85300000,84000,21374240,2663620,0/8388608,0
85400000,84000,37481568,2663620,0/8388608,0
85500000,84000,53589600,2663620,0/8388608,0
85600000,84000,69695528,2663620,0/8388608,0
85700000,83144,20789024,2667803,0/8388608,0
85800000,83144,36896336,2667803,0/8388608,0
85900000,83144,53002936,2667803,0/8388608,0
86000000,83144,69110936,2667803,0/8388608,0
86100000,83808,20203008,2678512,0/8388608,0
86200000,83808,36309616,2678512,0/8388608,0
86300000,83808,52414112,2678512,0/8388608,0
86400000,83808,68522584,2678512,0/8388608,0
86500000,84472,19615296,2689385,0/8388608,0
86600000,84472,35720528,2689385,0/8388608,0
86700000,84472,51825392,2689385,0/8388608,0
86800000,84472,67934840,2689385,0/8388608,0
86900000,85136,19027984,2700408,0/8388608,0
87000000,85136,35136152,2700408,0/8388608,0
87100000,85136,51243216,2700408,0/8388608,0
87200000,85136,67350784,2700408,0/8388608,0
87300000,85800,18443024,2711752,0/8388608,0
87400000,84280,34550768,2705153,0/8388608,0
87500000,84280,50656640,2705153,0/8388608,0
87600000,84280,66762904,2705153,0/8388608,0
87700000,84960,17858720,2716781,0/8388608,0
87800000,84960,33964288,2716781,0/8388608,0
87900000,84960,50069432,2716781,0/8388608,0
88000000,84960,66178128,2716781,0/8388608,0
88100000,85624,17272240,2728369,0/8388608,0
88200000,85624,33379360,2728369,0/8388608,0
88300000,85624,49485368,2728369,0/8388608,0
88400000,85624,65592720,2728369,0/8388608,0
88500000,86288,16686344,2740561,0/8388608,0
88600000,86288,32793960,2740561,0/8388608,0
88700000,86288,48902744,2740561,0/8388608,0
88800000,86288,65010808,2740561,0/8388608,0
88900000,86952,16104024,2752818,0/8388608,0
89000000,85592,32211608,2746312,0/8388608,0
89100000,85592,48317896,2746312,0/8388608,0
89200000,85592,64425288,2746312,0/8388608,0
89300000,86288,15521384,2758909,0/8388608,0
89400000,86288,31628248,2758909,0/8388608,0
89500000,86288,47736800,2758909,0/8388608,0
89600000,86288,63841928,2758909,0/8388608,0
89700000,87112,14935848,2771944,0/8388608,0
89800000,87112,31039992,2771944,0/8388608,0
89900000,87112,47149064,2771944,0/8388608,0
90000000,87112,63255832,2771944,0/8388608,0
90100000,87936,14348312,2785252,0/8388608,0
90200000,87936,30456136,2785252,0/8388608,0
90300000,87936,46564616,2785252,0/8388608,0
90400000,87936,62673000,2785252,0/8388608,0
90500000,88760,13766792,2799065,0/8388608,0
90600000,87000,29876128,2791841,0/8388608,0
90700000,87000,45983192,2791841,0/8388608,0
90800000,87000,62090136,2791841,0/8388608,0
90900000,87824,13183320,2805994,0/8388608,0
91000000,87824,29292096,2805994,0/8388608,0
91100000,87824,45399984,2805994,0/8388608,0
91200000,87824,61508504,2805994,0/8388608,0
91300000,88648,12603000,2820552,0/8388608,0
91400000,88648,28710120,2820552,0/8388608,0
91500000,88648,44820136,2820552,0/8388608,0
91600000,88648,60926744,2820552,0/8388608,0
91700000,89488,12017424,2835572,0/8388608,0
91800000,89488,28124232,2835572,0/8388608,0
91900000,89488,44233272,2835572,0/8388608,0
92000000,89488,60340664,2835572,0/8388608,0
92100000,90328,11433432,2851112,0/8388608,0
92200000,88584,27541168,2843269,0/8388608,0
92300000,88584,43645864,2843269,0/8388608,0
92400000,88584,59751936,2843269,0/8388608,0
92500000,89424,10845864,2859293,0/8388608,0
92600000,89424,26951848,2859293,0/8388608,0
92700000,89424,43057960,2859293,0/8388608,0
92800000,89424,59162552,2859293,0/8388608,0
92900000,90264,10256136,2875898,0/8388608,0
93000000,90264,26360360,2875898,0/8388608,0
93100000,90264,42469496,2875898,0/8388608,0
93200000,90264,58577536,2875898,0/8388608,0
93300000,91136,9672648,2893206,0/8388608,0
93400000,91136,25781928,2893206,0/8388608,0
93500000,91136,41889744,2893206,0/8388608,0
93600000,91136,57997584,2893206,0/8388608,0
93700000,92008,9089096,2911114,20400/8388608,20400
93800000,90392,25198968,2902911,0/8388608,0
93900000,90392,41304688,2902911,0/8388608,0
94000000,90392,57411296,2902911,0/8388608,0
94100000,91264,8504552,2921803,0/8388608,0
94200000,91264,24611296,2921803,0/8388608,0
94300000,91264,40717336,2921803,0/8388608,0
94400000,91264,56822096,2921803,0/8388608,0
94500000,92168,7915768,2941654,0/8388608,0
94600000,92168,24024080,2941654,0/8388608,0
94700000,92168,40130752,2941654,0/8388608,0
94800000,92168,56238280,2941654,0/8388608,0
94900000,92168,72346656,2941654,0/8388608,0
95000000,93200,23438112,2962705,0/8388608,0
95100000,93200,39545072,2962705,0/8388608,0
95200000,93200,55648640,2962705,0/8388608,0
95300000,94264,6741048,2985225,20400/8388608,16320
95400000,92696,22848592,2976213,0/8388608,0
95500000,92696,38957712,2976213,0/8388608,0
95600000,92696,55063648,2976213,0/8388608,0
95700000,92696,71171160,2976213,0/8388608,0
95800000,93776,22262936,2999831,0/8388608,0
95900000,93776,38370520,2999831,0/8388608,0
96000000,93776,54476608,2999831,0/8388608,0
96100000,93776,70585096,2999831,0/8388608,0
96200000,94856,21676960,3025524,0/8388608,0
96300000,94856,37785056,3025524,0/8388608,0
96400000,94856,53894416,3025524,0/8388608,0
96500000,94856,70002416,3025524,0/8388608,0
96600000,95968,21093640,3053086,0/8388608,0
96700000,95968,37200816,3053086,0/8388608,0
96800000,95968,53306048,3053086,0/8388608,0
96900000,95968,69414808,3053086,0/8388608,0
97000000,95656,20509328,3072759,0/8388608,0
97100000,95656,36618016,3072759,0/8388608,0
97200000,95656,52726240,3072759,0/8388608,0
97300000,95656,68832976,3072759,0/8388608,0
97400000,96992,19925072,3106663,0/8388608,0
97500000,96992,36031776,3106663,0/8388608,0
97600000,96992,52138160,3106663,0/8388608,0
97700000,96992,68245592,3106663,0/8388608,0
97800000,98504,19338384,3144730,0/8388608,0
97900000,98504,35443944,3144730,0/8388608,0
98000000,98504,51549936,3144730,0/8388608,0
98100000,98504,67657704,3144730,0/8388608,0
98200000,100064,18749880,3188786,0/8388608,0
98300000,100064,34854704,3188786,0/8388608,0
98400000,100064,50960736,3188786,0/8388608,0
98500000,100064,67067160,3188786,0/8388608,0
98600000,101992,18160624,3241724,0/8388608,0
98700000,100440,34268224,3226843,0/8388608,0
98800000,100440,50374944,3226843,0/8388608,0
98900000,100440,66478880,3226843,0/8388608,0
99000000,102672,17570864,3293181,0/8388608,0
99100000,102672,33676792,3293181,0/8388608,0
99200000,102672,49783192,3293181,0/8388608,0
99300000,102672,65890096,3293181,0/8388608,0
99400000,105720,16982480,3384315,0/8388608,0
99500000,105720,33088616,3384315,0/8388608,0
99600000,105720,49196064,3384315,0/8388608,0
99700000,105720,65303464,3384315,0/8388608,0
99800000,110624,16396656,3542480,0/8388608,0
99900000,110624,32505112,3542480,0/8388608,0
